"Marca","Nome","Ano_Modelo","Combustível","Preço","Cilindradas","Cambio"
"Acura","Legend","1998","Gasoline",27942,3.2,"Med"
"Acura","Legend","1997","Gasoline",23392,3.2,"Med"
"Acura","Legend","1996","Gasoline",22682,3.2,"Med"
"Acura","Legend","1995","Gasoline",20648,3.2,"Med"
"Acura","Legend","1994","Gasoline",18343,3.2,"Med"
"Acura","Legend","1993","Gasoline",16563,3.2,"Med"
"Acura","Legend","1992","Gasoline",15331,3.2,"Med"
"Acura","Legend","1991","Gasoline",14693,3.2,"Med"
"Acura","NSX","1995","Gasoline",43622,3,"Med"
"Acura","NSX","1994","Gasoline",42154,3,"Med"
"Acura","NSX","1993","Gasoline",40809,3,"Med"
"Acura","NSX","1992","Gasoline",39374,3,"Med"
"Acura","NSX","1991","Gasoline",37337,3,"Med"
"Agrale","MARRUÁ","2007","Diesel",53039,2.8,"Med"
"Agrale","MARRUÁ","2006","Diesel",48916,2.8,"Med"
"Agrale","MARRUÁ","2005","Diesel",43711,2.8,"Med"
"Agrale","MARRUÁ","2004","Diesel",40179,2.8,"Med"
"Agrale","MARRUÁ","2015","Diesel",122753,2.8,"Med"
"Agrale","MARRUÁ","2014","Diesel",115645,2.8,"Med"
"Agrale","MARRUÁ","2013","Diesel",108311,2.8,"Med"
"Agrale","MARRUÁ","2012","Diesel",98196,2.8,"Med"
"Agrale","MARRUÁ","2011","Diesel",74786,2.8,"Med"
"Agrale","MARRUÁ","2010","Diesel",57843,2.8,"Med"
"Agrale","MARRUÁ","2009","Diesel",50915,2.8,"Med"
"Agrale","MARRUÁ","2008","Diesel",48647,2.8,"Med"
"Agrale","MARRUÁ","2015","Diesel",128541,2.8,"Med"
"Agrale","MARRUÁ","2014","Diesel",120428,2.8,"Med"
"Agrale","MARRUÁ","2013","Diesel",111435,2.8,"Med"
"Agrale","MARRUÁ","2012","Diesel",102199,2.8,"Med"
"Agrale","MARRUÁ","2011","Diesel",90798,2.8,"Med"
"Agrale","MARRUÁ","2010","Diesel",63265,2.8,"Med"
"Agrale","MARRUÁ","2009","Diesel",58389,2.8,"Med"
"Agrale","MARRUÁ","2008","Diesel",56467,2.8,"Med"
"Agrale","MARRUÁ","2007","Diesel",53346,2.8,"Med"
"Agrale","MARRUÁ","2015","Diesel",123323,2.8,"Med"
"Agrale","MARRUÁ","2014","Diesel",119349,2.8,"Med"
"Agrale","MARRUÁ","2013","Diesel",112122,2.8,"Med"
"Agrale","MARRUÁ","2012","Diesel",98058,2.8,"Med"
"Agrale","MARRUÁ","2011","Diesel",81915,2.8,"Med"
"Agrale","MARRUÁ","2010","Diesel",61204,2.8,"Med"
"Agrale","MARRUÁ","2009","Diesel",56614,2.8,"Med"
"Agrale","MARRUÁ","2008","Diesel",53644,2.8,"Med"
"Agrale","MARRUÁ","2015","Diesel",136434,2.8,"Med"
"Agrale","MARRUÁ","2014","Diesel",128835,2.8,"Med"
"Agrale","MARRUÁ","2013","Diesel",122250,2.8,"Med"
"Agrale","MARRUÁ","2012","Diesel",117129,2.8,"Med"
"Agrale","MARRUÁ","2011","Diesel",90192,2.8,"Med"
"Agrale","MARRUÁ","2010","Diesel",69771,2.8,"Med"
"Agrale","MARRUÁ","2009","Diesel",64250,2.8,"Med"
"Agrale","MARRUÁ","2008","Diesel",62258,2.8,"Med"
"Agrale","MARRUÁ","Zero KM","Diesel",215700,2.8,"Med"
"Agrale","MARRUÁ","2018","Diesel",182995,2.8,"Med"
"Agrale","MARRUÁ","2017","Diesel",171963,2.8,"Med"
"Agrale","MARRUÁ","2016","Diesel",162407,2.8,"Med"
"Agrale","MARRUÁ","2015","Diesel",139075,2.8,"Med"
"Agrale","MARRUÁ","2014","Diesel",131340,2.8,"Med"
"Agrale","MARRUÁ","2013","Diesel",124383,2.8,"Med"
"Agrale","MARRUÁ","2012","Diesel",119176,2.8,"Med"
"Agrale","MARRUÁ","2011","Diesel",92300,2.8,"Med"
"Agrale","MARRUÁ","2010","Diesel",79477,2.8,"Med"
"Agrale","MARRUÁ","2009","Diesel",74845,2.8,"Med"
"Agrale","MARRUÁ","2008","Diesel",72495,2.8,"Med"
"Agrale","MARRUÁ","Zero KM","Diesel",196900,2.8,"Med"
"Agrale","MARRUÁ","2018","Diesel",167234,2.8,"Med"
"Agrale","MARRUÁ","2017","Diesel",155854,2.8,"Med"
"Agrale","MARRUÁ","2016","Diesel",147800,2.8,"Med"
"Agrale","MARRUÁ","2015","Diesel",123122,2.8,"Med"
"Agrale","MARRUÁ","2014","Diesel",116818,2.8,"Med"
"Agrale","MARRUÁ","2013","Diesel",109580,2.8,"Med"
"Agrale","MARRUÁ","2012","Diesel",98876,2.8,"Med"
"Agrale","MARRUÁ","2011","Diesel",82017,2.8,"Med"
"Agrale","MARRUÁ","2010","Diesel",63370,2.8,"Med"
"Agrale","MARRUÁ","2009","Diesel",59778,2.8,"Med"
"Agrale","MARRUÁ","2008","Diesel",55228,2.8,"Med"
"Agrale","MARRUÁ","2007","Diesel",53526,2.8,"Med"
"Agrale","MARRUÁ","2011","Diesel",75928,2.8,"Med"
"Agrale","MARRUÁ","2010","Diesel",73568,2.8,"Med"
"Agrale","MARRUÁ","2009","Diesel",66746,2.8,"Med"
"Agrale","MARRUÁ","2008","Diesel",63301,2.8,"Med"
"Alfa Romeo","145","1999","Gasoline",13272,1.7,"Med"
"Alfa Romeo","145","1998","Gasoline",12745,1.7,"Med"
"Alfa Romeo","145","1997","Gasoline",9521,1.7,"Med"
"Alfa Romeo","145","1996","Gasoline",8558,1.7,"Med"
"Alfa Romeo","145","1998","Gasoline",13622,2,"Med"
"Alfa Romeo","145","1997","Gasoline",11618,2,"Med"
"Alfa Romeo","145","1996","Gasoline",11212,2,"Med"
"Alfa Romeo","145","1995","Gasoline",9064,2,"Med"
"Alfa Romeo","145","1999","Gasoline",14297,2,"Med"
"Alfa Romeo","145","1998","Gasoline",13754,2,"Med"
"Alfa Romeo","145","1997","Gasoline",12447,2,"Med"
"Alfa Romeo","145","1996","Gasoline",12078,2,"Med"
"Alfa Romeo","147","2005","Gasoline",52609,2,"Med"
"Alfa Romeo","147","2004","Gasoline",42456,2,"Med"
"Alfa Romeo","147","2003","Gasoline",36547,2,"Med"
"Alfa Romeo","156","2003","Gasoline",48033,2.5,"Aut"
"Alfa Romeo","156","1999","Gasoline",27018,2.5,"Aut"
"Alfa Romeo","156","2002","Gasoline",27158,2,"Med"
"Alfa Romeo","156","2001","Gasoline",25466,2,"Med"
"Alfa Romeo","156","2004","Gasoline",39450,2.5,"Aut"
"Alfa Romeo","156","2003","Gasoline",37388,2.5,"Aut"
"Alfa Romeo","156","2002","Gasoline",26634,2,"Med"
"Alfa Romeo","156","2001","Gasoline",24124,2,"Med"
"Alfa Romeo","156","2000","Gasoline",23373,2,"Med"
"Alfa Romeo","156","1999","Gasoline",21913,2,"Med"
"Alfa Romeo","164","1996","Gasoline",12738,3,"Med"
"Alfa Romeo","164","1995","Gasoline",12256,3,"Med"
"Alfa Romeo","164","1994","Gasoline",11836,3,"Med"
"Alfa Romeo","164","1993","Gasoline",8604,3,"Med"
"Alfa Romeo","164","1992","Gasoline",7823,3,"Med"
"Alfa Romeo","164","1991","Gasoline",7589,3,"Med"
"Alfa Romeo","166","2003","Gasoline",50447,3,"Med"
"Alfa Romeo","166","2002","Gasoline",44482,3,"Med"
"Alfa Romeo","166","2001","Gasoline",38021,3,"Med"
"Alfa Romeo","166","2000","Gasoline",36567,3,"Med"
"Alfa Romeo","166","1999","Gasoline",35471,3,"Med"
"Alfa Romeo","Spider","1997","Gasoline",65297,2,"Med"
"Alfa Romeo","Spider","1996","Gasoline",59670,2,"Med"
"Alfa Romeo","Spider","1995","Gasoline",41775,2,"Med"
"Alfa Romeo","Spider","1993","Gasoline",19676,2,"Med"
"Alfa Romeo","Spider","1992","Gasoline",17571,2,"Med"
"Alfa Romeo","Spider","1991","Gasoline",14433,2,"Med"
"AM Gen","Hummer","2000","Diesel",239216,6.5,"Med"
"AM Gen","Hummer","1999","Diesel",203378,6.5,"Med"
"AM Gen","Hummer","1998","Diesel",192570,6.5,"Med"
"AM Gen","Hummer","2000","Diesel",231894,6.5,"Med"
"AM Gen","Hummer","1999","Diesel",193820,6.5,"Med"
"AM Gen","Hummer","1998","Diesel",166440,6.5,"Med"
"AM Gen","Hummer","2000","Diesel",284115,6.5,"Med"
"AM Gen","Hummer","1999","Diesel",228299,6.5,"Med"
"AM Gen","Hummer","1998","Diesel",204531,6.5,"Med"
"Asia Motors","AM-825","1998","Diesel",25621,4,"Med"
"Asia Motors","AM-825","1997","Diesel",23064,4,"Med"
"Asia Motors","AM-825","1996","Diesel",21384,4,"Med"
"Asia Motors","AM-825","1995","Diesel",19817,4,"Med"
"Asia Motors","AM-825","1994","Diesel",18913,4,"Med"
"Asia Motors","AM-825","1998","Diesel",30390,4,"Med"
"Asia Motors","AM-825","1997","Diesel",23627,4,"Med"
"Asia Motors","AM-825","1996","Diesel",22884,4,"Med"
"Asia Motors","AM-825","1995","Diesel",21969,4,"Med"
"Asia Motors","AM-825","1994","Diesel",20947,4,"Med"
"Asia Motors","Hi-Topic","1997","Diesel",13780,2.7,"Med"
"Asia Motors","Hi-Topic","1996","Diesel",13286,2.7,"Med"
"Asia Motors","Hi-Topic","1995","Diesel",12718,2.7,"Med"
"Asia Motors","Hi-Topic","1994","Diesel",9549,2.7,"Med"
"Asia Motors","Jipe","1995","Diesel",20654,2.2,"Med"
"Asia Motors","Jipe","1994","Diesel",19938,2.2,"Med"
"Asia Motors","Topic","1999","Diesel",17187,2.7,"Med"
"Asia Motors","Topic","1998","Diesel",14345,2.7,"Med"
"Asia Motors","Topic","1997","Diesel",13393,2.7,"Med"
"ASTON MARTIN","DB9","2016","Gasoline",1395610,6,"Med"
"ASTON MARTIN","DB9","2014","Gasoline",1001577,6,"Med"
"ASTON MARTIN","DB9","2011","Gasoline",539684,6,"Med"
"ASTON MARTIN","Rapide","2012","Gasoline",778089,6,"Med"
"ASTON MARTIN","Rapide","2011","Gasoline",598363,6,"Med"
"ASTON MARTIN","Rapide","2016","Gasoline",1502297,6,"Med"
"ASTON MARTIN","Rapide","2014","Gasoline",1187429,6,"Med"
"ASTON MARTIN","Vanquish","2016","Gasoline",1891935,6,"Med"
"ASTON MARTIN","Vanquish","2014","Gasoline",1435823,6,"Med"
"ASTON MARTIN","Vantage","2012","Gasoline",593340,6,"Med"
"ASTON MARTIN","Vantage","2016","Gasoline",712806,4.7,"Med"
"ASTON MARTIN","Vantage","2014","Gasoline",634210,4.7,"Med"
"ASTON MARTIN","Vantage","2012","Gasoline",436836,4.7,"Med"
"ASTON MARTIN","Vantage","2011","Gasoline",326747,4.7,"Med"
"ASTON MARTIN","Vantage","2011","Gasoline",380775,4.7,"Med"
"ASTON MARTIN","Vantage","2010","Gasoline",335698,4.7,"Med"
"ASTON MARTIN","Vantage","2016","Gasoline",1213778,6,"Med"
"ASTON MARTIN","Vantage","2015","Gasoline",1015495,6,"Med"
"ASTON MARTIN","Vantage","2012","Gasoline",460065,4.7,"Med"
"ASTON MARTIN","Virage","2012","Gasoline",595907,6,"Med"
"Audi","100","1995","Gasoline",13772,2.8,"Med"
"Audi","100","1994","Gasoline",12500,2.8,"Med"
"Audi","100","1993","Gasoline",11273,2.8,"Med"
"Audi","100","1995","Gasoline",16148,2.8,"Med"
"Audi","100","1994","Gasoline",13706,2.8,"Med"
"Audi","100","1995","Gasoline",19335,2.2,"Med"
"Audi","100","1994","Gasoline",17216,2.2,"Med"
"Audi","80","1995","Gasoline",14449,2,"Med"
"Audi","80","1994","Gasoline",11822,2,"Med"
"Audi","80","1995","Gasoline",14489,2,"Med"
"Audi","80","1994","Gasoline",13212,2,"Med"
"Audi","80","1995","Gasoline",16270,2.6,"Med"
"Audi","80","1994","Gasoline",13498,2.6,"Med"
"Audi","80","1996","Gasoline",17935,2.6,"Med"
"Audi","80","1995","Gasoline",17404,2.6,"Med"
"Audi","80","1994","Gasoline",16795,2.6,"Med"
"Audi","80","1999","Gasoline",48361,2.8,"Med"
"Audi","80","1998","Gasoline",44852,2.8,"Med"
"Audi","80","1997","Gasoline",39885,2.8,"Med"
"Audi","80","1996","Gasoline",38630,2.8,"Med"
"Audi","80","1995","Gasoline",37489,2.8,"Med"
"Audi","80","1994","Gasoline",36274,2.8,"Med"
"Audi","A1","2014","Gasoline",68226,1.4,"Med"
"Audi","A1","2013","Gasoline",63734,1.4,"Med"
"Audi","A1","2012","Gasoline",54521,1.4,"Med"
"Audi","A1","2011","Gasoline",51524,1.4,"Med"
"Audi","A1","2013","Gasoline",172675,2,"Med"
"Audi","A1","2014","Gasoline",74577,1.4,"Med"
"Audi","A1","2013","Gasoline",69800,1.4,"Med"
"Audi","A1","2012","Gasoline",59647,1.4,"Med"
"Audi","A1","2017","Gasoline",114585,1.4,"Med"
"Audi","A1","2016","Gasoline",100703,1.4,"Med"
"Audi","A1","2015","Gasoline",81851,1.4,"Med"
"Audi","A1","2014","Gasoline",77820,1.4,"Med"
"Audi","A1","2013","Gasoline",72942,1.4,"Med"
"Audi","A1","Zero KM","Gasoline",117231,1.4,"Med"
"Audi","A1","2018","Gasoline",102055,1.4,"Med"
"Audi","A1","2017","Gasoline",98680,1.4,"Med"
"Audi","A1","2016","Gasoline",88693,1.4,"Med"
"Audi","A1","2015","Gasoline",77826,1.4,"Med"
"Audi","A1","2014","Gasoline",68559,1.4,"Med"
"Audi","A1","2013","Gasoline",63973,1.4,"Med"
"Audi","A1","Zero KM","Gasoline",131599,1.8,"Med"
"Audi","A1","2018","Gasoline",118451,1.8,"Med"
"Audi","A1","2017","Gasoline",114203,1.8,"Med"
"Audi","A1","2016","Gasoline",107462,1.8,"Med"
"Audi","A3","2003","Gasoline",18600,1.6,"Med"
"Audi","A3","2002","Gasoline",17640,1.6,"Med"
"Audi","A3","2001","Gasoline",16786,1.6,"Med"
"Audi","A3","2000","Gasoline",16244,1.6,"Med"
"Audi","A3","1999","Gasoline",14781,1.6,"Med"
"Audi","A3","2003","Gasoline",19582,1.6,"Aut"
"Audi","A3","2002","Gasoline",18882,1.6,"Aut"
"Audi","A3","2001","Gasoline",18304,1.6,"Aut"
"Audi","A3","2000","Gasoline",16964,1.6,"Aut"
"Audi","A3","1999","Gasoline",15167,1.6,"Aut"
"Audi","A3","2006","Gasoline",23322,1.6,"Med"
"Audi","A3","2005","Gasoline",22592,1.6,"Med"
"Audi","A3","2004","Gasoline",20231,1.6,"Med"
"Audi","A3","2003","Gasoline",18739,1.6,"Med"
"Audi","A3","2002","Gasoline",18168,1.6,"Med"
"Audi","A3","2001","Gasoline",17122,1.6,"Med"
"Audi","A3","2000","Gasoline",16571,1.6,"Med"
"Audi","A3","1999","Gasoline",14877,1.6,"Med"
"Audi","A3","2003","Gasoline",19661,1.6,"Aut"
"Audi","A3","2002","Gasoline",19011,1.6,"Aut"
"Audi","A3","2001","Gasoline",18369,1.6,"Aut"
"Audi","A3","2000","Gasoline",17650,1.6,"Aut"
"Audi","A3","1999","Gasoline",15646,1.6,"Aut"
"Audi","A3","2007","Gasoline",36246,1.6,"Med"
"Audi","A3","2004","Gasoline",20597,1.8,"Med"
"Audi","A3","2003","Gasoline",18842,1.8,"Med"
"Audi","A3","2002","Gasoline",18220,1.8,"Med"
"Audi","A3","2001","Gasoline",16302,1.8,"Med"
"Audi","A3","2000","Gasoline",15667,1.8,"Med"
"Audi","A3","1999","Gasoline",14965,1.8,"Med"
"Audi","A3","1998","Gasoline",14512,1.8,"Med"
"Audi","A3","1997","Gasoline",14011,1.8,"Med"
"Audi","A3","2004","Gasoline",20699,1.8,"Aut"
"Audi","A3","2003","Gasoline",19424,1.8,"Aut"
"Audi","A3","2002","Gasoline",18542,1.8,"Aut"
"Audi","A3","2001","Gasoline",17952,1.8,"Aut"
"Audi","A3","2000","Gasoline",16388,1.8,"Aut"
"Audi","A3","1999","Gasoline",15789,1.8,"Aut"
"Audi","A3","1998","Gasoline",15300,1.8,"Aut"
"Audi","A3","1997","Gasoline",14725,1.8,"Aut"
"Audi","A3","2006","Gasoline",25741,1.8,"Aut"
"Audi","A3","2005","Gasoline",23622,1.8,"Aut"
"Audi","A3","2004","Gasoline",20737,1.8,"Aut"
"Audi","A3","2003","Gasoline",19811,1.8,"Aut"
"Audi","A3","2002","Gasoline",18970,1.8,"Aut"
"Audi","A3","2001","Gasoline",18188,1.8,"Aut"
"Audi","A3","2000","Gasoline",17485,1.8,"Aut"
"Audi","A3","1999","Gasoline",16301,1.8,"Aut"
"Audi","A3","1998","Gasoline",15800,1.8,"Aut"
"Audi","A3","1997","Gasoline",15145,1.8,"Aut"
"Audi","A3","2006","Gasoline",23133,1.8,"Med"
"Audi","A3","2005","Gasoline",21961,1.8,"Med"
"Audi","A3","2004","Gasoline",20695,1.8,"Med"
"Audi","A3","2003","Gasoline",19622,1.8,"Med"
"Audi","A3","2002","Gasoline",18520,1.8,"Med"
"Audi","A3","2001","Gasoline",17900,1.8,"Med"
"Audi","A3","2000","Gasoline",16155,1.8,"Med"
"Audi","A3","1999","Gasoline",15432,1.8,"Med"
"Audi","A3","1998","Gasoline",14779,1.8,"Med"
"Audi","A3","1997","Gasoline",14120,1.8,"Med"
"Audi","A3","2003","Gasoline",20903,1.8,"Aut"
"Audi","A3","2002","Gasoline",19444,1.8,"Aut"
"Audi","A3","2004","Gasoline",21519,1.8,"Med"
"Audi","A3","2003","Gasoline",20019,1.8,"Med"
"Audi","A3","2002","Gasoline",18942,1.8,"Med"
"Audi","A3","2001","Gasoline",18360,1.8,"Med"
"Audi","A3","2000","Gasoline",15718,1.8,"Med"
"Audi","A3","2006","Gasoline",25846,1.8,"Aut"
"Audi","A3","2005","Gasoline",24471,1.8,"Aut"
"Audi","A3","2004","Gasoline",22880,1.8,"Aut"
"Audi","A3","2003","Gasoline",21698,1.8,"Aut"
"Audi","A3","2002","Gasoline",20355,1.8,"Aut"
"Audi","A3","2006","Gasoline",25121,1.8,"Med"
"Audi","A3","2005","Gasoline",23477,1.8,"Med"
"Audi","A3","2004","Gasoline",22032,1.8,"Med"
"Audi","A3","2003","Gasoline",21350,1.8,"Med"
"Audi","A3","2002","Gasoline",20141,1.8,"Med"
"Audi","A3","2001","Gasoline",19049,1.8,"Med"
"Audi","A3","2000","Gasoline",17403,1.8,"Med"
"Audi","A3","2003","Gasoline",20559,1.8,"Aut"
"Audi","A3","2002","Gasoline",19085,1.8,"Aut"
"Audi","A3","2001","Gasoline",18389,1.8,"Aut"
"Audi","A3","2000","Gasoline",17649,1.8,"Aut"
"Audi","A3","1999","Gasoline",16830,1.8,"Aut"
"Audi","A3","1998","Gasoline",16312,1.8,"Aut"
"Audi","A3","1997","Gasoline",15741,1.8,"Aut"
"Audi","A3","2004","Gasoline",21352,1.8,"Med"
"Audi","A3","2003","Gasoline",20249,1.8,"Med"
"Audi","A3","2002","Gasoline",18289,1.8,"Med"
"Audi","A3","2001","Gasoline",17695,1.8,"Med"
"Audi","A3","2000","Gasoline",17083,1.8,"Med"
"Audi","A3","1999","Gasoline",16278,1.8,"Med"
"Audi","A3","1998","Gasoline",15780,1.8,"Med"
"Audi","A3","1997","Gasoline",15284,1.8,"Med"
"Audi","A3","2006","Gasoline",26773,1.8,"Aut"
"Audi","A3","2005","Gasoline",23720,1.8,"Aut"
"Audi","A3","2004","Gasoline",21812,1.8,"Aut"
"Audi","A3","2003","Gasoline",20934,1.8,"Aut"
"Audi","A3","2002","Gasoline",19875,1.8,"Aut"
"Audi","A3","2001","Gasoline",19260,1.8,"Aut"
"Audi","A3","2000","Gasoline",17979,1.8,"Aut"
"Audi","A3","1999","Gasoline",16985,1.8,"Aut"
"Audi","A3","1998","Gasoline",16482,1.8,"Aut"
"Audi","A3","2006","Gasoline",26405,1.8,"Med"
"Audi","A3","2005","Gasoline",23608,1.8,"Med"
"Audi","A3","2004","Gasoline",21363,1.8,"Med"
"Audi","A3","2003","Gasoline",20263,1.8,"Med"
"Audi","A3","2002","Gasoline",19278,1.8,"Med"
"Audi","A3","2001","Gasoline",18660,1.8,"Med"
"Audi","A3","2000","Gasoline",17712,1.8,"Med"
"Audi","A3","1999","Gasoline",15883,1.8,"Med"
"Audi","A3","2016","Gasoline",139056,1.8,"Med"
"Audi","A3","2015","Gasoline",134106,1.8,"Med"
"Audi","A3","Zero KM","Gasoline",201160,2,"Med"
"Audi","A3","2018","Gasoline",178303,2,"Med"
"Audi","A3","Zero KM","Gasoline",163990,2,"Med"
"Audi","A3","2018","Gasoline",143265,2,"Med"
"Audi","A3","2017","Gasoline",137659,2,"Med"
"Audi","A3","2016","Gasoline",114826,2,"Med"
"Audi","A3","2016","Gasoline",100874,1.8,"Med"
"Audi","A3","2015","Gasoline",96914,1.8,"Med"
"Audi","A3","2014","Gasoline",86709,1.8,"Med"
"Audi","A3","Zero KM","Gasoline",122566,1.4,"Med"
"Audi","A3","2018","Gasoline",109288,1.4,"Med"
"Audi","A3","2017","Gasoline",99892,1.4,"Med"
"Audi","A3","2016","Gasoline",86253,1.4,"Med"
"Audi","A3","2016","Gasoline",85584,1.4,"Med"
"Audi","A3","2015","Gasoline",82415,1.4,"Med"
"Audi","A3","2014","Gasoline",74214,1.4,"Med"
"Audi","A3","2014","Gasoline",78734,1.8,"Med"
"Audi","A3","2013","Gasoline",70674,1.8,"Med"
"Audi","A3","2013","Gasoline",73604,2,"Med"
"Audi","A3","2012","Gasoline",59170,2,"Med"
"Audi","A3","2011","Gasoline",54225,2,"Med"
"Audi","A3","2010","Gasoline",51658,2,"Med"
"Audi","A3","Zero KM","Gasoline",127656,1.4,"Med"
"Audi","A3","2018","Gasoline",111222,1.4,"Med"
"Audi","A3","2017","Gasoline",107218,1.4,"Med"
"Audi","A3","2016","Gasoline",92603,1.4,"Med"
"Audi","A3","2015","Gasoline",82191,1.4,"Med"
"Audi","A3","2014","Gasoline",74718,1.4,"Med"
"Audi","A3","2010","Gasoline",49178,1.6,"Med"
"Audi","A3","2009","Gasoline",45500,1.6,"Med"
"Audi","A3","2008","Gasoline",42615,1.6,"Med"
"Audi","A3","2007","Gasoline",38415,1.6,"Med"
"Audi","A3","2016","Gasoline",104964,1.8,"Med"
"Audi","A3","2015","Gasoline",96465,1.8,"Med"
"Audi","A3","2014","Gasoline",81974,1.8,"Med"
"Audi","A3","2011","Gasoline",58376,2,"Med"
"Audi","A3","2010","Gasoline",53114,2,"Med"
"Audi","A3","2009","Gasoline",49434,2,"Med"
"Audi","A3","2008","Gasoline",46243,2,"Med"
"Audi","A3","2007","Gasoline",41048,2,"Med"
"Audi","A3","2013","Gasoline",69800,2,"Med"
"Audi","A3","2012","Gasoline",65737,2,"Med"
"Audi","A3","2011","Gasoline",59639,2,"Med"
"Audi","A3","2010","Gasoline",55673,2,"Med"
"Audi","A3","2009","Gasoline",51935,2,"Med"
"Audi","A3","2008","Gasoline",47045,2,"Med"
"Audi","A3","2007","Gasoline",41779,2,"Med"
"Audi","A4","2001","Gasoline",20671,1.8,"Aut"
"Audi","A4","2000","Gasoline",19964,1.8,"Aut"
"Audi","A4","1999","Gasoline",19355,1.8,"Aut"
"Audi","A4","1998","Gasoline",17780,1.8,"Aut"
"Audi","A4","1997","Gasoline",16459,1.8,"Aut"
"Audi","A4","1996","Gasoline",15966,1.8,"Aut"
"Audi","A4","1995","Gasoline",13828,1.8,"Aut"
"Audi","A4","2001","Gasoline",17636,1.8,"Med"
"Audi","A4","2000","Gasoline",17101,1.8,"Med"
"Audi","A4","1999","Gasoline",16480,1.8,"Med"
"Audi","A4","1998","Gasoline",15927,1.8,"Med"
"Audi","A4","1997","Gasoline",13596,1.8,"Med"
"Audi","A4","1996","Gasoline",13176,1.8,"Med"
"Audi","A4","1995","Gasoline",12011,1.8,"Med"
"Audi","A4","2001","Gasoline",22704,1.8,"Aut"
"Audi","A4","2000","Gasoline",21750,1.8,"Aut"
"Audi","A4","1999","Gasoline",20833,1.8,"Aut"
"Audi","A4","1997","Gasoline",17736,1.8,"Aut"
"Audi","A4","1996","Gasoline",15220,1.8,"Aut"
"Audi","A4","2001","Gasoline",21608,1.8,"Med"
"Audi","A4","2000","Gasoline",20711,1.8,"Med"
"Audi","A4","1999","Gasoline",20007,1.8,"Med"
"Audi","A4","1998","Gasoline",18550,1.8,"Med"
"Audi","A4","1997","Gasoline",17232,1.8,"Med"
"Audi","A4","1996","Gasoline",14578,1.8,"Med"
"Audi","A4","2001","Gasoline",21671,1.8,"Med"
"Audi","A4","2000","Gasoline",20914,1.8,"Med"
"Audi","A4","1999","Gasoline",20108,1.8,"Med"
"Audi","A4","1998","Gasoline",18560,1.8,"Med"
"Audi","A4","1997","Gasoline",17236,1.8,"Med"
"Audi","A4","1996","Gasoline",15568,1.8,"Med"
"Audi","A4","2016","Gasoline",123470,1.8,"Med"
"Audi","A4","2015","Gasoline",108866,1.8,"Med"
"Audi","A4","2008","Gasoline",46555,1.8,"Med"
"Audi","A4","2007","Gasoline",41101,1.8,"Med"
"Audi","A4","2006","Gasoline",38546,1.8,"Med"
"Audi","A4","2005","Gasoline",30337,1.8,"Med"
"Audi","A4","2004","Gasoline",29202,1.8,"Med"
"Audi","A4","2003","Gasoline",26695,1.8,"Med"
"Audi","A4","2002","Gasoline",25664,1.8,"Med"
"Audi","A4","2001","Gasoline",22180,1.8,"Med"
"Audi","A4","2000","Gasoline",21411,1.8,"Med"
"Audi","A4","1999","Gasoline",20532,1.8,"Med"
"Audi","A4","1998","Gasoline",19413,1.8,"Med"
"Audi","A4","1997","Gasoline",17611,1.8,"Med"
"Audi","A4","1996","Gasoline",16536,1.8,"Med"
"Audi","A4","2016","Gasoline",98131,1.8,"Med"
"Audi","A4","2015","Gasoline",93768,1.8,"Med"
"Audi","A4","2008","Gasoline",41577,1.8,"Med"
"Audi","A4","2007","Gasoline",37896,1.8,"Med"
"Audi","A4","2006","Gasoline",32454,1.8,"Med"
"Audi","A4","2005","Gasoline",30107,1.8,"Med"
"Audi","A4","2004","Gasoline",29200,1.8,"Med"
"Audi","A4","2003","Gasoline",26612,1.8,"Med"
"Audi","A4","2002","Gasoline",25041,1.8,"Med"
"Audi","A4","2001","Gasoline",19478,1.8,"Med"
"Audi","A4","2000","Gasoline",18765,1.8,"Med"
"Audi","A4","1999","Gasoline",18044,1.8,"Med"
"Audi","A4","1998","Gasoline",17376,1.8,"Med"
"Audi","A4","1997","Gasoline",15903,1.8,"Med"
"Audi","A4","1996","Gasoline",14902,1.8,"Med"
"Audi","A4","1995","Gasoline",13326,1.8,"Med"
"Audi","A4","2001","Gasoline",20602,1.8,"Med"
"Audi","A4","2000","Gasoline",19952,1.8,"Med"
"Audi","A4","1999","Gasoline",19357,1.8,"Med"
"Audi","A4","1998","Gasoline",17848,1.8,"Med"
"Audi","A4","1997","Gasoline",16385,1.8,"Med"
"Audi","A4","1996","Gasoline",15430,1.8,"Med"
"Audi","A4","1995","Gasoline",14366,1.8,"Med"
"Audi","A4","2014","Gasoline",78388,2,"Med"
"Audi","A4","2013","Gasoline",69660,2,"Med"
"Audi","A4","2012","Gasoline",64016,2,"Med"
"Audi","A4","2011","Gasoline",59638,2,"Med"
"Audi","A4","2010","Gasoline",56088,2,"Med"
"Audi","A4","2009","Gasoline",52487,2,"Med"
"Audi","A4","2011","Gasoline",68963,2,"Med"
"Audi","A4","2010","Gasoline",65196,2,"Med"
"Audi","A4","2009","Gasoline",56014,2,"Med"
"Audi","A4","2008","Gasoline",53202,2,"Med"
"Audi","A4","2007","Gasoline",40489,2,"Med"
"Audi","A4","2014","Gasoline",118612,2,"Med"
"Audi","A4","2013","Gasoline",80032,2,"Med"
"Audi","A4","2003","Gasoline",25582,2,"Med"
"Audi","A4","2002","Gasoline",24550,2,"Med"
"Audi","A4","2014","Gasoline",131696,2,"Med"
"Audi","A4","2013","Gasoline",122657,2,"Med"
"Audi","A4","Zero KM","Gasoline",198577,2,"Med"
"Audi","A4","2018","Gasoline",181295,2,"Med"
"Audi","A4","2017","Gasoline",175265,2,"Med"
"Audi","A4","2014","Gasoline",87657,2,"Med"
"Audi","A4","2013","Gasoline",80213,2,"Med"
"Audi","A4","2012","Gasoline",72716,2,"Med"
"Audi","A4","2011","Gasoline",66344,2,"Med"
"Audi","A4","2010","Gasoline",62264,2,"Med"
"Audi","A4","2009","Gasoline",56659,2,"Med"
"Audi","A4","2011","Gasoline",87263,2,"Med"
"Audi","A4","2010","Gasoline",77560,2,"Med"
"Audi","A4","2009","Gasoline",65000,2,"Med"
"Audi","A4","2008","Gasoline",53540,2,"Med"
"Audi","A4","2007","Gasoline",44807,2,"Med"
"Audi","A4","2001","Gasoline",24566,2.4,"Med"
"Audi","A4","2000","Gasoline",21810,2.4,"Med"
"Audi","A4","1999","Gasoline",20984,2.4,"Med"
"Audi","A4","1998","Gasoline",19008,2.4,"Med"
"Audi","A4","2003","Gasoline",30498,2.4,"Med"
"Audi","A4","2002","Gasoline",26795,2.4,"Med"
"Audi","A4","2001","Gasoline",24693,2.4,"Med"
"Audi","A4","2000","Gasoline",21950,2.4,"Med"
"Audi","A4","1999","Gasoline",21174,2.4,"Med"
"Audi","A4","1998","Gasoline",19010,2.4,"Med"
"Audi","A4","2001","Gasoline",20740,2.4,"Med"
"Audi","A4","2000","Gasoline",20008,2.4,"Med"
"Audi","A4","1999","Gasoline",19158,2.4,"Med"
"Audi","A4","1998","Gasoline",17353,2.4,"Med"
"Audi","A4","2004","Gasoline",38413,2.4,"Med"
"Audi","A4","2003","Gasoline",30347,2.4,"Med"
"Audi","A4","2002","Gasoline",26101,2.4,"Med"
"Audi","A4","2001","Gasoline",21033,2.4,"Med"
"Audi","A4","2000","Gasoline",20063,2.4,"Med"
"Audi","A4","1999","Gasoline",19422,2.4,"Med"
"Audi","A4","1998","Gasoline",17823,2.4,"Med"
"Audi","A4","2001","Gasoline",25716,2.4,"Med"
"Audi","A4","2001","Gasoline",25749,2.4,"Med"
"Audi","A4","2001","Gasoline",25479,2.4,"Med"
"Audi","A4","2001","Gasoline",27138,2.4,"Med"
"Audi","A4","1997","Gasoline",16834,2.8,"Med"
"Audi","A4","1996","Gasoline",16303,2.8,"Med"
"Audi","A4","1995","Gasoline",14897,2.8,"Med"
"Audi","A4","2001","Gasoline",24936,2.8,"Aut"
"Audi","A4","2000","Gasoline",23811,2.8,"Aut"
"Audi","A4","1999","Gasoline",23006,2.8,"Aut"
"Audi","A4","1998","Gasoline",19205,2.8,"Aut"
"Audi","A4","1997","Gasoline",17226,2.8,"Aut"
"Audi","A4","2001","Gasoline",22740,2.8,"Med"
"Audi","A4","2000","Gasoline",22019,2.8,"Med"
"Audi","A4","1999","Gasoline",21244,2.8,"Med"
"Audi","A4","1998","Gasoline",18189,2.8,"Med"
"Audi","A4","1997","Gasoline",16937,2.8,"Med"
"Audi","A4","1997","Gasoline",17535,2.8,"Med"
"Audi","A4","1996","Gasoline",17011,2.8,"Med"
"Audi","A4","1995","Gasoline",15465,2.8,"Med"
"Audi","A4","2001","Gasoline",24384,2.8,"Med"
"Audi","A4","2000","Gasoline",23633,2.8,"Med"
"Audi","A4","1999","Gasoline",22626,2.8,"Med"
"Audi","A4","1998","Gasoline",18934,2.8,"Med"
"Audi","A4","1997","Gasoline",17564,2.8,"Med"
"Audi","A4","2001","Gasoline",25501,2.8,"Med"
"Audi","A4","2001","Gasoline",32244,2.8,"Med"
"Audi","A4","2001","Gasoline",26961,2.8,"Med"
"Audi","A4","2000","Gasoline",26045,2.8,"Med"
"Audi","A4","1999","Gasoline",25113,2.8,"Med"
"Audi","A4","1998","Gasoline",19839,2.8,"Med"
"Audi","A4","1997","Gasoline",18435,2.8,"Med"
"Audi","A4","2001","Gasoline",28574,2.8,"Med"
"Audi","A4","2001","Gasoline",23043,2.8,"Med"
"Audi","A4","2006","Gasoline",46328,3,"Med"
"Audi","A4","2005","Gasoline",37998,3,"Med"
"Audi","A4","2004","Gasoline",36729,3,"Med"
"Audi","A4","2003","Gasoline",31795,3,"Med"
"Audi","A4","2002","Gasoline",27595,3,"Med"
"Audi","A4","2003","Gasoline",39729,3,"Med"
"Audi","A4","2006","Gasoline",51113,3,"Med"
"Audi","A4","2005","Gasoline",47919,3,"Med"
"Audi","A4","2004","Gasoline",43406,3,"Med"
"Audi","A4","2003","Gasoline",34712,3,"Med"
"Audi","A4","2002","Gasoline",30445,3,"Med"
"Audi","A4","2003","Gasoline",53490,3,"Med"
"Audi","A4","2004","Gasoline",99126,3,"Med"
"Audi","A4","2003","Gasoline",73204,3,"Med"
"Audi","A4","2008","Gasoline",65884,3.2,"Med"
"Audi","A4","2007","Gasoline",59996,3.2,"Med"
"Audi","A4","2012","Gasoline",104313,3.2,"Med"
"Audi","A4","2011","Gasoline",91198,3.2,"Med"
"Audi","A4","2010","Gasoline",76465,3.2,"Med"
"Audi","A4","2009","Gasoline",62607,3.2,"Med"
"Audi","A4","2008","Gasoline",69767,3.2,"Med"
"Audi","A4","2007","Gasoline",63771,3.2,"Med"
"Audi","A4","2012","Gasoline",115421,3.2,"Med"
"Audi","A4","2011","Gasoline",106784,3.2,"Med"
"Audi","A4","2010","Gasoline",88830,3.2,"Med"
"Audi","A4","2009","Gasoline",75197,3.2,"Med"
"Audi","A4","2007","Gasoline",89655,3.2,"Med"
"Audi","A4","Zero KM","Gasoline",189000,2,"Med"
"Audi","A4","2018","Gasoline",168945,2,"Med"
"Audi","A4","2017","Gasoline",158030,2,"Med"
"Audi","A4","2016","Gasoline",152030,2,"Med"
"Audi","A4","Zero KM","Gasoline",240365,2,"Med"
"Audi","A4","2018","Gasoline",218423,2,"Med"
"Audi","A4","2017","Gasoline",210314,2,"Med"
"Audi","A4","Zero KM","Gasoline",167300,2,"Med"
"Audi","A4","2018","Gasoline",151488,2,"Med"
"Audi","A4","2017","Gasoline",135025,2,"Med"
"Audi","A4","2016","Gasoline",125022,2,"Med"
"Audi","A4","Zero KM","Gasoline",220211,2,"Med"
"Audi","A4","2018","Gasoline",198727,2,"Med"
"Audi","A4","2017","Gasoline",159074,2,"Med"
"Audi","A4","2016","Gasoline",153521,2,"Med"
"Audi","A4","Zero KM","Gasoline",213188,2,"Med"
"Audi","A4","2018","Gasoline",191833,2,"Med"
"Audi","A5","2009","Gasoline",69814,3.2,"Med"
"Audi","A5","2011","Gasoline",107633,3.2,"Med"
"Audi","A5","2010","Gasoline",91035,3.2,"Med"
"Audi","A5","Zero KM","Gasoline",220350,2,"Med"
"Audi","A5","2018","Gasoline",199839,2,"Med"
"Audi","A5","Zero KM","Gasoline",273524,2,"Med"
"Audi","A5","2018","Gasoline",236355,2,"Med"
"Audi","A5","Zero KM","Gasoline",241568,2,"Med"
"Audi","A5","2018","Gasoline",215692,2,"Med"
"Audi","A5","Zero KM","Gasoline",193396,2,"Med"
"Audi","A5","2018","Gasoline",165810,2,"Med"
"Audi","A5","2016","Gasoline",200097,2,"Med"
"Audi","A5","2015","Gasoline",185291,2,"Med"
"Audi","A5","2014","Gasoline",160111,2,"Med"
"Audi","A5","2013","Gasoline",145960,2,"Med"
"Audi","A5","2012","Gasoline",133963,2,"Med"
"Audi","A5","2016","Gasoline",180243,2,"Med"
"Audi","A5","2015","Gasoline",159105,2,"Med"
"Audi","A5","2014","Gasoline",130894,2,"Med"
"Audi","A5","2013","Gasoline",125984,2,"Med"
"Audi","A5","2012","Gasoline",122240,2,"Med"
"Audi","A5","2016","Gasoline",182005,2,"Med"
"Audi","A5","2015","Gasoline",128833,2,"Med"
"Audi","A5","2014","Gasoline",116131,2,"Med"
"Audi","A5","2013","Gasoline",107595,2,"Med"
"Audi","A5","2012","Gasoline",104262,2,"Med"
"Audi","A5","2017","Gasoline",131837,1.8,"Med"
"Audi","A5","2016","Gasoline",127630,1.8,"Med"
"Audi","A5","2015","Gasoline",115864,1.8,"Med"
"Audi","A5","2014","Gasoline",101264,2,"Med"
"Audi","A5","2013","Gasoline",94167,2,"Med"
"Audi","A5","2012","Gasoline",90906,2,"Med"
"Audi","A5","2011","Gasoline",85586,2,"Med"
"Audi","A5","2010","Gasoline",77524,2,"Med"
"Audi","A6","Zero KM","Gasoline",302050,2,"Med"
"Audi","A6","2018","Gasoline",255302,2,"Med"
"Audi","A6","2017","Gasoline",243920,2,"Med"
"Audi","A6","2016","Gasoline",203029,2,"Med"
"Audi","A6","2015","Gasoline",168365,2,"Med"
"Audi","A6","2001","Gasoline",26894,2.4,"Med"
"Audi","A6","2000","Gasoline",26001,2.4,"Med"
"Audi","A6","1999","Gasoline",21654,2.4,"Med"
"Audi","A6","1998","Gasoline",20736,2.4,"Med"
"Audi","A6","2003","Gasoline",50236,2.4,"Med"
"Audi","A6","2002","Gasoline",34830,2.4,"Med"
"Audi","A6","2001","Gasoline",29348,2.4,"Med"
"Audi","A6","2000","Gasoline",28448,2.4,"Med"
"Audi","A6","1999","Gasoline",23197,2.4,"Med"
"Audi","A6","1998","Gasoline",21875,2.4,"Med"
"Audi","A6","2001","Gasoline",33429,2.4,"Med"
"Audi","A6","2000","Gasoline",32369,2.4,"Med"
"Audi","A6","1999","Gasoline",26265,2.4,"Med"
"Audi","A6","2003","Gasoline",44312,2.4,"Med"
"Audi","A6","2002","Gasoline",37925,2.4,"Med"
"Audi","A6","2001","Gasoline",34298,2.4,"Med"
"Audi","A6","2000","Gasoline",33244,2.4,"Med"
"Audi","A6","1999","Gasoline",30901,2.4,"Med"
"Audi","A6","2001","Gasoline",34101,2.4,"Med"
"Audi","A6","2001","Gasoline",36766,2.4,"Med"
"Audi","A6","2001","Gasoline",29935,2.4,"Med"
"Audi","A6","2001","Gasoline",32285,2.4,"Med"
"Audi","A6","2001","Gasoline",49089,2.7,"Med"
"Audi","A6","2000","Gasoline",47541,2.7,"Med"
"Audi","A6","2000","Gasoline",36000,2.7,"Med"
"Audi","A6","2002","Gasoline",51427,2.7,"Med"
"Audi","A6","2001","Gasoline",49310,2.7,"Med"
"Audi","A6","2004","Gasoline",47211,2.7,"Med"
"Audi","A6","2003","Gasoline",43912,2.7,"Med"
"Audi","A6","2002","Gasoline",33326,2.7,"Med"
"Audi","A6","2001","Gasoline",32211,2.7,"Med"
"Audi","A6","2000","Gasoline",31256,2.7,"Med"
"Audi","A6","1997","Gasoline",17084,2.8,"Med"
"Audi","A6","1996","Gasoline",14819,2.8,"Med"
"Audi","A6","1995","Gasoline",13634,2.8,"Med"
"Audi","A6","2001","Gasoline",31298,2.8,"Med"
"Audi","A6","2000","Gasoline",30351,2.8,"Med"
"Audi","A6","1999","Gasoline",26303,2.8,"Med"
"Audi","A6","1998","Gasoline",22628,2.8,"Med"
"Audi","A6","1997","Gasoline",17120,2.8,"Med"
"Audi","A6","2001","Gasoline",32364,2.8,"Med"
"Audi","A6","2000","Gasoline",31279,2.8,"Med"
"Audi","A6","1999","Gasoline",27048,2.8,"Med"
"Audi","A6","1998","Gasoline",22695,2.8,"Med"
"Audi","A6","1997","Gasoline",19599,2.8,"Med"
"Audi","A6","1997","Gasoline",17887,2.8,"Med"
"Audi","A6","1996","Gasoline",15990,2.8,"Med"
"Audi","A6","1995","Gasoline",14126,2.8,"Med"
"Audi","A6","2001","Gasoline",32854,2.8,"Med"
"Audi","A6","2000","Gasoline",31794,2.8,"Med"
"Audi","A6","1999","Gasoline",26702,2.8,"Med"
"Audi","A6","1998","Gasoline",24774,2.8,"Med"
"Audi","A6","1997","Gasoline",21340,2.8,"Med"
"Audi","A6","2001","Gasoline",36692,2.8,"Med"
"Audi","A6","2000","Gasoline",35502,2.8,"Med"
"Audi","A6","1999","Gasoline",29716,2.8,"Med"
"Audi","A6","1998","Gasoline",28834,2.8,"Med"
"Audi","A6","2001","Gasoline",39673,2.8,"Med"
"Audi","A6","2001","Gasoline",40468,2.8,"Med"
"Audi","A6","2001","Gasoline",35276,2.8,"Med"
"Audi","A6","2001","Gasoline",40606,2.8,"Med"
"Audi","A6","2007","Gasoline",70240,3,"Med"
"Audi","A6","2006","Gasoline",56364,3,"Med"
"Audi","A6","2003","Gasoline",36661,3,"Med"
"Audi","A6","2002","Gasoline",30736,3,"Med"
"Audi","A6","2012","Gasoline",192783,3,"Med"
"Audi","A6","2011","Gasoline",186266,3,"Med"
"Audi","A6","2010","Gasoline",134094,3,"Med"
"Audi","A6","2009","Gasoline",130063,3,"Med"
"Audi","A6","2014","Gasoline",223223,3,"Med"
"Audi","A6","2013","Gasoline",205219,3,"Med"
"Audi","A6","2012","Gasoline",145020,3,"Med"
"Audi","A6","2011","Gasoline",98586,3,"Med"
"Audi","A6","2010","Gasoline",90072,3,"Med"
"Audi","A6","2009","Gasoline",87107,3,"Med"
"Audi","A6","Zero KM","Gasoline",355796,3,"Med"
"Audi","A6","2018","Gasoline",329301,3,"Med"
"Audi","A6","2017","Gasoline",312749,3,"Med"
"Audi","A6","2016","Gasoline",301036,3,"Med"
"Audi","A6","2015","Gasoline",217178,3,"Med"
"Audi","A6","2014","Gasoline",196212,3,"Med"
"Audi","A6","2013","Gasoline",149625,3,"Med"
"Audi","A6","2006","Gasoline",52012,3,"Med"
"Audi","A6","2005","Gasoline",48568,3,"Med"
"Audi","A6","2004","Gasoline",40390,3,"Med"
"Audi","A6","2003","Gasoline",34602,3,"Med"
"Audi","A6","2002","Gasoline",27900,3,"Med"
"Audi","A6","2008","Gasoline",82987,3.2,"Med"
"Audi","A6","2007","Gasoline",75347,3.2,"Med"
"Audi","A6","2006","Gasoline",84658,4.2,"Med"
"Audi","A6","2001","Gasoline",40212,4.2,"Med"
"Audi","A6","2000","Gasoline",38878,4.2,"Med"
"Audi","A6","2008","Gasoline",129237,4.2,"Med"
"Audi","A6","2006","Gasoline",83799,4.2,"Med"
"Audi","A6","2005","Gasoline",59995,4.2,"Med"
"Audi","A6","2002","Gasoline",35167,4.2,"Med"
"Audi","A6","2001","Gasoline",32274,4.2,"Med"
"Audi","A6","2000","Gasoline",29926,4.2,"Med"
"Audi","A6","2017","Gasoline",368060,3,"Med"
"Audi","A6","2016","Gasoline",316196,3,"Med"
"Audi","A6","2015","Gasoline",249807,3,"Med"
"Audi","A6","2014","Gasoline",227132,3,"Med"
"Audi","A6","2013","Gasoline",196263,3,"Med"
"Audi","A7","2016","Gasoline",273894,2,"Med"
"Audi","A7","2015","Gasoline",239336,2,"Med"
"Audi","A7","Zero KM","Gasoline",412895,3,"Med"
"Audi","A7","2018","Gasoline",360828,3,"Med"
"Audi","A7","2017","Gasoline",347475,3,"Med"
"Audi","A7","2016","Gasoline",320590,3,"Med"
"Audi","A7","2015","Gasoline",269900,3,"Med"
"Audi","A7","2014","Gasoline",212247,3,"Med"
"Audi","A7","2013","Gasoline",178992,3,"Med"
"Audi","A7","2012","Gasoline",157396,3,"Med"
"Audi","A7","2011","Gasoline",136274,3,"Med"
"Audi","A8","2016","Gasoline",456957,3,"Med"
"Audi","A8","2015","Gasoline",316614,3,"Med"
"Audi","A8","Zero KM","Gasoline",632410,4,"Med"
"Audi","A8","2017","Gasoline",569320,4,"Med"
"Audi","A8","2016","Gasoline",535945,4,"Med"
"Audi","A8","2015","Gasoline",409025,4,"Med"
"Audi","A8","2013","Gasoline",382773,4,"Med"
"Audi","A8","2013","Gasoline",371739,4.2,"Med"
"Audi","A8","2012","Gasoline",272187,4.2,"Med"
"Audi","A8","2011","Gasoline",196780,4.2,"Med"
"Audi","A8","2008","Gasoline",187645,4.2,"Med"
"Audi","A8","2007","Gasoline",157173,4.2,"Med"
"Audi","A8","2006","Gasoline",147258,4.2,"Med"
"Audi","A8","2005","Gasoline",138202,4.2,"Med"
"Audi","A8","2004","Gasoline",129893,4.2,"Med"
"Audi","A8","2003","Gasoline",77758,4.2,"Med"
"Audi","A8","2002","Gasoline",63965,4.2,"Med"
"Audi","A8","2001","Gasoline",41257,4.2,"Med"
"Audi","A8","2000","Gasoline",38991,4.2,"Med"
"Audi","A8","2000","Gasoline",51648,4.2,"Med"
"Audi","A8","1999","Gasoline",49338,4.2,"Med"
"Audi","A8","1998","Gasoline",38654,4.2,"Med"
"Audi","A8","1997","Gasoline",30899,4.2,"Med"
"Audi","A8","1996","Gasoline",27920,4.2,"Med"
"Audi","A8","1995","Gasoline",23770,4.2,"Med"
"Audi","A8","1994","Gasoline",18663,4.2,"Med"
"Audi","A8","2006","Gasoline",227175,6,"Med"
"Audi","A8","2017","Gasoline",775555,6.3,"Med"
"Audi","A8","2016","Gasoline",729304,6.3,"Med"
"Audi","A8","2015","Gasoline",592897,6.3,"Med"
"Audi","A8","2014","Gasoline",515898,6.3,"Med"
"Audi","A8","2013","Gasoline",498806,6.3,"Med"
"Audi","A8","2012","Gasoline",482193,6.3,"Med"
"Audi","Allroad","2005","Gasoline",50827,2.7,"Med"
"Audi","Allroad","2004","Gasoline",46927,2.7,"Med"
"Audi","Allroad","2003","Gasoline",38070,2.7,"Med"
"Audi","Allroad","2002","Gasoline",33432,2.7,"Med"
"Audi","Allroad","2001","Gasoline",32325,2.7,"Med"
"Audi","Q3","Zero KM","Gasoline",163445,1.4,"Med"
"Audi","Q3","2018","Gasoline",145840,1.4,"Med"
"Audi","Q3","2017","Gasoline",134192,1.4,"Med"
"Audi","Q3","2016","Gasoline",123945,1.4,"Med"
"Audi","Q3","Zero KM","Gasoline",189352,2,"Med"
"Audi","Q3","2018","Gasoline",166025,2,"Med"
"Audi","Q3","2017","Gasoline",160025,2,"Med"
"Audi","Q3","2016","Gasoline",133847,2,"Med"
"Audi","Q3","2015","Gasoline",113528,2,"Med"
"Audi","Q3","2014","Gasoline",98741,2,"Med"
"Audi","Q3","2013","Gasoline",89044,2,"Med"
"Audi","Q3","Zero KM","Gasoline",213670,2,"Med"
"Audi","Q3","2018","Gasoline",200797,2,"Med"
"Audi","Q3","2017","Gasoline",181375,2,"Med"
"Audi","Q3","2016","Gasoline",134120,2,"Med"
"Audi","Q3","2015","Gasoline",114784,2,"Med"
"Audi","Q3","2014","Gasoline",99121,2,"Med"
"Audi","Q3","2013","Gasoline",89480,2,"Med"
"Audi","Q3","Zero KM","Gasoline",181165,1.4,"Med"
"Audi","Q3","2018","Gasoline",162395,1.4,"Med"
"Audi","Q5","2017","Gasoline",216674,2,"Med"
"Audi","Q5","2016","Gasoline",176613,2,"Med"
"Audi","Q5","2015","Gasoline",157650,2,"Med"
"Audi","Q5","2014","Gasoline",133790,2,"Med"
"Audi","Q5","2013","Gasoline",127615,2,"Med"
"Audi","Q5","2013","Gasoline",126302,2,"Med"
"Audi","Q5","2012","Gasoline",97067,2,"Med"
"Audi","Q5","2011","Gasoline",86137,2,"Med"
"Audi","Q5","2010","Gasoline",80400,2,"Med"
"Audi","Q5","2009","Gasoline",71980,2,"Med"
"Audi","Q5","Zero KM","Gasoline",371611,2,"Med"
"Audi","Q5","2018","Gasoline",312808,2,"Med"
"Audi","Q5","2016","Gasoline",223874,3,"Med"
"Audi","Q5","2015","Gasoline",194000,3,"Med"
"Audi","Q5","2014","Gasoline",164892,3,"Med"
"Audi","Q5","2013","Gasoline",147450,3,"Med"
"Audi","Q5","2012","Gasoline",128348,3.2,"Med"
"Audi","Q5","2011","Gasoline",106574,3.2,"Med"
"Audi","Q5","2010","Gasoline",94396,3.2,"Med"
"Audi","Q5","2009","Gasoline",88021,3.2,"Med"
"Audi","Q5","Zero KM","Gasoline",280227,2,"Med"
"Audi","Q5","2018","Gasoline",242199,2,"Med"
"Audi","Q5","Zero KM","Gasoline",299336,2,"Med"
"Audi","Q5","2018","Gasoline",263085,2,"Med"
"Audi","Q5","Zero KM","Gasoline",249222,2,"Med"
"Audi","Q5","2018","Gasoline",214695,2,"Med"
"Audi","Q7","Zero KM","Gasoline",420155,3,"Med"
"Audi","Q7","2018","Gasoline",369830,3,"Med"
"Audi","Q7","2017","Gasoline",353618,3,"Med"
"Audi","Q7","2016","Gasoline",312103,3,"Med"
"Audi","Q7","2015","Gasoline",229993,3,"Med"
"Audi","Q7","2014","Gasoline",183695,3,"Med"
"Audi","Q7","2013","Gasoline",158907,3,"Med"
"Audi","Q7","2012","Gasoline",128552,3,"Med"
"Audi","Q7","2011","Gasoline",115183,3,"Med"
"Audi","Q7","2010","Gasoline",113969,4.2,"Med"
"Audi","Q7","2009","Gasoline",108900,4.2,"Med"
"Audi","Q7","2008","Gasoline",100082,4.2,"Med"
"Audi","Q7","2007","Gasoline",79283,4.2,"Med"
"Audi","R8","2012","Gasoline",437661,4.2,"Med"
"Audi","R8","2011","Gasoline",417707,4.2,"Med"
"Audi","R8","2010","Gasoline",395142,4.2,"Med"
"Audi","R8","2009","Gasoline",318951,4.2,"Med"
"Audi","R8","2008","Gasoline",309301,4.2,"Med"
"Audi","R8","Zero KM","Gasoline",1183945,5.2,"Med"
"Audi","R8","2018","Gasoline",1055820,5.2,"Med"
"Audi","R8","2017","Gasoline",1020565,5.2,"Med"
"Audi","R8","2015","Gasoline",656465,5.2,"Med"
"Audi","R8","2014","Gasoline",607918,5.2,"Med"
"Audi","R8","2012","Gasoline",549498,5.2,"Med"
"Audi","R8","2011","Gasoline",490519,5.2,"Med"
"Audi","R8","2010","Gasoline",428991,5.2,"Med"
"Audi","R8","2012","Gasoline",804134,5.2,"Med"
"Audi","R8","2016","Gasoline",819685,5.2,"Med"
"Audi","R8","2015","Gasoline",684950,5.2,"Med"
"Audi","R8","2014","Gasoline",658312,5.2,"Med"
"Audi","R8","2013","Gasoline",602895,5.2,"Med"
"Audi","R8","2012","Gasoline",584525,5.2,"Med"
"Audi","R8","2011","Gasoline",512605,5.2,"Med"
"Audi","R8","2010","Gasoline",478346,5.2,"Med"
"Audi","RS","Zero KM","Gasoline",347204,2.5,"Med"
"Audi","RS","2018","Gasoline",314324,2.5,"Med"
"Audi","RS","2017","Gasoline",298400,2.5,"Med"
"Audi","RS","2016","Gasoline",244555,2.5,"Med"
"Audi","RS","2015","Gasoline",201271,2.5,"Med"
"Audi","RS","2014","Gasoline",178548,2.5,"Med"
"Audi","RS3","Zero KM","Gasoline",331745,2.5,"Med"
"Audi","RS3","2018","Gasoline",306035,2.5,"Med"
"Audi","RS3","Zero KM","Gasoline",331745,2.5,"Med"
"Audi","RS3","2018","Gasoline",307222,2.5,"Med"
"Audi","RS3","2016","Gasoline",251098,2.5,"Med"
"Audi","RS3","2013","Gasoline",206722,2.5,"Med"
"Audi","RS3","2012","Gasoline",148100,2.5,"Med"
"Audi","RS4","2001","Gasoline",108821,2.7,"Med"
"Audi","RS4","2015","Gasoline",311293,4.2,"Med"
"Audi","RS4","2014","Gasoline",295849,4.2,"Med"
"Audi","RS4","2013","Gasoline",269495,4.2,"Med"
"Audi","RS5","2015","Gasoline",358053,4.2,"Med"
"Audi","RS5","2014","Gasoline",316123,4.2,"Med"
"Audi","RS5","2013","Gasoline",284393,4.2,"Med"
"Audi","RS5","2012","Gasoline",260213,4.2,"Med"
"Audi","RS5","2011","Gasoline",186639,4.2,"Med"
"Audi","RS6","Zero KM","Gasoline",677672,4,"Med"
"Audi","RS6","2018","Gasoline",639187,4,"Med"
"Audi","RS6","2017","Gasoline",618214,4,"Med"
"Audi","RS6","2016","Gasoline",521111,4,"Med"
"Audi","RS6","2015","Gasoline",433444,4,"Med"
"Audi","RS6","2014","Gasoline",394416,4,"Med"
"Audi","RS6","2004","Gasoline",102728,4.2,"Med"
"Audi","RS6","2003","Gasoline",93053,4.2,"Med"
"Audi","RS6","2004","Gasoline",104741,4.2,"Med"
"Audi","RS6","2003","Gasoline",98912,4.2,"Med"
"Audi","RS6","2011","Gasoline",420334,5,"Med"
"Audi","RS6","2010","Gasoline",407647,5,"Med"
"Audi","RS6","2011","Gasoline",416847,5,"Med"
"Audi","RS6","2010","Gasoline",340668,5,"Med"
"Audi","RS7","Zero KM","Gasoline",733072,4,"Med"
"Audi","RS7","2018","Gasoline",684235,4,"Med"
"Audi","RS7","2017","Gasoline",662739,4,"Med"
"Audi","RS7","2016","Gasoline",555370,4,"Med"
"Audi","RS7","2015","Gasoline",469500,4,"Med"
"Audi","RS7","2014","Gasoline",382818,4,"Med"
"Audi","S","Zero KM","Gasoline",401377,3,"Med"
"Audi","S","2018","Gasoline",358527,3,"Med"
"Audi","S","2017","Gasoline",312435,3,"Med"
"Audi","S","2016","Gasoline",280318,3,"Med"
"Audi","S","2015","Gasoline",230501,3,"Med"
"Audi","S","2014","Gasoline",211048,3,"Med"
"Audi","S3","2003","Gasoline",46461,1.8,"Med"
"Audi","S3","2002","Gasoline",43338,1.8,"Med"
"Audi","S3","2001","Gasoline",41838,1.8,"Med"
"Audi","S3","2000","Gasoline",38276,1.8,"Med"
"Audi","S3","1999","Gasoline",27126,1.8,"Med"
"Audi","S3","2016","Gasoline",198449,2,"Med"
"Audi","S3","2015","Gasoline",161578,2,"Med"
"Audi","S3","2014","Gasoline",155419,2,"Med"
"Audi","S3","2016","Gasoline",182263,2,"Med"
"Audi","S3","2015","Gasoline",155055,2,"Med"
"Audi","S3","2014","Gasoline",143209,2,"Med"
"Audi","S3","2013","Gasoline",133127,2,"Med"
"Audi","S3","2012","Gasoline",111294,2,"Med"
"Audi","S3","2011","Gasoline",98159,2,"Med"
"Audi","S3","2010","Gasoline",93740,2,"Med"
"Audi","S4","2001","Gasoline",51672,2.7,"Med"
"Audi","S4","2000","Gasoline",48372,2.7,"Med"
"Audi","S4","2001","Gasoline",51651,2.7,"Med"
"Audi","S4","2000","Gasoline",46911,2.7,"Med"
"Audi","S4","1999","Gasoline",31604,2.7,"Med"
"Audi","S4","2014","Gasoline",247854,3,"Med"
"Audi","S4","2013","Gasoline",238745,3,"Med"
"Audi","S4","2012","Gasoline",226745,3,"Med"
"Audi","S4","2014","Gasoline",223541,3,"Med"
"Audi","S4","2013","Gasoline",216554,3,"Med"
"Audi","S4","2012","Gasoline",204167,3,"Med"
"Audi","S4","2011","Gasoline",168002,3,"Med"
"Audi","S4","2005","Gasoline",119109,4.2,"Med"
"Audi","S4","2004","Gasoline",115314,4.2,"Med"
"Audi","S4","2005","Gasoline",106985,4.2,"Med"
"Audi","S4","2004","Gasoline",101748,4.2,"Med"
"Audi","S5","2013","Gasoline",284559,3,"Med"
"Audi","S5","2012","Gasoline",258608,3,"Med"
"Audi","S5","2013","Gasoline",270276,3,"Med"
"Audi","S5","2012","Gasoline",182500,3,"Med"
"Audi","S5","2015","Gasoline",286977,3,"Med"
"Audi","S5","2014","Gasoline",270002,3,"Med"
"Audi","S5","2013","Gasoline",233673,3,"Med"
"Audi","S5","2012","Gasoline",192366,3,"Med"
"Audi","S6","1997","Gasoline",19241,2.2,"Med"
"Audi","S6","1996","Gasoline",16830,2.2,"Med"
"Audi","S6","1995","Gasoline",16139,2.2,"Med"
"Audi","S6","1994","Gasoline",15620,2.2,"Med"
"Audi","S6","1997","Gasoline",21524,2.2,"Med"
"Audi","S6","1996","Gasoline",19051,2.2,"Med"
"Audi","S6","1995","Gasoline",18063,2.2,"Med"
"Audi","S6","2016","Gasoline",404296,4,"Med"
"Audi","S6","2015","Gasoline",364925,4,"Med"
"Audi","S6","2014","Gasoline",270025,4,"Med"
"Audi","S6","2013","Gasoline",256472,4,"Med"
"Audi","S6","2001","Gasoline",63112,4.2,"Med"
"Audi","S6","2001","Gasoline",54152,4.2,"Med"
"Audi","S6","2004","Gasoline",83229,4.2,"Med"
"Audi","S6","2003","Gasoline",72514,4.2,"Med"
"Audi","S6","2002","Gasoline",59527,4.2,"Med"
"Audi","S6","2001","Gasoline",57545,4.2,"Med"
"Audi","S6","2011","Gasoline",221877,5.2,"Med"
"Audi","S6","2010","Gasoline",196560,5.2,"Med"
"Audi","S6","2011","Gasoline",221328,5.2,"Med"
"Audi","S6","2010","Gasoline",194504,5.2,"Med"
"Audi","S6","1998","Gasoline",33858,4.2,"Med"
"Audi","S6","1997","Gasoline",32280,4.2,"Med"
"Audi","S6","1998","Gasoline",31272,4.2,"Med"
"Audi","S6","1997","Gasoline",26157,4.2,"Med"
"Audi","S6","1996","Gasoline",20020,4.2,"Med"
"Audi","S7","2016","Gasoline",455550,4,"Med"
"Audi","S7","2015","Gasoline",406598,4,"Med"
"Audi","S7","2014","Gasoline",300960,4,"Med"
"Audi","S7","2013","Gasoline",283815,4,"Med"
"Audi","S8","Zero KM","Gasoline",907514,4,"Med"
"Audi","S8","2017","Gasoline",811207,4,"Med"
"Audi","S8","2016","Gasoline",641864,4,"Med"
"Audi","S8","2015","Gasoline",564432,4,"Med"
"Audi","S8","1998","Gasoline",44317,4.2,"Med"
"Audi","S8","1997","Gasoline",36555,4.2,"Med"
"Audi","S8","1996","Gasoline",32866,4.2,"Med"
"Audi","S8","2000","Gasoline",68153,4.2,"Med"
"Audi","S8","2000","Gasoline",74057,4.2,"Med"
"Audi","S8","2001","Gasoline",83484,4.2,"Med"
"Audi","S8","2000","Gasoline",65547,4.2,"Med"
"Audi","S8","1998","Gasoline",40505,4.2,"Med"
"Audi","TT","2006","Gasoline",88359,1.8,"Med"
"Audi","TT","2005","Gasoline",76668,1.8,"Med"
"Audi","TT","2004","Gasoline",71044,1.8,"Med"
"Audi","TT","2003","Gasoline",66187,1.8,"Med"
"Audi","TT","2002","Gasoline",64005,1.8,"Med"
"Audi","TT","2001","Gasoline",61919,1.8,"Med"
"Audi","TT","2000","Gasoline",58500,1.8,"Med"
"Audi","TT","2006","Gasoline",81067,1.8,"Med"
"Audi","TT","2005","Gasoline",74538,1.8,"Med"
"Audi","TT","2004","Gasoline",64790,1.8,"Med"
"Audi","TT","2003","Gasoline",62878,1.8,"Med"
"Audi","TT","2002","Gasoline",60646,1.8,"Med"
"Audi","TT","2001","Gasoline",58841,1.8,"Med"
"Audi","TT","2000","Gasoline",54494,1.8,"Med"
"Audi","TT","1999","Gasoline",50807,1.8,"Med"
"Audi","TT","Zero KM","Gasoline",268530,2,"Med"
"Audi","TT","2018","Gasoline",229458,2,"Med"
"Audi","TT","2017","Gasoline",211923,2,"Med"
"Audi","TT","2016","Gasoline",178417,2,"Med"
"Audi","TT","2015","Gasoline",162063,2,"Med"
"Audi","TT","2014","Gasoline",137047,2,"Med"
"Audi","TT","2013","Gasoline",129331,2,"Med"
"Audi","TT","2012","Gasoline",115900,2,"Med"
"Audi","TT","2011","Gasoline",110498,2,"Med"
"Audi","TT","2010","Gasoline",98958,2,"Med"
"Audi","TT","2009","Gasoline",95989,2,"Med"
"Audi","TT","2008","Gasoline",91959,2,"Med"
"Audi","TT","2007","Gasoline",81578,2,"Med"
"Audi","TT","2006","Gasoline",94764,1.8,"Med"
"Audi","TT","2005","Gasoline",85369,1.8,"Med"
"Audi","TT","2004","Gasoline",78294,1.8,"Med"
"Audi","TT","2003","Gasoline",75326,1.8,"Med"
"Audi","TT","2002","Gasoline",69246,1.8,"Med"
"Audi","TT","2001","Gasoline",67166,1.8,"Med"
"Audi","TT","2000","Gasoline",63500,1.8,"Med"
"Audi","TT","Zero KM","Gasoline",282662,2,"Med"
"Audi","TT","2018","Gasoline",256458,2,"Med"
"Audi","TT","2017","Gasoline",247124,2,"Med"
"Audi","TT","2016","Gasoline",191391,2,"Med"
"Audi","TT","2014","Gasoline",139894,2,"Med"
"Audi","TT","2013","Gasoline",135486,2,"Med"
"Audi","TT","2012","Gasoline",129555,2,"Med"
"Audi","TT","2011","Gasoline",125456,2,"Med"
"Audi","TT","2010","Gasoline",121120,2,"Med"
"Audi","TT","2009","Gasoline",117299,2,"Med"
"Audi","TT","2008","Gasoline",113326,2,"Med"
"Audi","TT","2007","Gasoline",109326,2,"Med"
"Audi","TTRS","Zero KM","Gasoline",424396,2.5,"Med"
"Audi","TTRS","2018","Gasoline",399550,2.5,"Med"
"Audi","TTRS","2014","Gasoline",299623,2.5,"Med"
"Audi","TTRS","2013","Gasoline",282838,2.5,"Med"
"Audi","TTRS","2012","Gasoline",250519,2.5,"Med"
"Audi","TTRS","2014","Gasoline",296776,2.5,"Med"
"Audi","TTRS","2013","Gasoline",253080,2.5,"Med"
"Audi","TTRS","2012","Gasoline",224610,2.5,"Med"
"Audi","TTS","Zero KM","Gasoline",324151,2,"Med"
"Audi","TTS","2018","Gasoline",290561,2,"Med"
"Audi","TTS","2017","Gasoline",280015,2,"Med"
"Audi","TTS","2016","Gasoline",245609,2,"Med"
"Audi","TTS","2014","Gasoline",221727,2,"Med"
"Audi","TTS","2013","Gasoline",208442,2,"Med"
"Audi","TTS","2012","Gasoline",145147,2,"Med"
"Audi","TTS","2011","Gasoline",130915,2,"Med"
"Audi","TTS","2010","Gasoline",124165,2,"Med"
"Audi","TTS","Zero KM","Gasoline",332772,2,"Med"
"Audi","TTS","2018","Gasoline",296079,2,"Med"
"Audi","TTS","2017","Gasoline",285918,2,"Med"
"Audi","TTS","2016","Gasoline",252401,2,"Med"
"Audi","TTS","2014","Gasoline",223247,2,"Med"
"Audi","TTS","2013","Gasoline",211505,2,"Med"
"Audi","TTS","2012","Gasoline",167769,2,"Med"
"Audi","TTS","2011","Gasoline",135284,2,"Med"
"Audi","TTS","2010","Gasoline",125202,2,"Med"
"Baby","Buggy","Zero KM","Gasoline",50002,1.8,"Med"
"Baby","Buggy","2018","Gasoline",42123,1.8,"Med"
"BMW","116iA","2015","Gasoline",75063,1.6,"Med"
"BMW","116iA","2014","Gasoline",72441,1.6,"Med"
"BMW","116iA","2013","Gasoline",66565,1.6,"Med"
"BMW","116iA","2012","Gasoline",64173,1.6,"Med"
"BMW","118iA","2012","Gasoline",51620,2,"Med"
"BMW","118iA","2011","Gasoline",49442,2,"Med"
"BMW","118iA","2012","Gasoline",53141,2,"Med"
"BMW","118iA","2011","Gasoline",51513,2,"Med"
"BMW","118iA","2010","Gasoline",46125,2,"Med"
"BMW","118iA","2014","Gasoline",81683,1.6,"Med"
"BMW","118iA","2013","Gasoline",77465,1.6,"Med"
"BMW","118iA","2012","Gasoline",70794,1.6,"Med"
"BMW","118iA/","2015","Gasoline",88000,1.6,"Med"
"BMW","118iA/","2014","Gasoline",81489,1.6,"Med"
"BMW","118iA/","2013","Gasoline",76516,1.6,"Med"
"BMW","118iA/","2012","Gasoline",69131,1.6,"Med"
"BMW","120i","2009","Gasoline",48185,2,"Med"
"BMW","120i","2008","Gasoline",44389,2,"Med"
"BMW","120i","2007","Gasoline",41421,2,"Med"
"BMW","120i","2006","Gasoline",39457,2,"Med"
"BMW","120i","2005","Gasoline",38210,2,"Med"
"BMW","120iA","2012","Gasoline",59725,2,"Med"
"BMW","120iA","2011","Gasoline",56172,2,"Med"
"BMW","120iA","2010","Gasoline",50287,2,"Med"
"BMW","120iA","2009","Gasoline",48255,2,"Med"
"BMW","120iA","2008","Gasoline",44508,2,"Med"
"BMW","120iA","2007","Gasoline",42211,2,"Med"
"BMW","120iA","2006","Gasoline",40038,2,"Med"
"BMW","120iA","2005","Gasoline",38374,2,"Med"
"BMW","120iA","2012","Gasoline",110930,2,"Med"
"BMW","120iA","2011","Gasoline",94771,2,"Med"
"BMW","120iA","2010","Gasoline",86148,2,"Med"
"BMW","120iA","2009","Gasoline",83525,2,"Med"
"BMW","120iA","2016","Gasoline",102713,2,"Aut"
"BMW","120iA","2015","Gasoline",99122,2,"Aut"
"BMW","125i","2016","Gasoline",135804,2,"Aut"
"BMW","125i","2015","Gasoline",123346,2,"Aut"
"BMW","125i","2014","Gasoline",104412,2,"Aut"
"BMW","125i","2013","Gasoline",99666,2,"Aut"
"BMW","130i","2009","Gasoline",63622,3,"Med"
"BMW","130i","2008","Gasoline",60871,3,"Med"
"BMW","130i","2007","Gasoline",56032,3,"Med"
"BMW","130i","2006","Gasoline",50981,3,"Med"
"BMW","130iA","2009","Gasoline",63102,3,"Med"
"BMW","130iA","2008","Gasoline",60485,3,"Med"
"BMW","130iA","2012","Gasoline",79656,3,"Med"
"BMW","130iA","2011","Gasoline",74473,3,"Med"
"BMW","130iA","2010","Gasoline",72002,3,"Med"
"BMW","130iA","2009","Gasoline",65817,3,"Med"
"BMW","130iA","2008","Gasoline",61492,3,"Med"
"BMW","130iA","2007","Gasoline",58183,3,"Med"
"BMW","135iA","2012","Gasoline",116475,3,"Med"
"BMW","135iA","2011","Gasoline",113021,3,"Med"
"BMW","135iA","2010","Gasoline",107389,3,"Med"
"BMW","135iA","2009","Gasoline",95776,3,"Med"
"BMW","220iTourer","Zero KM","Gasoline",159563,2,"Aut"
"BMW","220iTourer","2018","Gasoline",147810,2,"Aut"
"BMW","220iTourer","2017","Gasoline",143120,2,"Aut"
"BMW","220iTourer","2016","Gasoline",126060,2,"Aut"
"BMW","225i","2016","Gasoline",129870,2,"Aut"
"BMW","225i","2015","Gasoline",124045,2,"Aut"
"BMW","316i","2015","Gasoline",82145,1.6,"Med"
"BMW","316i","2014","Gasoline",79241,1.6,"Med"
"BMW","318i","1995","Gasoline",29319,1.8,"Med"
"BMW","318i","1994","Gasoline",25321,1.8,"Med"
"BMW","318i/iA","1998","Gasoline",23299,1.8,"Med"
"BMW","318i/iA","1997","Gasoline",20953,1.8,"Med"
"BMW","318i/iA","1996","Gasoline",19754,1.8,"Med"
"BMW","318i/iA","1995","Gasoline",17713,1.8,"Med"
"BMW","318i/iA","1994","Gasoline",17054,1.8,"Med"
"BMW","318i/iA","1993","Gasoline",16499,1.8,"Med"
"BMW","318i/iA","1992","Gasoline",15392,1.8,"Med"
"BMW","318i/iA","1991","Gasoline",11720,1.8,"Med"
"BMW","318i/iA","1997","Gasoline",17598,1.8,"Med"
"BMW","318i/iA","1996","Gasoline",17000,1.8,"Med"
"BMW","318i/iA","1995","Gasoline",16495,1.8,"Med"
"BMW","318i/iA","1994","Gasoline",15460,1.8,"Med"
"BMW","318iA","2012","Gasoline",61450,2,"Med"
"BMW","318iA","2011","Gasoline",59588,2,"Med"
"BMW","318iS/ISA","1998","Gasoline",20327,1.9,"Med"
"BMW","318iS/ISA","1997","Gasoline",19720,1.9,"Med"
"BMW","318iS/ISA","1996","Gasoline",18965,1.9,"Med"
"BMW","318iS/ISA","1995","Gasoline",18269,1.9,"Med"
"BMW","318iS/ISA","1994","Gasoline",16550,1.9,"Med"
"BMW","318iS/ISA","1993","Gasoline",15303,1.9,"Med"
"BMW","318Ti/TiA","1999","Gasoline",23327,1.9,"Med"
"BMW","318Ti/TiA","1998","Gasoline",21251,1.9,"Med"
"BMW","318Ti/TiA","1997","Gasoline",20293,1.9,"Med"
"BMW","318Ti/TiA","1996","Gasoline",19207,1.9,"Med"
"BMW","318Ti/TiA","1995","Gasoline",17584,1.9,"Med"
"BMW","320iA","Zero KM","Gasoline",194410,2,"Med"
"BMW","320iA","2018","Gasoline",167661,2,"Med"
"BMW","320iA","2017","Gasoline",143654,2,"Med"
"BMW","320iA","2016","Gasoline",131008,2,"Med"
"BMW","320iA","2015","Gasoline",107411,2,"Med"
"BMW","320iA","2015","Gasoline",103442,2,"Med"
"BMW","320iA","2014","Gasoline",87698,2,"Med"
"BMW","320iA","2013","Gasoline",84154,2,"Med"
"BMW","320iA","2017","Gasoline",170232,2,"Med"
"BMW","320iA","2016","Gasoline",142506,2,"Med"
"BMW","320iA","2015","Gasoline",118229,2,"Med"
"BMW","320iA","2014","Gasoline",104164,2,"Med"
"BMW","320iA","Zero KM","Gasoline",163643,2,"Med"
"BMW","320iA","2018","Gasoline",147898,2,"Med"
"BMW","320iA","2017","Gasoline",142050,2,"Med"
"BMW","320iA","2016","Gasoline",127250,2,"Med"
"BMW","320iA","2015","Gasoline",106565,2,"Med"
"BMW","320iA","2014","Gasoline",98048,2,"Med"
"BMW","320iA","2013","Gasoline",83436,2,"Med"
"BMW","323i","2001","Gasoline",29384,2.5,"Med"
"BMW","323i","2000","Gasoline",28474,2.5,"Med"
"BMW","323i","1999","Gasoline",27448,2.5,"Med"
"BMW","323i","1998","Gasoline",20978,2.5,"Med"
"BMW","323iA","2001","Gasoline",31968,2.5,"Med"
"BMW","323iA","2000","Gasoline",28992,2.5,"Med"
"BMW","323iA","1999","Gasoline",28075,2.5,"Med"
"BMW","323iA","1998","Gasoline",22395,2.5,"Med"
"BMW","325iA","2003","Gasoline",44476,2.5,"Med"
"BMW","325iA","2002","Gasoline",38026,2.5,"Med"
"BMW","325iA","2001","Gasoline",32373,2.5,"Med"
"BMW","325iA","2010","Gasoline",100667,2.5,"Med"
"BMW","325iA","2009","Gasoline",79900,2.5,"Med"
"BMW","325iA","2008","Gasoline",76010,2.5,"Med"
"BMW","325iA","2007","Gasoline",65820,2.5,"Med"
"BMW","325iA","2002","Gasoline",40241,2.5,"Med"
"BMW","325iA","2001","Gasoline",35663,2.5,"Med"
"BMW","328i","2000","Gasoline",32868,2.8,"Med"
"BMW","328i","1999","Gasoline",30306,2.8,"Med"
"BMW","328i","1998","Gasoline",29002,2.8,"Med"
"BMW","328i","1997","Gasoline",25060,2.8,"Med"
"BMW","328iA","2014","Gasoline",109701,2,"Med"
"BMW","328iA","2013","Gasoline",104566,2,"Med"
"BMW","328iA","2012","Gasoline",98324,2,"Med"
"BMW","328iA","2000","Gasoline",33783,2.8,"Med"
"BMW","328iA","1999","Gasoline",32611,2.8,"Med"
"BMW","328iA","1998","Gasoline",29119,2.8,"Med"
"BMW","328iA","1997","Gasoline",25769,2.8,"Med"
"BMW","328iA","2016","Gasoline",165735,2,"Med"
"BMW","328iA","2015","Gasoline",138283,2,"Med"
"BMW","328iA","2014","Gasoline",114649,2,"Med"
"BMW","328iA","2013","Gasoline",106054,2,"Med"
"BMW","328iA","2012","Gasoline",102507,2,"Med"
"BMW","328iA","Zero KM","Gasoline",249803,2,"Med"
"BMW","328iA","2018","Gasoline",223431,2,"Med"
"BMW","328iA","2017","Gasoline",216178,2,"Med"
"BMW","328iA","2016","Gasoline",184798,2,"Med"
"BMW","328iA","2015","Gasoline",132054,2,"Med"
"BMW","328iA","2013","Gasoline",97001,2,"Med"
"BMW","328iA","Zero KM","Gasoline",205478,2,"Med"
"BMW","328iA","2018","Gasoline",183202,2,"Med"
"BMW","328iA","2017","Gasoline",177796,2,"Med"
"BMW","328iA","2016","Gasoline",154901,2,"Med"
"BMW","328iA","2015","Gasoline",127311,2,"Med"
"BMW","328iA","2014","Gasoline",107505,2,"Med"
"BMW","328iA","2013","Gasoline",104076,2,"Med"
"BMW","330i","2003","Gasoline",42551,3,"Med"
"BMW","330i","2002","Gasoline",39857,3,"Med"
"BMW","330i","2001","Gasoline",36479,3,"Med"
"BMW","330iA","2006","Gasoline",48746,3,"Med"
"BMW","335i","2014","Gasoline",192544,3,"Med"
"BMW","335iA","2012","Gasoline",147200,3,"Med"
"BMW","335iA","2011","Gasoline",113796,3,"Med"
"BMW","335iA","2010","Gasoline",90120,3,"Med"
"BMW","335iA","2009","Gasoline",87302,3,"Med"
"BMW","335iA","2008","Gasoline",78932,3,"Med"
"BMW","335iA","2007","Gasoline",70621,3,"Med"
"BMW","335iA","2012","Gasoline",148096,3,"Med"
"BMW","335iA","2011","Gasoline",142992,3,"Med"
"BMW","335iA","2010","Gasoline",138741,3,"Med"
"BMW","335iA","2009","Gasoline",129788,3,"Med"
"BMW","335iA","2008","Gasoline",110550,3,"Med"
"BMW","335iA","2015","Gasoline",201420,3,"Med"
"BMW","335iA","2014","Gasoline",183943,3,"Med"
"BMW","335iA","2013","Gasoline",149695,3,"Med"
"BMW","335iA","2012","Gasoline",144821,3,"Med"
"BMW","420i","2016","Gasoline",168191,2,"Med"
"BMW","420i","2015","Gasoline",161779,2,"Med"
"BMW","428i","2016","Gasoline",208744,2,"Med"
"BMW","428i","2015","Gasoline",179774,2,"Med"
"BMW","428i","2014","Gasoline",173449,2,"Med"
"BMW","428i","2016","Gasoline",188932,2,"Med"
"BMW","428i","2015","Gasoline",169854,2,"Med"
"BMW","428i","2015","Gasoline",169544,2,"Med"
"BMW","430i","2017","Gasoline",203849,2,"Med"
"BMW","430i","Zero KM","Gasoline",297350,2,"Med"
"BMW","430i","2018","Gasoline",267510,2,"Med"
"BMW","430i","2017","Gasoline",259310,2,"Med"
"BMW","435iA","2015","Gasoline",209065,3,"Med"
"BMW","435iA","2014","Gasoline",185032,3,"Med"
"BMW","520i","1993","Gasoline",14354,2,"Med"
"BMW","520i","1992","Gasoline",13204,2,"Med"
"BMW","520i","1991","Gasoline",12642,2,"Med"
"BMW","528iA","2016","Gasoline",177747,2,"Med"
"BMW","528iA","2015","Gasoline",153460,2,"Med"
"BMW","528iA","2014","Gasoline",145392,2,"Med"
"BMW","528iA","2013","Gasoline",131718,2,"Med"
"BMW","535i/iA","1993","Gasoline",19735,3.5,"Med"
"BMW","535i/iA","1992","Gasoline",18992,3.5,"Med"
"BMW","535i/iA","1991","Gasoline",18261,3.5,"Med"
"BMW","535i/iA","1990","Gasoline",15417,3.5,"Med"
"BMW","535iA","2013","Gasoline",160815,3,"Med"
"BMW","535iA","2012","Gasoline",125565,3,"Med"
"BMW","535iA","2011","Gasoline",113645,3,"Med"
"BMW","535iA","2010","Gasoline",107356,3,"Med"
"BMW","535iA","2012","Gasoline",133265,3,"Med"
"BMW","535iA","2011","Gasoline",121765,3,"Med"
"BMW","535iA","2010","Gasoline",113458,3,"Med"
"BMW","535iA","2016","Gasoline",234444,3,"Med"
"BMW","535iA","2015","Gasoline",215202,3,"Med"
"BMW","535iA","2014","Gasoline",180425,3,"Med"
"BMW","535iA","2013","Gasoline",163604,3,"Med"
"BMW","545iA","2006","Gasoline",68105,4.4,"Med"
"BMW","545iA","2005","Gasoline",61367,4.4,"Med"
"BMW","545iA","2004","Gasoline",54051,4.4,"Med"
"BMW","550iA","2012","Gasoline",191850,4.4,"Med"
"BMW","550iA","2011","Gasoline",143172,4.4,"Med"
"BMW","550iA","2010","Gasoline",138472,4.4,"Med"
"BMW","550iA","2009","Gasoline",84525,4.8,"Med"
"BMW","550iA","2008","Gasoline",82015,4.8,"Med"
"BMW","550iA","2007","Gasoline",77351,4.8,"Med"
"BMW","550iA","2006","Gasoline",72924,4.8,"Med"
"BMW","550iA","2010","Gasoline",87962,4.8,"Med"
"BMW","550iA","2009","Gasoline",121205,4.8,"Med"
"BMW","550iA","2008","Gasoline",117458,4.8,"Med"
"BMW","550iA","2007","Gasoline",104023,4.8,"Med"
"BMW","550iA","2006","Gasoline",100581,4.8,"Med"
"BMW","640i","2015","Gasoline",255087,3,"Med"
"BMW","640i","2014","Gasoline",242727,3,"Med"
"BMW","640i","2013","Gasoline",211353,3,"Med"
"BMW","645Ci","2005","Gasoline",2e+05,4.4,"Med"
"BMW","645iA","2005","Gasoline",127200,4.4,"Med"
"BMW","645iA","2004","Gasoline",110768,4.4,"Med"
"BMW","650Ci","2012","Gasoline",249546,4.4,"Med"
"BMW","650Ci","2012","Gasoline",325267,4.8,"Med"
"BMW","650Ci","2007","Gasoline",186977,4.8,"Med"
"BMW","650Ci","2006","Gasoline",160753,4.8,"Med"
"BMW","650i","2016","Gasoline",463403,4.4,"Med"
"BMW","650i","2015","Gasoline",374679,4.4,"Med"
"BMW","650i","2014","Gasoline",350458,4.4,"Med"
"BMW","650i","2013","Gasoline",340105,4.4,"Med"
"BMW","650i","2012","Gasoline",320755,4.4,"Med"
"BMW","650iA","2009","Gasoline",154185,4.8,"Med"
"BMW","650iA","2008","Gasoline",149285,4.8,"Med"
"BMW","650iA","2007","Gasoline",144485,4.8,"Med"
"BMW","650iA","2006","Gasoline",131011,4.8,"Med"
"BMW","650iA","2010","Gasoline",178983,4.8,"Med"
"BMW","730i","1992","Gasoline",17671,3,"Med"
"BMW","730i","1991","Gasoline",15569,3,"Med"
"BMW","730iA","1992","Gasoline",17713,3,"Med"
"BMW","730iA","1991","Gasoline",15857,3,"Med"
"BMW","735i/iA","1992","Gasoline",18142,3.5,"Med"
"BMW","735i/iA","1991","Gasoline",17359,3.5,"Med"
"BMW","735i/iA","1990","Gasoline",16811,3.5,"Med"
"BMW","735i/iA","1989","Gasoline",15807,3.5,"Med"
"BMW","735i/iA","1988","Gasoline",13287,3.5,"Med"
"BMW","735i/iA","1987","Gasoline",11334,3.5,"Med"
"BMW","740iL/iLA","1996","Gasoline",34349,4.4,"Med"
"BMW","745iA","2005","Gasoline",101392,4.4,"Med"
"BMW","745iA","2004","Gasoline",83000,4.4,"Med"
"BMW","745iA","2003","Gasoline",67188,4.4,"Med"
"BMW","745iA","2002","Gasoline",59054,4.4,"Med"
"BMW","750i","2015","Gasoline",383980,4.4,"Aut"
"BMW","750i","2014","Gasoline",353923,4.4,"Aut"
"BMW","750iL","1998","Gasoline",52642,5.4,"Med"
"BMW","750iL","1997","Gasoline",51020,5.4,"Med"
"BMW","750iL","1996","Gasoline",46355,5.4,"Med"
"BMW","750iL","1995","Gasoline",41449,5.4,"Med"
"BMW","750iL","1994","Gasoline",34319,5.4,"Med"
"BMW","750iL","1993","Gasoline",28452,5.4,"Med"
"BMW","750iL","Zero KM","Gasoline",774291,4.4,"Aut"
"BMW","750iL","2018","Gasoline",687445,4.4,"Aut"
"BMW","750iL","2017","Gasoline",666100,4.4,"Aut"
"BMW","750iL","2016","Gasoline",645100,4.4,"Aut"
"BMW","750iLA","2012","Gasoline",260310,4.4,"Med"
"BMW","750iLA","2011","Gasoline",245460,4.4,"Med"
"BMW","760iL","2012","Gasoline",371792,6,"Med"
"BMW","760iL","2011","Gasoline",280070,6,"Med"
"BMW","760iL","2010","Gasoline",263568,6,"Med"
"BMW","760iL","2008","Gasoline",166985,6,"Med"
"BMW","760iL","2007","Gasoline",160200,6,"Med"
"BMW","760iL","2006","Gasoline",155200,6,"Med"
"BMW","760iL","2005","Gasoline",150153,6,"Med"
"BMW","760iL","2004","Gasoline",116770,6,"Med"
"BMW","760iL","2003","Gasoline",111364,6,"Med"
"BMW","850Ci/CiA","1995","Gasoline",88184,5,"Med"
"BMW","850Ci/CiA","1994","Gasoline",84749,5,"Med"
"BMW","850Ci/CiA","1993","Gasoline",69073,5,"Med"
"BMW","850Ci/CiA","1992","Gasoline",56898,5,"Med"
"BMW","850Ci/CiA","1991","Gasoline",52121,5,"Med"
"BMW","850Ci/CiA","1998","Gasoline",81627,5.4,"Med"
"BMW","850Ci/CiA","1997","Gasoline",78685,5.4,"Med"
"BMW","850Ci/CiA","1996","Gasoline",75992,5.4,"Med"
"BMW","850CSi","1995","Gasoline",86291,5.6,"Med"
"BMW","850CSi","1994","Gasoline",73618,5.6,"Med"
"BMW","850CSi","1993","Gasoline",70115,5.6,"Med"
"BMW","850CSi","1992","Gasoline",66891,5.6,"Med"
"BMW","850i","1996","Gasoline",65992,5,"Med"
"BMW","850i","1995","Gasoline",57505,5,"Med"
"BMW","850i","1994","Gasoline",52588,5,"Med"
"BMW","850i","1993","Gasoline",48319,5,"Med"
"BMW","850i","1992","Gasoline",44651,5,"Med"
"BMW","850i","1991","Gasoline",39484,5,"Med"
"BMW","M","2016","Gasoline",191837,3,"Med"
"BMW","M","2015","Gasoline",163627,3,"Med"
"BMW","M","2014","Gasoline",143033,3,"Med"
"BMW","M","2013","Gasoline",135219,3,"Med"
"BMW","M","2016","Gasoline",207175,3,"Med"
"BMW","M","2015","Gasoline",191819,3,"Med"
"BMW","M","2014","Gasoline",169750,3,"Med"
"BMW","M1","2012","Gasoline",212938,3,"Med"
"BMW","M1","2011","Gasoline",206100,3,"Med"
"BMW","M140i","Zero KM","Gasoline",289000,3,"Med"
"BMW","M140i","2018","Gasoline",255150,3,"Med"
"BMW","M140i","2017","Gasoline",246255,3,"Med"
"BMW","M2","Zero KM","Gasoline",401170,3,"Med"
"BMW","M2","2018","Gasoline",369590,3,"Med"
"BMW","M2","2017","Gasoline",347979,3,"Med"
"BMW","M240i","Zero KM","Gasoline",312797,3,"Med"
"BMW","M240i","2018","Gasoline",278978,3,"Med"
"BMW","M240i","2017","Gasoline",269450,3,"Med"
"BMW","M3","2006","Gasoline",117322,3.2,"Med"
"BMW","M3","2005","Gasoline",113066,3.2,"Med"
"BMW","M3","2004","Gasoline",95321,3.2,"Med"
"BMW","M3","2003","Gasoline",91786,3.2,"Med"
"BMW","M3","2002","Gasoline",88458,3.2,"Med"
"BMW","M3","2001","Gasoline",85265,3.2,"Med"
"BMW","M3","2000","Gasoline",70220,3.2,"Med"
"BMW","M3","1999","Gasoline",51731,3.2,"Med"
"BMW","M3","1998","Gasoline",45990,3.2,"Med"
"BMW","M3","1997","Gasoline",37739,3.2,"Med"
"BMW","M3","1996","Gasoline",34429,3.2,"Med"
"BMW","M3","1995","Gasoline",49670,3,"Med"
"BMW","M3","1994","Gasoline",39078,3,"Med"
"BMW","M3","2010","Gasoline",178498,4,"Med"
"BMW","M3","2009","Gasoline",170096,4,"Med"
"BMW","M3","1998","Gasoline",38515,3,"Med"
"BMW","M3","1997","Gasoline",35085,3,"Med"
"BMW","M3","1996","Gasoline",32921,3,"Med"
"BMW","M3","1995","Gasoline",29656,3,"Med"
"BMW","M3","1994","Gasoline",27709,3,"Med"
"BMW","M3","1993","Gasoline",23688,3,"Med"
"BMW","M3","1992","Gasoline",18048,3,"Med"
"BMW","M3","1991","Gasoline",15953,3,"Med"
"BMW","M3","1995","Gasoline",35285,3,"Med"
"BMW","M3","1994","Gasoline",32106,3,"Med"
"BMW","M3","2013","Gasoline",247353,4,"Med"
"BMW","M3","2012","Gasoline",207950,4,"Med"
"BMW","M3","2011","Gasoline",194900,4,"Med"
"BMW","M3","2010","Gasoline",173265,4,"Med"
"BMW","M3","2009","Gasoline",167450,4,"Med"
"BMW","M3","2008","Gasoline",149912,4,"Med"
"BMW","M3","Zero KM","Gasoline",474900,3,"Med"
"BMW","M3","2018","Gasoline",421010,3,"Med"
"BMW","M3","2017","Gasoline",406235,3,"Med"
"BMW","M3","2016","Gasoline",377217,3,"Med"
"BMW","M3","2015","Gasoline",329017,3,"Med"
"BMW","M3","2012","Gasoline",206831,4,"Med"
"BMW","M3","2011","Gasoline",193523,4,"Med"
"BMW","M3","2010","Gasoline",171046,4,"Med"
"BMW","M3","2009","Gasoline",156597,4,"Med"
"BMW","M3","2008","Gasoline",140000,4,"Med"
"BMW","M4","2016","Gasoline",402154,3,"Med"
"BMW","M4","2015","Gasoline",390120,3,"Med"
"BMW","M4","2016","Gasoline",396984,3,"Med"
"BMW","M4","2015","Gasoline",326626,3,"Med"
"BMW","M5","1995","Gasoline",48876,3.8,"Med"
"BMW","M5","1994","Gasoline",42387,3.8,"Med"
"BMW","M5","1993","Gasoline",35067,3.8,"Med"
"BMW","M5","1992","Gasoline",33802,3.8,"Med"
"BMW","M5","1991","Gasoline",30181,3.8,"Med"
"BMW","M5","2015","Gasoline",373156,4.4,"Aut"
"BMW","M5","2014","Gasoline",328109,4.4,"Aut"
"BMW","M5","2013","Gasoline",286400,4.4,"Aut"
"BMW","M5","2012","Gasoline",264000,4.4,"Aut"
"BMW","M5","2010","Gasoline",196389,5,"Med"
"BMW","M5","2009","Gasoline",180198,5,"Med"
"BMW","M5","2008","Gasoline",157469,5,"Med"
"BMW","M5","2007","Gasoline",141837,5,"Med"
"BMW","M5","2006","Gasoline",130178,5,"Med"
"BMW","M5","2003","Gasoline",104387,5,"Med"
"BMW","M5","2002","Gasoline",100223,5,"Med"
"BMW","M5","2001","Gasoline",90045,5,"Med"
"BMW","M5","2000","Gasoline",76148,5,"Med"
"BMW","M5","1999","Gasoline",67530,5,"Med"
"BMW","M6","2010","Gasoline",237541,5,"Med"
"BMW","M6","2009","Gasoline",229797,5,"Med"
"BMW","M6","2008","Gasoline",208452,5,"Med"
"BMW","M6","2007","Gasoline",165963,5,"Med"
"BMW","M6","2006","Gasoline",160602,5,"Med"
"BMW","M6","2015","Gasoline",408791,4.4,"Med"
"BMW","M6","2014","Gasoline",357475,4.4,"Med"
"BMW","M6","2013","Gasoline",321881,4.4,"Med"
"BMW","M6","Zero KM","Gasoline",699475,4.4,"Med"
"BMW","M6","2018","Gasoline",619950,4.4,"Med"
"BMW","M6","2017","Gasoline",600120,4.4,"Med"
"BMW","M6","2016","Gasoline",495860,4.4,"Med"
"BMW","M6","2015","Gasoline",421800,4.4,"Med"
"BMW","M6","2014","Gasoline",371263,4.4,"Med"
"BMW","X1","2014","Gasoline",84289,2,"Aut"
"BMW","X1","2013","Gasoline",79530,2,"Aut"
"BMW","X1","2012","Gasoline",65982,2,"Aut"
"BMW","X1","2011","Gasoline",63484,2,"Aut"
"BMW","X1","2010","Gasoline",61501,2,"Aut"
"BMW","X1","Zero KM","Gasoline",190180,2,"Aut"
"BMW","X1","2018","Gasoline",173659,2,"Aut"
"BMW","X1","2017","Gasoline",167545,2,"Aut"
"BMW","X1","2016","Gasoline",158410,2,"Aut"
"BMW","X1","2015","Gasoline",107741,2,"Aut"
"BMW","X1","2014","Gasoline",95950,2,"Aut"
"BMW","X1","2013","Gasoline",84814,2,"Aut"
"BMW","X1","2012","Gasoline",70291,2,"Aut"
"BMW","X1","Zero KM","Gasoline",223207,2,"Aut"
"BMW","X1","2018","Gasoline",198632,2,"Aut"
"BMW","X1","2017","Gasoline",180315,2,"Aut"
"BMW","X1","2016","Gasoline",172729,2,"Aut"
"BMW","X4","Zero KM","Gasoline",317187,2,"Med"
"BMW","X4","2018","Gasoline",293951,2,"Med"
"BMW","X4","2017","Gasoline",284795,2,"Med"
"BMW","X4","2016","Gasoline",231675,2,"Med"
"BMW","X4","2015","Gasoline",194085,2,"Med"
"BMW","X4","Zero KM","Gasoline",362050,3,"Aut"
"BMW","X4","2017","Gasoline",321160,3,"Aut"
"BMW","X4","2016","Gasoline",271204,3,"Aut"
"BMW","X4","2015","Gasoline",248940,3,"Aut"
"BMW","X5","2010","Gasoline",89608,3,"Med"
"BMW","X5","2009","Gasoline",80955,3,"Med"
"BMW","X5","2008","Gasoline",78250,3,"Med"
"BMW","X5","2007","Gasoline",70551,3,"Med"
"BMW","X5","2006","Gasoline",59077,3,"Med"
"BMW","X5","2005","Gasoline",53738,3,"Med"
"BMW","X5","2004","Gasoline",47095,3,"Med"
"BMW","X5","2003","Gasoline",40495,3,"Med"
"BMW","X5","2002","Gasoline",39210,3,"Med"
"BMW","X5","2001","Gasoline",37845,3,"Med"
"BMW","X5","2003","Gasoline",54067,4.4,"Med"
"BMW","X5","2002","Gasoline",47837,4.4,"Med"
"BMW","X5","2001","Gasoline",46285,4.4,"Med"
"BMW","X5","2000","Gasoline",42200,4.4,"Med"
"BMW","X5","2008","Gasoline",115023,4.8,"Med"
"BMW","X5","2007","Gasoline",102614,4.8,"Med"
"BMW","X5","2006","Gasoline",94479,4.8,"Med"
"BMW","X5","2005","Gasoline",90035,4.8,"Med"
"BMW","X5","2004","Gasoline",82557,4.8,"Med"
"BMW","X5","2010","Gasoline",111422,4.8,"Aut"
"BMW","X5","2009","Gasoline",89433,4.8,"Aut"
"BMW","X5","2008","Gasoline",86763,4.8,"Aut"
"BMW","X5","Zero KM","Gasoline",648225,4.4,"Aut"
"BMW","X5","2018","Gasoline",575178,4.4,"Aut"
"BMW","X5","2012","Gasoline",192784,4.4,"Aut"
"BMW","X5","2011","Gasoline",185900,4.4,"Aut"
"BMW","X5","2010","Gasoline",161219,4.4,"Aut"
"BMW","X5","2006","Gasoline",125121,4.4,"Med"
"BMW","X5","2005","Gasoline",113251,4.4,"Med"
"BMW","X5","2006","Gasoline",61689,4.4,"Med"
"BMW","X5","2005","Gasoline",52529,4.4,"Med"
"BMW","X5","2004","Gasoline",44125,4.4,"Med"
"BMW","X5","2003","Gasoline",42784,4.4,"Med"
"BMW","X5","2002","Gasoline",40731,4.4,"Med"
"BMW","X5","2001","Gasoline",38462,4.4,"Med"
"BMW","X5","2010","Gasoline",107069,4.8,"Med"
"BMW","X5","2009","Gasoline",90334,4.8,"Med"
"BMW","X5","2008","Gasoline",86982,4.8,"Med"
"BMW","X5","2007","Gasoline",83138,4.8,"Med"
"BMW","X5","2006","Gasoline",79916,4.8,"Med"
"BMW","X5","Zero KM","Diesel",420281,3,"Med"
"BMW","X5","2018","Diesel",372303,3,"Med"
"BMW","X5","2017","Diesel",331379,3,"Med"
"BMW","X5","2016","Diesel",302991,3,"Med"
"BMW","X5","2015","Diesel",263500,3,"Med"
"BMW","X5","2015","Diesel",280188,3,"Med"
"BMW","X5","2015","Gasoline",241907,3,"Med"
"BMW","X5","2014","Gasoline",222177,3,"Med"
"BMW","X5","2013","Gasoline",157283,3,"Med"
"BMW","X5","2012","Gasoline",142599,3,"Med"
"BMW","X5","2011","Gasoline",138091,3,"Med"
"BMW","X5","Zero KM","Gasoline",408350,3,"Med"
"BMW","X5","2017","Gasoline",337182,3,"Med"
"BMW","X5","2016","Gasoline",285266,3,"Med"
"BMW","X5","2015","Gasoline",244985,3,"Med"
"BMW","X5","2014","Gasoline",237125,3,"Med"
"BMW","X5","2015","Gasoline",292815,4.4,"Med"
"BMW","X5","2014","Gasoline",272204,4.4,"Med"
"BMW","X5","2012","Gasoline",222250,4.4,"Med"
"BMW","X5","2011","Gasoline",178054,4.4,"Med"
"BMW","X5","2015","Gasoline",335276,4.4,"Med"
"BMW","X5","2014","Gasoline",308122,4.4,"Med"
"BMW","X5","2016","Gasoline",488701,4.4,"Med"
"BMW","X5","2015","Gasoline",434458,4.4,"Med"
"BMW","X5","2014","Gasoline",420476,4.4,"Med"
"BMW","X5","2013","Gasoline",333298,4.4,"Med"
"BMW","X5","2012","Gasoline",320910,4.4,"Med"
"BMW","X5","2011","Gasoline",300680,4.4,"Med"
"BMW","X5","Zero KM","Diesel",513523,3,"Med"
"BMW","X5","2017","Diesel",428865,3,"Med"
"BMW","X5","2016","Diesel",410864,3,"Med"
"BMW","X5","2015","Diesel",358769,3,"Med"
"BMW","X6","Zero KM","Gasoline",680292,4.4,"Aut"
"BMW","X6","2018","Gasoline",617564,4.4,"Aut"
"BMW","X6","2017","Gasoline",574580,4.4,"Aut"
"BMW","X6","2016","Gasoline",484650,4.4,"Aut"
"BMW","X6","2015","Gasoline",362231,4.4,"Aut"
"BMW","X6","2014","Gasoline",298614,4.4,"Aut"
"BMW","X6","2013","Gasoline",268318,4.4,"Aut"
"BMW","X6","2012","Gasoline",206745,4.4,"Aut"
"BMW","X6","2011","Gasoline",195425,4.4,"Aut"
"BMW","X6","2010","Gasoline",176747,4.4,"Aut"
"BMW","X6","Zero KM","Gasoline",444367,3,"Med"
"BMW","X6","2018","Gasoline",408100,3,"Med"
"BMW","X6","2017","Gasoline",394265,3,"Med"
"BMW","X6","2016","Gasoline",340870,3,"Med"
"BMW","X6","2015","Gasoline",308699,3,"Med"
"BMW","X6","2014","Gasoline",213060,3,"Med"
"BMW","X6","2013","Gasoline",199127,3,"Med"
"BMW","X6","2012","Gasoline",175009,3,"Med"
"BMW","X6","2011","Gasoline",156096,3,"Med"
"BMW","X6","2010","Gasoline",143361,3,"Med"
"BMW","X6","2009","Gasoline",133749,3,"Med"
"BMW","X6","2008","Gasoline",119978,3,"Med"
"BMW","X6","2015","Gasoline",348308,4.4,"Med"
"BMW","X6","2014","Gasoline",266050,4.4,"Med"
"BMW","X6","2013","Gasoline",250238,4.4,"Med"
"BMW","X6","2012","Gasoline",209349,4.4,"Med"
"BMW","X6","2011","Gasoline",194526,4.4,"Med"
"BMW","X6","2010","Gasoline",187458,4.4,"Med"
"BMW","X6","2009","Gasoline",181365,4.4,"Med"
"BMW","X6","2008","Gasoline",171485,4.4,"Med"
"BMW","X6","2016","Gasoline",406066,4.4,"Med"
"BMW","X6","2015","Gasoline",346486,4.4,"Med"
"BMW","Z3","2000","Gasoline",76914,2.8,"Aut"
"BMW","Z3","1999","Gasoline",74298,2.8,"Aut"
"BMW","Z3","1998","Gasoline",72065,2.8,"Aut"
"BMW","Z3","1997","Gasoline",67582,2.8,"Aut"
"BMW","Z3","2001","Gasoline",83190,2.8,"Med"
"BMW","Z3","2000","Gasoline",72543,2.8,"Med"
"BMW","Z3","1999","Gasoline",65169,2.8,"Med"
"BMW","Z3","1998","Gasoline",63105,2.8,"Med"
"BMW","Z3","1997","Gasoline",61189,2.8,"Med"
"BMW","Z3","2002","Gasoline",89756,3,"Med"
"BMW","Z3","2001","Gasoline",86941,3,"Med"
"BMW","Z3","1999","Gasoline",71130,1.9,"Med"
"BMW","Z3","1998","Gasoline",68589,1.9,"Med"
"BMW","Z3","1997","Gasoline",65236,1.9,"Med"
"BMW","Z3","1996","Gasoline",62014,1.9,"Med"
"BMW","Z3","2000","Gasoline",78346,2.8,"Med"
"BMW","Z3","1999","Gasoline",75026,2.8,"Med"
"BMW","Z3","1998","Gasoline",72154,2.8,"Med"
"BMW","Z3","1997","Gasoline",66570,2.8,"Med"
"BMW","Z3","2002","Gasoline",92349,3.2,"Med"
"BMW","Z3","2001","Gasoline",89486,3.2,"Med"
"BMW","Z3","2000","Gasoline",81775,3.2,"Med"
"BMW","Z3","1999","Gasoline",76511,3.2,"Med"
"BMW","Z3","1998","Gasoline",74109,3.2,"Med"
"BMW","Z3","1997","Gasoline",67660,3.2,"Med"
"BMW","Z4","2008","Gasoline",142858,3.2,"Med"
"BMW","Z4","2007","Gasoline",134014,3.2,"Med"
"BMW","Z4","2009","Gasoline",91000,2,"Med"
"BMW","Z4","2008","Gasoline",87126,2,"Med"
"BMW","Z4","2007","Gasoline",83114,2,"Med"
"BMW","Z4","2008","Gasoline",113944,3,"Aut"
"BMW","Z4","2007","Gasoline",100250,3,"Aut"
"BMW","Z4","2006","Gasoline",96698,3,"Aut"
"BMW","Z4","2005","Gasoline",90021,3,"Aut"
"BMW","Z4","2004","Gasoline",86989,3,"Aut"
"BMW","Z4","2003","Gasoline",80642,3,"Aut"
"BMW","Z4","2008","Gasoline",146149,3.2,"Med"
"BMW","Z4","2007","Gasoline",136352,3.2,"Med"
"BMW","Z4","2016","Gasoline",207176,2,"Aut"
"BMW","Z4","2015","Gasoline",180339,2,"Aut"
"BMW","Z4","2014","Gasoline",160082,2,"Aut"
"BMW","Z4","2013","Gasoline",148560,2,"Aut"
"BMW","Z4","2012","Gasoline",143307,2,"Aut"
"BMW","Z4","2012","Gasoline",133698,2.5,"Med"
"BMW","Z4","2011","Gasoline",129236,2.5,"Med"
"BMW","Z4","2010","Gasoline",117958,2.5,"Med"
"BMW","Z4","2014","Gasoline",234258,3,"Med"
"BMW","Z4","2013","Gasoline",2e+05,3,"Med"
"BMW","Z4","2012","Gasoline",193265,3,"Med"
"BMW","Z4","2011","Gasoline",173727,3,"Med"
"BMW","Z4","2010","Gasoline",150695,3,"Med"
"BMW","Z4","2009","Gasoline",145896,3,"Med"
"BMW","Z4","2003","Gasoline",77668,3,"Aut"
"BMW","Z8","2001","Gasoline",148499,5,"Med"
"CHANA","Cargo","2012","Gasoline",19113,1,"Med"
"CHANA","Cargo","2011","Gasoline",17956,1,"Med"
"CHANA","Cargo","2010","Gasoline",14454,1,"Med"
"CHANA","Cargo","2009","Gasoline",12498,1,"Med"
"CHANA","Cargo","2008","Gasoline",10756,1,"Med"
"CHANA","Cargo","2007","Gasoline",10062,1,"Med"
"CHANA","Cargo","2006","Gasoline",9528,1,"Med"
"CHANA","Cargo","2005","Gasoline",8154,1,"Med"
"CHANA","Cargo","2012","Gasoline",20220,1,"Med"
"CHANA","Cargo","2011","Gasoline",18771,1,"Med"
"CHANA","Cargo","2010","Gasoline",17690,1,"Med"
"CHANA","Cargo","2009","Gasoline",16697,1,"Med"
"CHANA","Cargo","2008","Gasoline",14819,1,"Med"
"CHANA","Cargo","2007","Gasoline",12267,1,"Med"
"CHANA","Cargo","2012","Gasoline",19422,1,"Med"
"CHANA","Cargo","2011","Gasoline",17986,1,"Med"
"CHANA","Cargo","2010","Gasoline",16722,1,"Med"
"CHANA","Cargo","2009","Gasoline",15747,1,"Med"
"CHANA","Cargo","2008","Gasoline",13724,1,"Med"
"CHANA","Cargo","2007","Gasoline",11857,1,"Med"
"CHANA","Cargo","2006","Gasoline",11443,1,"Med"
"CHANA","Family","2009","Gasoline",16112,1,"Med"
"CHANA","Family","2008","Gasoline",15346,1,"Med"
"CHANA","Family","2007","Gasoline",13214,1,"Med"
"CHANA","Family","2006","Gasoline",12035,1,"Med"
"CHANA","Family","2005","Gasoline",11386,1,"Med"
"CHANA","Utility","2009","Gasoline",14912,1,"Med"
"CHANA","Utility","2008","Gasoline",13803,1,"Med"
"CHANA","Utility","2007","Gasoline",11458,1,"Med"
"CHANA","Utility","2006","Gasoline",11103,1,"Med"
"CHANA","Utility","2005","Gasoline",10373,1,"Med"
"CHERY","Celer","Zero KM","Gasoline",39490,1.5,"Med"
"CHERY","Celer","2017","Gasoline",36608,1.5,"Med"
"CHERY","Celer","2016","Gasoline",35440,1.5,"Med"
"CHERY","Celer","2015","Gasoline",29084,1.5,"Med"
"CHERY","Celer","2014","Gasoline",25731,1.5,"Med"
"CHERY","Celer","2013","Gasoline",22532,1.5,"Med"
"CHERY","Celer","Zero KM","Gasoline",42578,1.5,"Med"
"CHERY","Celer","2018","Gasoline",36745,1.5,"Med"
"CHERY","Celer","2017","Gasoline",35341,1.5,"Med"
"CHERY","Celer","2016","Gasoline",34085,1.5,"Med"
"CHERY","Celer","2015","Gasoline",29565,1.5,"Med"
"CHERY","Celer","Zero KM","Gasoline",41830,1.5,"Med"
"CHERY","Celer","2018","Gasoline",36874,1.5,"Med"
"CHERY","Celer","2017","Gasoline",35496,1.5,"Med"
"CHERY","Celer","2016","Gasoline",34251,1.5,"Med"
"CHERY","Celer","2015","Gasoline",30691,1.5,"Med"
"CHERY","Celer","2014","Gasoline",26128,1.5,"Med"
"CHERY","Celer","2013","Gasoline",22581,1.5,"Med"
"CHERY","Celer","Zero KM","Gasoline",43870,1.5,"Med"
"CHERY","Celer","2018","Gasoline",39198,1.5,"Med"
"CHERY","Celer","2017","Gasoline",37943,1.5,"Med"
"CHERY","Celer","2016","Gasoline",36571,1.5,"Med"
"CHERY","Celer","2015","Gasoline",33022,1.5,"Med"
"CHERY","CIELO","2012","Gasoline",20647,1.6,"Med"
"CHERY","CIELO","2011","Gasoline",19891,1.6,"Med"
"CHERY","CIELO","2010","Gasoline",18501,1.6,"Med"
"CHERY","CIELO","2012","Gasoline",21688,1.6,"Med"
"CHERY","CIELO","2011","Gasoline",20996,1.6,"Med"
"CHERY","CIELO","2010","Gasoline",18600,1.6,"Med"
"CHERY","Face","2015","Gasoline",24654,1.3,"Med"
"CHERY","Face","2014","Gasoline",20966,1.3,"Med"
"CHERY","Face","2013","Gasoline",17434,1.3,"Med"
"CHERY","Face","2012","Gasoline",15232,1.3,"Med"
"CHERY","Face","2011","Gasoline",14751,1.3,"Med"
"CHERY","Face","2010","Gasoline",13689,1.3,"Med"
"CHERY","QQ","Zero KM","Gasoline",33190,1,"Med"
"CHERY","QQ","2018","Gasoline",29110,1,"Med"
"CHERY","QQ","2017","Gasoline",28206,1,"Med"
"CHERY","QQ","2016","Gasoline",27255,1,"Med"
"CHERY","QQ","2015","Gasoline",26066,1,"Med"
"CHERY","QQ","2015","Gasoline",21452,1,"Med"
"CHERY","QQ","Zero KM","Gasoline",30741,1,"Med"
"CHERY","QQ","2018","Gasoline",27996,1,"Med"
"CHERY","QQ","2017","Gasoline",27020,1,"Med"
"CHERY","QQ","2016","Gasoline",26140,1,"Med"
"CHERY","QQ","2015","Gasoline",24808,1,"Med"
"CHERY","QQ","2015","Gasoline",20750,1.1,"Med"
"CHERY","QQ","2014","Gasoline",17116,1.1,"Med"
"CHERY","QQ","2013","Gasoline",15798,1.1,"Med"
"CHERY","QQ","2012","Gasoline",14086,1.1,"Med"
"CHERY","QQ","2011","Gasoline",13636,1.1,"Med"
"CHERY","S-18","2012","Gasoline",17794,1.3,"Med"
"CHERY","S-18","2011","Gasoline",17215,1.3,"Med"
"CHERY","S-18","2010","Gasoline",16642,1.3,"Med"
"CHERY","Tiggo","Zero KM","Gasoline",67128,1.5,"Med"
"CHERY","Tiggo","2019","Gasoline",59886,1.5,"Med"
"CHERY","Tiggo","Zero KM","Gasoline",59884,1.5,"Med"
"CHERY","Tiggo","2019","Gasoline",54075,1.5,"Med"
"CHERY","Tiggo","2015","Gasoline",40125,2,"Aut"
"CHERY","Tiggo","2014","Gasoline",38514,2,"Aut"
"CHERY","Tiggo","2013","Gasoline",36395,2,"Aut"
"GM - Chevrolet","A-10","1989","Gasoline",12050,2.5,"Med"
"GM - Chevrolet","A-10","1988","Gasoline",10967,2.5,"Med"
"GM - Chevrolet","A-10","1987","Gasoline",9981,2.5,"Med"
"GM - Chevrolet","A-10","1986","Gasoline",9540,2.5,"Med"
"GM - Chevrolet","A-10","1985","Gasoline",8717,2.5,"Med"
"GM - Chevrolet","A-10","1989","Gasoline",12329,2.5,"Med"
"GM - Chevrolet","A-10","1988","Gasoline",11704,2.5,"Med"
"GM - Chevrolet","A-10","1987","Gasoline",10918,2.5,"Med"
"GM - Chevrolet","A-10","1986","Gasoline",10200,2.5,"Med"
"GM - Chevrolet","A-10","1985","Gasoline",9313,2.5,"Med"
"GM - Chevrolet","A-20","1996","Gasoline",18364,4.1,"Med"
"GM - Chevrolet","A-20","1996","Gasoline",18364,4.1,"Med"
"GM - Chevrolet","A-20","1995","Gasoline",17191,4.1,"Med"
"GM - Chevrolet","A-20","1995","Gasoline",17191,4.1,"Med"
"GM - Chevrolet","A-20","1994","Gasoline",15255,4.1,"Med"
"GM - Chevrolet","A-20","1993","Gasoline",14577,4.1,"Med"
"GM - Chevrolet","A-20","1992","Gasoline",13638,4.1,"Med"
"GM - Chevrolet","A-20","1991","Gasoline",13160,4.1,"Med"
"GM - Chevrolet","A-20","1990","Gasoline",12669,4.1,"Med"
"GM - Chevrolet","A-20","1989","Gasoline",11884,4.1,"Med"
"GM - Chevrolet","A-20","1988","Gasoline",11502,4.1,"Med"
"GM - Chevrolet","A-20","1987","Gasoline",10905,4.1,"Med"
"GM - Chevrolet","A-20","1986","Gasoline",9854,4.1,"Med"
"GM - Chevrolet","A-20","1985","Gasoline",9197,4.1,"Med"
"GM - Chevrolet","A-20","1996","Gasoline",17262,4.1,"Med"
"GM - Chevrolet","A-20","1996","Gasoline",17262,4.1,"Med"
"GM - Chevrolet","A-20","1995","Gasoline",16370,4.1,"Med"
"GM - Chevrolet","A-20","1995","Gasoline",16370,4.1,"Med"
"GM - Chevrolet","A-20","1994","Gasoline",14903,4.1,"Med"
"GM - Chevrolet","A-20","1993","Gasoline",13886,4.1,"Med"
"GM - Chevrolet","A-20","1992","Gasoline",13104,4.1,"Med"
"GM - Chevrolet","A-20","1991","Gasoline",12672,4.1,"Med"
"GM - Chevrolet","A-20","1990","Gasoline",12208,4.1,"Med"
"GM - Chevrolet","A-20","1989","Gasoline",11663,4.1,"Med"
"GM - Chevrolet","A-20","1988","Gasoline",11286,4.1,"Med"
"GM - Chevrolet","A-20","1987","Gasoline",10850,4.1,"Med"
"GM - Chevrolet","A-20","1986","Gasoline",9565,4.1,"Med"
"GM - Chevrolet","A-20","1985","Gasoline",8712,4.1,"Med"
"GM - Chevrolet","AGILE","2013","Gasoline",28277,1.4,"Med"
"GM - Chevrolet","AGILE","2012","Gasoline",27071,1.4,"Med"
"GM - Chevrolet","AGILE","2011","Gasoline",24461,1.4,"Med"
"GM - Chevrolet","AGILE","2010","Gasoline",23624,1.4,"Med"
"GM - Chevrolet","AGILE","2014","Gasoline",33125,1.4,"Med"
"GM - Chevrolet","AGILE","2013","Gasoline",30591,1.4,"Med"
"GM - Chevrolet","AGILE","2012","Gasoline",28554,1.4,"Med"
"GM - Chevrolet","AGILE","2011","Gasoline",26002,1.4,"Med"
"GM - Chevrolet","AGILE","2010","Gasoline",24980,1.4,"Med"
"GM - Chevrolet","AGILE","2014","Gasoline",34842,1.4,"Med"
"GM - Chevrolet","AGILE","2013","Gasoline",30471,1.4,"Med"
"GM - Chevrolet","AGILE","2014","Gasoline",35125,1.4,"Med"
"GM - Chevrolet","AGILE","2014","Gasoline",34918,1.4,"Med"
"GM - Chevrolet","AGILE","2012","Gasoline",26517,1.4,"Med"
"GM - Chevrolet","Astra","2004","Gasoline",18987,2,"Med"
"GM - Chevrolet","Astra","2003","Gasoline",17708,2,"Med"
"GM - Chevrolet","Astra","2004","Gasoline",18408,2,"Med"
"GM - Chevrolet","Astra","2003","Gasoline",16878,2,"Med"
"GM - Chevrolet","Astra","2004","Gasoline",18438,2,"Aut"
"GM - Chevrolet","Astra","2003","Gasoline",17256,2,"Aut"
"GM - Chevrolet","Astra","2002","Gasoline",14643,2,"Aut"
"GM - Chevrolet","Astra","2002","Gasoline",15625,2,"Med"
"GM - Chevrolet","Astra","2001","Gasoline",14121,2,"Med"
"GM - Chevrolet","Astra","2000","Gasoline",13659,2,"Med"
"GM - Chevrolet","Astra","1999","Gasoline",12644,2,"Med"
"GM - Chevrolet","Astra","2004","Gasoline",18444,2,"Med"
"GM - Chevrolet","Astra","2003","Gasoline",17159,2,"Med"
"GM - Chevrolet","Astra","2002","Gasoline",14390,2,"Med"
"GM - Chevrolet","Astra","2001","Gasoline",13680,2,"Med"
"GM - Chevrolet","Astra","2000","Gasoline",13159,2,"Med"
"GM - Chevrolet","Astra","1999","Gasoline",12584,2,"Med"
"GM - Chevrolet","Astra","2000","Gasoline",13762,2,"Med"
"GM - Chevrolet","Astra","2011","Gasoline",27675,2,"Aut"
"GM - Chevrolet","Astra","2010","Gasoline",26288,2,"Aut"
"GM - Chevrolet","Astra","2009","Gasoline",24438,2,"Aut"
"GM - Chevrolet","Astra","2008","Gasoline",22398,2,"Aut"
"GM - Chevrolet","Astra","2007","Gasoline",21525,2,"Aut"
"GM - Chevrolet","Astra","2011","Gasoline",28075,2,"Med"
"GM - Chevrolet","Astra","2010","Gasoline",26786,2,"Med"
"GM - Chevrolet","Astra","2009","Gasoline",24530,2,"Med"
"GM - Chevrolet","Astra","2008","Gasoline",23287,2,"Med"
"GM - Chevrolet","Astra","2007","Gasoline",22543,2,"Med"
"GM - Chevrolet","Astra","2007","Gasoline",20301,2,"Med"
"GM - Chevrolet","Astra","2006","Gasoline",18703,2,"Med"
"GM - Chevrolet","Astra","2005","Gasoline",17372,2,"Med"
"GM - Chevrolet","Astra","2005","Gasoline",18254,2,"Med"
"GM - Chevrolet","Astra","2007","Gasoline",23022,2,"Med"
"GM - Chevrolet","Astra","2006","Gasoline",20446,2,"Med"
"GM - Chevrolet","Astra","2005","Gasoline",19809,2,"Med"
"GM - Chevrolet","Astra","2009","Gasoline",26511,2,"Med"
"GM - Chevrolet","Astra","2008","Gasoline",24716,2,"Med"
"GM - Chevrolet","Astra","2007","Gasoline",22199,2,"Med"
"GM - Chevrolet","Astra","2006","Gasoline",21495,2,"Med"
"GM - Chevrolet","Astra","2005","Gasoline",20375,2,"Med"
"GM - Chevrolet","Astra","2006","Gasoline",20510,2,"Med"
"GM - Chevrolet","Astra","2005","Gasoline",19812,2,"Med"
"GM - Chevrolet","Astra","2009","Gasoline",23900,2,"Med"
"GM - Chevrolet","Astra","2008","Gasoline",23010,2,"Med"
"GM - Chevrolet","Astra","2007","Gasoline",21450,2,"Med"
"GM - Chevrolet","Astra","2006","Gasoline",20740,2,"Med"
"GM - Chevrolet","Astra","2005","Gasoline",20032,2,"Med"
"GM - Chevrolet","Astra","2004","Gasoline",19347,2,"Med"
"GM - Chevrolet","Astra","2007","Gasoline",24774,2,"Med"
"GM - Chevrolet","Astra","2006","Gasoline",23525,2,"Med"
"GM - Chevrolet","Astra","2005","Gasoline",21200,2,"Med"
"GM - Chevrolet","Astra","2007","Gasoline",22156,2,"Med"
"GM - Chevrolet","Astra","2006","Gasoline",20634,2,"Med"
"GM - Chevrolet","Astra","2005","Gasoline",18768,2,"Med"
"GM - Chevrolet","Astra","2001","Gasoline",12775,1.8,"Med"
"GM - Chevrolet","Astra","2000","Gasoline",12000,1.8,"Med"
"GM - Chevrolet","Astra","1999","Gasoline",11515,1.8,"Med"
"GM - Chevrolet","Astra","2001","Gasoline",14813,1.8,"Med"
"GM - Chevrolet","Astra","2000","Gasoline",13678,1.8,"Med"
"GM - Chevrolet","Astra","1996","Gasoline",8024,2,"Med"
"GM - Chevrolet","Astra","1995","Gasoline",7735,2,"Med"
"GM - Chevrolet","Astra","1995","Gasoline",8178,2,"Med"
"GM - Chevrolet","Astra","2005","Gasoline",21327,2,"Med"
"GM - Chevrolet","Astra","2004","Gasoline",20065,2,"Med"
"GM - Chevrolet","Astra","2003","Gasoline",18278,2,"Med"
"GM - Chevrolet","Astra","2008","Gasoline",28778,2,"Med"
"GM - Chevrolet","Astra","2007","Gasoline",27055,2,"Med"
"GM - Chevrolet","Astra","2006","Gasoline",25772,2,"Med"
"GM - Chevrolet","Astra","2002","Gasoline",15337,2,"Med"
"GM - Chevrolet","Astra","2001","Gasoline",14044,2,"Med"
"GM - Chevrolet","Astra","2000","Gasoline",13460,2,"Med"
"GM - Chevrolet","Astra","2011","Gasoline",26303,2,"Med"
"GM - Chevrolet","Astra","2010","Gasoline",25214,2,"Med"
"GM - Chevrolet","Astra","2009","Gasoline",22818,2,"Med"
"GM - Chevrolet","Astra","2008","Gasoline",21936,2,"Med"
"GM - Chevrolet","Astra","2007","Gasoline",20598,2,"Med"
"GM - Chevrolet","Astra","2011","Gasoline",27273,2,"Aut"
"GM - Chevrolet","Astra","2010","Gasoline",26263,2,"Aut"
"GM - Chevrolet","Astra","2009","Gasoline",24711,2,"Aut"
"GM - Chevrolet","Astra","2008","Gasoline",22537,2,"Aut"
"GM - Chevrolet","Astra","2007","Gasoline",21590,2,"Aut"
"GM - Chevrolet","Astra","2007","Gasoline",21201,2,"Med"
"GM - Chevrolet","Astra","2006","Gasoline",19990,2,"Med"
"GM - Chevrolet","Astra","2005","Gasoline",19033,2,"Med"
"GM - Chevrolet","Astra","2006","Gasoline",20664,2,"Med"
"GM - Chevrolet","Astra","2005","Gasoline",19151,2,"Med"
"GM - Chevrolet","Astra","2009","Gasoline",25680,2,"Aut"
"GM - Chevrolet","Astra","2008","Gasoline",24090,2,"Aut"
"GM - Chevrolet","Astra","2007","Gasoline",22285,2,"Aut"
"GM - Chevrolet","Astra","2006","Gasoline",21445,2,"Aut"
"GM - Chevrolet","Astra","2005","Gasoline",19200,2,"Aut"
"GM - Chevrolet","Astra","2009","Gasoline",25088,2,"Med"
"GM - Chevrolet","Astra","2008","Gasoline",22749,2,"Med"
"GM - Chevrolet","Astra","2007","Gasoline",21798,2,"Med"
"GM - Chevrolet","Astra","2006","Gasoline",20620,2,"Med"
"GM - Chevrolet","Astra","2005","Gasoline",19119,2,"Med"
"GM - Chevrolet","Astra","2006","Gasoline",21298,2,"Med"
"GM - Chevrolet","Astra","2005","Gasoline",20149,2,"Med"
"GM - Chevrolet","Astra","2006","Gasoline",23360,2,"Aut"
"GM - Chevrolet","Astra","2005","Gasoline",20539,2,"Aut"
"GM - Chevrolet","Astra","2006","Gasoline",21638,2,"Med"
"GM - Chevrolet","Astra","2005","Gasoline",20086,2,"Med"
"GM - Chevrolet","Astra","2004","Álcool",20137,1.8,"Med"
"GM - Chevrolet","Astra","2003","Álcool",19280,1.8,"Med"
"GM - Chevrolet","Astra","2002","Álcool",16318,1.8,"Med"
"GM - Chevrolet","Astra","2004","Gasoline",19400,2,"Aut"
"GM - Chevrolet","Astra","2003","Gasoline",17865,2,"Aut"
"GM - Chevrolet","Astra","2002","Gasoline",16270,2,"Aut"
"GM - Chevrolet","Astra","2005","Gasoline",20617,2,"Med"
"GM - Chevrolet","Astra","2004","Gasoline",18425,2,"Med"
"GM - Chevrolet","Astra","2003","Gasoline",17640,2,"Med"
"GM - Chevrolet","Astra","2002","Gasoline",16208,2,"Med"
"GM - Chevrolet","Astra","2001","Gasoline",14415,2,"Med"
"GM - Chevrolet","Astra","2000","Gasoline",13815,2,"Med"
"GM - Chevrolet","Astra","1999","Gasoline",13289,2,"Med"
"GM - Chevrolet","Astra","2002","Gasoline",15462,2,"Med"
"GM - Chevrolet","Astra","2001","Gasoline",14984,2,"Med"
"GM - Chevrolet","Astra","2000","Gasoline",13250,2,"Med"
"GM - Chevrolet","Astra","1999","Gasoline",12750,2,"Med"
"GM - Chevrolet","Astra","2005","Álcool",18561,1.8,"Med"
"GM - Chevrolet","Astra","2004","Álcool",18240,1.8,"Med"
"GM - Chevrolet","Astra","2003","Álcool",17229,1.8,"Med"
"GM - Chevrolet","Astra","2002","Álcool",14655,1.8,"Med"
"GM - Chevrolet","Astra","2001","Gasoline",14323,1.8,"Med"
"GM - Chevrolet","Astra","2001","Gasoline",14323,1.8,"Med"
"GM - Chevrolet","Astra","2000","Gasoline",13234,1.8,"Med"
"GM - Chevrolet","Astra","1999","Gasoline",12826,1.8,"Med"
"GM - Chevrolet","Blazer","1995","Gasoline",17479,4.3,"Med"
"GM - Chevrolet","Blazer","1994","Gasoline",15202,4.3,"Med"
"GM - Chevrolet","Blazer","1993","Gasoline",14702,4.3,"Med"
"GM - Chevrolet","Blazer","1995","Gasoline",15254,4.3,"Med"
"GM - Chevrolet","Blazer","1994","Gasoline",11104,4.3,"Med"
"GM - Chevrolet","Blazer","1995","Gasoline",17911,4.3,"Med"
"GM - Chevrolet","Bonanza","1994","Diesel",36413,4,"Med"
"GM - Chevrolet","Bonanza","1993","Diesel",34895,4,"Med"
"GM - Chevrolet","Bonanza","1992","Diesel",30177,4,"Med"
"GM - Chevrolet","Bonanza","1991","Diesel",29120,4,"Med"
"GM - Chevrolet","Bonanza","1990","Diesel",25850,4,"Med"
"GM - Chevrolet","Bonanza","1989","Diesel",24071,4,"Med"
"GM - Chevrolet","Bonanza","1988","Diesel",18330,4,"Med"
"GM - Chevrolet","Bonanza","1994","Gasoline",21444,4.1,"Med"
"GM - Chevrolet","Bonanza","1993","Gasoline",20651,4.1,"Med"
"GM - Chevrolet","Bonanza","1992","Gasoline",19916,4.1,"Med"
"GM - Chevrolet","Bonanza","1991","Gasoline",19011,4.1,"Med"
"GM - Chevrolet","Bonanza","1990","Gasoline",18291,4.1,"Med"
"GM - Chevrolet","Bonanza","1989","Gasoline",15281,4.1,"Med"
"GM - Chevrolet","Brasinca","1995","Diesel",36312,4,"Med"
"GM - Chevrolet","Brasinca","1994","Diesel",34985,4,"Med"
"GM - Chevrolet","Brasinca","1993","Diesel",31095,4,"Med"
"GM - Chevrolet","Brasinca","1992","Diesel",30140,4,"Med"
"GM - Chevrolet","Brasinca","1991","Diesel",28062,4,"Med"
"GM - Chevrolet","Brasinca","1990","Diesel",27143,4,"Med"
"GM - Chevrolet","Brasinca","1989","Diesel",26148,4,"Med"
"GM - Chevrolet","Brasinca","1988","Diesel",25225,4,"Med"
"GM - Chevrolet","Brasinca","1987","Diesel",18215,4,"Med"
"GM - Chevrolet","Brasinca","1986","Diesel",16100,4,"Med"
"GM - Chevrolet","Brasinca","1995","Álcool",18211,4.1,"Med"
"GM - Chevrolet","Brasinca","1995","Álcool",18211,4.1,"Med"
"GM - Chevrolet","Brasinca","1994","Gasoline",19070,4.1,"Med"
"GM - Chevrolet","Brasinca","1993","Gasoline",16347,4.1,"Med"
"GM - Chevrolet","Brasinca","1992","Gasoline",15748,4.1,"Med"
"GM - Chevrolet","Brasinca","1991","Gasoline",14932,4.1,"Med"
"GM - Chevrolet","Brasinca","1990","Gasoline",14346,4.1,"Med"
"GM - Chevrolet","Brasinca","1989","Gasoline",13854,4.1,"Med"
"GM - Chevrolet","Brasinca","1988","Gasoline",13409,4.1,"Med"
"GM - Chevrolet","Brasinca","1987","Gasoline",11686,4.1,"Med"
"GM - Chevrolet","Brasinca","1986","Gasoline",10687,4.1,"Med"
"GM - Chevrolet","C-10","1989","Gasoline",11020,2.5,"Med"
"GM - Chevrolet","C-10","1988","Gasoline",10062,2.5,"Med"
"GM - Chevrolet","C-10","1987","Gasoline",9692,2.5,"Med"
"GM - Chevrolet","C-10","1986","Gasoline",8337,2.5,"Med"
"GM - Chevrolet","C-10","1985","Gasoline",7977,2.5,"Med"
"GM - Chevrolet","C-10","1989","Gasoline",12516,2.5,"Med"
"GM - Chevrolet","C-10","1988","Gasoline",12049,2.5,"Med"
"GM - Chevrolet","C-10","1987","Gasoline",10550,2.5,"Med"
"GM - Chevrolet","C-10","1986","Gasoline",9868,2.5,"Med"
"GM - Chevrolet","C-10","1985","Gasoline",9118,2.5,"Med"
"GM - Chevrolet","C-10","1989","Gasoline",12290,2.5,"Med"
"GM - Chevrolet","C-10","1988","Gasoline",11196,2.5,"Med"
"GM - Chevrolet","C-10","1987","Gasoline",10048,2.5,"Med"
"GM - Chevrolet","C-10","1986","Gasoline",9439,2.5,"Med"
"GM - Chevrolet","C-10","1985","Gasoline",8213,2.5,"Med"
"GM - Chevrolet","C-10","1989","Gasoline",13163,2.5,"Med"
"GM - Chevrolet","C-10","1988","Gasoline",12496,2.5,"Med"
"GM - Chevrolet","C-10","1987","Gasoline",11366,2.5,"Med"
"GM - Chevrolet","C-10","1986","Gasoline",10336,2.5,"Med"
"GM - Chevrolet","C-10","1985","Gasoline",9872,2.5,"Med"
"GM - Chevrolet","C-20","1996","Gasoline",22286,4.1,"Med"
"GM - Chevrolet","C-20","1995","Gasoline",20694,4.1,"Med"
"GM - Chevrolet","C-20","1994","Gasoline",20036,4.1,"Med"
"GM - Chevrolet","C-20","1993","Gasoline",18649,4.1,"Med"
"GM - Chevrolet","C-20","1992","Gasoline",16665,4.1,"Med"
"GM - Chevrolet","C-20","1991","Gasoline",15881,4.1,"Med"
"GM - Chevrolet","C-20","1990","Gasoline",15219,4.1,"Med"
"GM - Chevrolet","C-20","1989","Gasoline",13110,4.1,"Med"
"GM - Chevrolet","C-20","1988","Gasoline",12325,4.1,"Med"
"GM - Chevrolet","C-20","1987","Gasoline",11356,4.1,"Med"
"GM - Chevrolet","C-20","1986","Gasoline",9955,4.1,"Med"
"GM - Chevrolet","C-20","1985","Gasoline",9477,4.1,"Med"
"GM - Chevrolet","C-20","1996","Gasoline",26291,4.1,"Med"
"GM - Chevrolet","C-20","1995","Gasoline",23015,4.1,"Med"
"GM - Chevrolet","C-20","1994","Gasoline",22284,4.1,"Med"
"GM - Chevrolet","C-20","1993","Gasoline",21565,4.1,"Med"
"GM - Chevrolet","C-20","1992","Gasoline",20845,4.1,"Med"
"GM - Chevrolet","C-20","1991","Gasoline",20112,4.1,"Med"
"GM - Chevrolet","C-20","1990","Gasoline",19176,4.1,"Med"
"GM - Chevrolet","C-20","1989","Gasoline",16886,4.1,"Med"
"GM - Chevrolet","C-20","1988","Gasoline",14347,4.1,"Med"
"GM - Chevrolet","C-20","1987","Gasoline",13739,4.1,"Med"
"GM - Chevrolet","C-20","1986","Gasoline",11815,4.1,"Med"
"GM - Chevrolet","C-20","1996","Gasoline",21473,4.1,"Med"
"GM - Chevrolet","C-20","1995","Gasoline",20179,4.1,"Med"
"GM - Chevrolet","C-20","1994","Gasoline",19326,4.1,"Med"
"GM - Chevrolet","C-20","1993","Gasoline",17616,4.1,"Med"
"GM - Chevrolet","C-20","1992","Gasoline",15773,4.1,"Med"
"GM - Chevrolet","C-20","1991","Gasoline",15061,4.1,"Med"
"GM - Chevrolet","C-20","1990","Gasoline",14237,4.1,"Med"
"GM - Chevrolet","C-20","1989","Gasoline",12466,4.1,"Med"
"GM - Chevrolet","C-20","1988","Gasoline",10800,4.1,"Med"
"GM - Chevrolet","C-20","1987","Gasoline",10270,4.1,"Med"
"GM - Chevrolet","C-20","1986","Gasoline",9891,4.1,"Med"
"GM - Chevrolet","C-20","1985","Gasoline",8702,4.1,"Med"
"GM - Chevrolet","C-20","1996","Gasoline",22116,4.1,"Med"
"GM - Chevrolet","C-20","1995","Gasoline",20581,4.1,"Med"
"GM - Chevrolet","C-20","1994","Gasoline",19962,4.1,"Med"
"GM - Chevrolet","C-20","1993","Gasoline",18518,4.1,"Med"
"GM - Chevrolet","C-20","1992","Gasoline",16316,4.1,"Med"
"GM - Chevrolet","C-20","1991","Gasoline",15643,4.1,"Med"
"GM - Chevrolet","C-20","1990","Gasoline",14960,4.1,"Med"
"GM - Chevrolet","C-20","1989","Gasoline",12799,4.1,"Med"
"GM - Chevrolet","C-20","1988","Gasoline",12090,4.1,"Med"
"GM - Chevrolet","C-20","1987","Gasoline",11308,4.1,"Med"
"GM - Chevrolet","C-20","1986","Gasoline",10536,4.1,"Med"
"GM - Chevrolet","CAMARO","2017","Gasoline",270150,6.2,"Med"
"GM - Chevrolet","Camaro","1994","Gasoline",37673,5,"Med"
"GM - Chevrolet","Camaro","1993","Gasoline",31391,5,"Med"
"GM - Chevrolet","Camaro","1991","Gasoline",30323,5,"Med"
"GM - Chevrolet","Camaro","1995","Gasoline",51152,5,"Med"
"GM - Chevrolet","Camaro","1994","Gasoline",41405,5,"Med"
"GM - Chevrolet","Camaro","1993","Gasoline",32941,5,"Med"
"GM - Chevrolet","Camaro","1992","Gasoline",31286,5,"Med"
"GM - Chevrolet","Camaro","Zero KM","Gasoline",299500,6.2,"Med"
"GM - Chevrolet","Camaro","2017","Gasoline",271154,6.2,"Med"
"GM - Chevrolet","Camaro","2015","Gasoline",171122,6.2,"Med"
"GM - Chevrolet","Camaro","2014","Gasoline",159359,6.2,"Med"
"GM - Chevrolet","Camaro","2013","Gasoline",139511,6.2,"Med"
"GM - Chevrolet","Camaro","2012","Gasoline",127251,6.2,"Med"
"GM - Chevrolet","Camaro","2011","Gasoline",121366,6.2,"Med"
"GM - Chevrolet","Camaro","2010","Gasoline",117180,6.2,"Med"
"GM - Chevrolet","Camaro","Zero KM","Gasoline",331777,6.2,"Med"
"GM - Chevrolet","Camaro","2017","Gasoline",303255,6.2,"Med"
"GM - Chevrolet","Camaro","2015","Gasoline",197820,6.2,"Med"
"GM - Chevrolet","Camaro","2014","Gasoline",172400,6.2,"Med"
"GM - Chevrolet","Camaro","1995","Gasoline",85771,5.7,"Med"
"GM - Chevrolet","Camaro","1994","Gasoline",65218,5.7,"Med"
"GM - Chevrolet","Camaro","1993","Gasoline",59824,5.7,"Med"
"GM - Chevrolet","Camaro","1992","Gasoline",57237,5.7,"Med"
"GM - Chevrolet","Camaro","1991","Gasoline",51785,5.7,"Med"
"GM - Chevrolet","Caprice","1995","Gasoline",12692,4.3,"Med"
"GM - Chevrolet","Caprice","1994","Gasoline",10121,4.3,"Med"
"GM - Chevrolet","Caprice","1995","Gasoline",13991,4.3,"Med"
"GM - Chevrolet","CAPTIVA","2013","Gasoline",61025,3,"Med"
"GM - Chevrolet","CAPTIVA","2012","Gasoline",51891,3,"Med"
"GM - Chevrolet","CAPTIVA","2011","Gasoline",46011,3,"Med"
"GM - Chevrolet","CAPTIVA","2010","Gasoline",41804,3.6,"Med"
"GM - Chevrolet","CAPTIVA","2009","Gasoline",39745,3.6,"Med"
"GM - Chevrolet","CAPTIVA","2008","Gasoline",36353,3.6,"Med"
"GM - Chevrolet","CAPTIVA","2017","Gasoline",89534,2.4,"Med"
"GM - Chevrolet","CAPTIVA","2016","Gasoline",82861,2.4,"Med"
"GM - Chevrolet","CAPTIVA","2015","Gasoline",75828,2.4,"Med"
"GM - Chevrolet","CAPTIVA","2014","Gasoline",63144,2.4,"Med"
"GM - Chevrolet","CAPTIVA","2013","Gasoline",56258,2.4,"Med"
"GM - Chevrolet","CAPTIVA","2012","Gasoline",47163,2.4,"Med"
"GM - Chevrolet","CAPTIVA","2011","Gasoline",44548,2.4,"Med"
"GM - Chevrolet","CAPTIVA","2010","Gasoline",40764,2.4,"Med"
"GM - Chevrolet","CAPTIVA","2009","Gasoline",39259,2.4,"Med"
"GM - Chevrolet","CAPTIVA","2012","Gasoline",51353,3,"Med"
"GM - Chevrolet","CAPTIVA","2011","Gasoline",45176,3,"Med"
"GM - Chevrolet","CAPTIVA","2010","Gasoline",40986,3.6,"Med"
"GM - Chevrolet","CAPTIVA","2009","Gasoline",39631,3.6,"Med"
"GM - Chevrolet","CAPTIVA","2008","Gasoline",36329,3.6,"Med"
"GM - Chevrolet","Caravan","1992","Gasoline",13674,4.1,"Med"
"GM - Chevrolet","Caravan","1991","Gasoline",11497,4.1,"Med"
"GM - Chevrolet","Caravan","1990","Gasoline",11000,4.1,"Med"
"GM - Chevrolet","Caravan","1989","Gasoline",10648,4.1,"Med"
"GM - Chevrolet","Caravan","1988","Gasoline",10291,4.1,"Med"
"GM - Chevrolet","Caravan","1987","Gasoline",7706,4.1,"Med"
"GM - Chevrolet","Caravan","1986","Gasoline",7447,4.1,"Med"
"GM - Chevrolet","Caravan","1985","Gasoline",6291,4.1,"Med"
"GM - Chevrolet","Caravan","1992","Gasoline",16955,4.1,"Med"
"GM - Chevrolet","Caravan","1991","Gasoline",16446,4.1,"Med"
"GM - Chevrolet","Caravan","1990","Gasoline",15621,4.1,"Med"
"GM - Chevrolet","Caravan","1989","Gasoline",14520,4.1,"Med"
"GM - Chevrolet","Caravan","1988","Gasoline",10510,4.1,"Med"
"GM - Chevrolet","Caravan","1987","Gasoline",8165,4.1,"Med"
"GM - Chevrolet","Caravan","1986","Gasoline",7677,4.1,"Med"
"GM - Chevrolet","Caravan","1985","Gasoline",6833,4.1,"Med"
"GM - Chevrolet","Caravan","1992","Gasoline",7800,2.5,"Med"
"GM - Chevrolet","Caravan","1991","Gasoline",7558,2.5,"Med"
"GM - Chevrolet","Caravan","1990","Gasoline",7283,2.5,"Med"
"GM - Chevrolet","Caravan","1989","Gasoline",6081,2.5,"Med"
"GM - Chevrolet","Caravan","1988","Gasoline",5662,2.5,"Med"
"GM - Chevrolet","Caravan","1987","Gasoline",4412,2.5,"Med"
"GM - Chevrolet","Caravan","1986","Gasoline",4273,2.5,"Med"
"GM - Chevrolet","Caravan","1985","Gasoline",4019,2.5,"Med"
"GM - Chevrolet","Cavalier","1994","Gasoline",14804,3.1,"Med"
"GM - Chevrolet","Cavalier","1993","Gasoline",12106,3.1,"Med"
"GM - Chevrolet","Cavalier","1992","Gasoline",11659,3.1,"Med"
"GM - Chevrolet","Cavalier","1991","Gasoline",11151,3.1,"Med"
"GM - Chevrolet","Cavalier","1995","Gasoline",13278,2,"Med"
"GM - Chevrolet","Cavalier","1994","Gasoline",8791,2,"Med"
"GM - Chevrolet","Cavalier","1993","Gasoline",8217,2,"Med"
"GM - Chevrolet","Cavalier","1992","Gasoline",7749,2,"Med"
"GM - Chevrolet","Cavalier","1991","Gasoline",6731,2,"Med"
"GM - Chevrolet","Celta","2005","Gasoline",13111,1,"Med"
"GM - Chevrolet","Celta","2004","Gasoline",12515,1,"Med"
"GM - Chevrolet","Celta","2003","Gasoline",12087,1,"Med"
"GM - Chevrolet","Celta","2005","Gasoline",12270,1,"Med"
"GM - Chevrolet","Celta","2004","Gasoline",11795,1,"Med"
"GM - Chevrolet","Celta","2003","Gasoline",11358,1,"Med"
"GM - Chevrolet","Celta","2002","Gasoline",10964,1,"Med"
"GM - Chevrolet","Celta","2001","Gasoline",10598,1,"Med"
"GM - Chevrolet","Celta","2007","Gasoline",15596,1.4,"Med"
"GM - Chevrolet","Celta","2006","Gasoline",14769,1.4,"Med"
"GM - Chevrolet","Celta","2005","Gasoline",13397,1.4,"Med"
"GM - Chevrolet","Celta","2004","Gasoline",12779,1.4,"Med"
"GM - Chevrolet","Celta","2007","Gasoline",17227,1.4,"Med"
"GM - Chevrolet","Celta","2006","Gasoline",16033,1.4,"Med"
"GM - Chevrolet","Celta","2005","Gasoline",14872,1.4,"Med"
"GM - Chevrolet","Celta","2004","Gasoline",14079,1.4,"Med"
"GM - Chevrolet","Celta","2003","Gasoline",12651,1.4,"Med"
"GM - Chevrolet","Celta","2014","Gasoline",25785,1,"Med"
"GM - Chevrolet","Celta","2006","Gasoline",13124,1,"Med"
"GM - Chevrolet","Celta","2005","Gasoline",12251,1,"Med"
"GM - Chevrolet","Celta","2006","Gasoline",13853,1,"Med"
"GM - Chevrolet","Celta","2005","Gasoline",12822,1,"Med"
"GM - Chevrolet","Celta","2007","Gasoline",14739,1.4,"Med"
"GM - Chevrolet","Celta","2006","Gasoline",13900,1.4,"Med"
"GM - Chevrolet","Celta","2005","Gasoline",13239,1.4,"Med"
"GM - Chevrolet","Celta","2007","Gasoline",16158,1.4,"Med"
"GM - Chevrolet","Celta","2006","Gasoline",14594,1.4,"Med"
"GM - Chevrolet","Celta","2005","Gasoline",14008,1.4,"Med"
"GM - Chevrolet","Celta","2014","Gasoline",20027,1,"Med"
"GM - Chevrolet","Celta","2013","Gasoline",18985,1,"Med"
"GM - Chevrolet","Celta","2012","Gasoline",17900,1,"Med"
"GM - Chevrolet","Celta","2011","Gasoline",16412,1,"Med"
"GM - Chevrolet","Celta","2010","Gasoline",15455,1,"Med"
"GM - Chevrolet","Celta","2009","Gasoline",14715,1,"Med"
"GM - Chevrolet","Celta","2008","Gasoline",13998,1,"Med"
"GM - Chevrolet","Celta","2007","Gasoline",13319,1,"Med"
"GM - Chevrolet","Celta","2006","Gasoline",12555,1,"Med"
"GM - Chevrolet","Celta","2013","Gasoline",21022,1,"Med"
"GM - Chevrolet","Celta","2012","Gasoline",20193,1,"Med"
"GM - Chevrolet","Celta","2011","Gasoline",17900,1,"Med"
"GM - Chevrolet","Celta","2010","Gasoline",15805,1,"Med"
"GM - Chevrolet","Celta","2009","Gasoline",15154,1,"Med"
"GM - Chevrolet","Celta","2008","Gasoline",14483,1,"Med"
"GM - Chevrolet","Celta","2007","Gasoline",14043,1,"Med"
"GM - Chevrolet","Celta","2006","Gasoline",12979,1,"Med"
"GM - Chevrolet","Celta","2011","Gasoline",16545,1,"Med"
"GM - Chevrolet","Celta","2010","Gasoline",15799,1,"Med"
"GM - Chevrolet","Celta","2009","Gasoline",14822,1,"Med"
"GM - Chevrolet","Celta","2008","Gasoline",14096,1,"Med"
"GM - Chevrolet","Celta","2007","Gasoline",13364,1,"Med"
"GM - Chevrolet","Celta","2006","Gasoline",12591,1,"Med"
"GM - Chevrolet","Celta","2005","Gasoline",12259,1,"Med"
"GM - Chevrolet","Celta","2005","Gasoline",12960,1,"Med"
"GM - Chevrolet","Celta","2007","Gasoline",15128,1.4,"Med"
"GM - Chevrolet","Celta","2006","Gasoline",14411,1.4,"Med"
"GM - Chevrolet","Celta","2005","Gasoline",13364,1.4,"Med"
"GM - Chevrolet","Celta","2007","Gasoline",16205,1.4,"Med"
"GM - Chevrolet","Celta","2006","Gasoline",15103,1.4,"Med"
"GM - Chevrolet","Celta","2005","Gasoline",14288,1.4,"Med"
"GM - Chevrolet","Celta","2016","Gasoline",28200,1,"Med"
"GM - Chevrolet","Celta","2015","Gasoline",26885,1,"Med"
"GM - Chevrolet","Celta","2014","Gasoline",25892,1,"Med"
"GM - Chevrolet","Celta","2013","Gasoline",24267,1,"Med"
"GM - Chevrolet","Celta","2012","Gasoline",22242,1,"Med"
"GM - Chevrolet","Celta","2011","Gasoline",20672,1,"Med"
"GM - Chevrolet","Celta","2010","Gasoline",18913,1,"Med"
"GM - Chevrolet","Celta","2009","Gasoline",17222,1,"Med"
"GM - Chevrolet","Celta","2008","Gasoline",16367,1,"Med"
"GM - Chevrolet","Celta","2007","Gasoline",15386,1,"Med"
"GM - Chevrolet","Celta","2006","Gasoline",14714,1,"Med"
"GM - Chevrolet","Celta","2009","Gasoline",15404,1,"Med"
"GM - Chevrolet","Celta","2008","Gasoline",14906,1,"Med"
"GM - Chevrolet","Celta","2007","Gasoline",13943,1,"Med"
"GM - Chevrolet","Celta","2006","Gasoline",13525,1,"Med"
"GM - Chevrolet","Celta","2009","Gasoline",17248,1,"Med"
"GM - Chevrolet","Celta","2008","Gasoline",16714,1,"Med"
"GM - Chevrolet","Celta","2007","Gasoline",16149,1,"Med"
"GM - Chevrolet","Celta","2006","Gasoline",15333,1,"Med"
"GM - Chevrolet","Chevette","1993","Gasoline",7453,1,"Med"
"GM - Chevrolet","Chevette","1992","Gasoline",6445,1,"Med"
"GM - Chevrolet","Chevette","1993","Gasoline",8643,1.6,"Med"
"GM - Chevrolet","Chevette","1992","Gasoline",7650,1.6,"Med"
"GM - Chevrolet","Chevette","1991","Gasoline",7030,1.6,"Med"
"GM - Chevrolet","Chevette","1990","Gasoline",6424,1.6,"Med"
"GM - Chevrolet","Chevette","1989","Gasoline",6221,1.6,"Med"
"GM - Chevrolet","Chevette","1988","Gasoline",5909,1.6,"Med"
"GM - Chevrolet","Chevette","1987","Gasoline",5362,1.6,"Med"
"GM - Chevrolet","Chevette","1986","Gasoline",4951,1.6,"Med"
"GM - Chevrolet","Chevette","1985","Gasoline",4420,1.6,"Med"
"GM - Chevrolet","Chevy","1995","Gasoline",6286,1.6,"Med"
"GM - Chevrolet","Chevy","1995","Gasoline",6286,1.6,"Med"
"GM - Chevrolet","Chevy","1994","Gasoline",6041,1.6,"Med"
"GM - Chevrolet","Chevy","1993","Gasoline",5821,1.6,"Med"
"GM - Chevrolet","Chevy","1992","Gasoline",5640,1.6,"Med"
"GM - Chevrolet","Chevy","1991","Gasoline",5400,1.6,"Med"
"GM - Chevrolet","Chevy","1990","Gasoline",5021,1.6,"Med"
"GM - Chevrolet","Chevy","1989","Gasoline",4204,1.6,"Med"
"GM - Chevrolet","Chevy","1988","Gasoline",3977,1.6,"Med"
"GM - Chevrolet","Chevy","1987","Gasoline",3326,1.6,"Med"
"GM - Chevrolet","Chevy","1986","Gasoline",3226,1.6,"Med"
"GM - Chevrolet","Chevy","1985","Gasoline",3052,1.6,"Med"
"GM - Chevrolet","Cheynne","1995","Gasoline",20778,4.3,"Med"
"GM - Chevrolet","Cheynne","1994","Gasoline",19753,4.3,"Med"
"GM - Chevrolet","Cheynne","1993","Gasoline",19018,4.3,"Med"
"GM - Chevrolet","Classic","2015","Gasoline",28400,1,"Med"
"GM - Chevrolet","Classic","2014","Gasoline",26345,1,"Med"
"GM - Chevrolet","Classic","2016","Gasoline",29216,1,"Med"
"GM - Chevrolet","Classic","2015","Gasoline",27507,1,"Med"
"GM - Chevrolet","Classic","2014","Gasoline",25357,1,"Med"
"GM - Chevrolet","Classic","2013","Gasoline",23478,1,"Med"
"GM - Chevrolet","Classic","2012","Gasoline",21380,1,"Med"
"GM - Chevrolet","Classic","2011","Gasoline",20371,1,"Med"
"GM - Chevrolet","Classic","2010","Gasoline",18629,1,"Med"
"GM - Chevrolet","COBALT","2014","Gasoline",37679,1.4,"Med"
"GM - Chevrolet","COBALT","2014","Gasoline",40119,1.8,"Aut"
"GM - Chevrolet","COBALT","Zero KM","Gasoline",70305,1.8,"Aut"
"GM - Chevrolet","COBALT","2018","Gasoline",66027,1.8,"Aut"
"GM - Chevrolet","COBALT","2017","Gasoline",63971,1.8,"Aut"
"GM - Chevrolet","COBALT","2016","Gasoline",59616,1.8,"Aut"
"GM - Chevrolet","COBALT","2015","Gasoline",46869,1.8,"Med"
"GM - Chevrolet","COBALT","2015","Gasoline",42956,1.8,"Med"
"GM - Chevrolet","COBALT","2015","Gasoline",34832,1.4,"Med"
"GM - Chevrolet","COBALT","2014","Gasoline",33674,1.4,"Med"
"GM - Chevrolet","COBALT","2013","Gasoline",32675,1.4,"Med"
"GM - Chevrolet","COBALT","2012","Gasoline",30805,1.4,"Med"
"GM - Chevrolet","COBALT","2011","Gasoline",27412,1.4,"Med"
"GM - Chevrolet","COBALT","Zero KM","Gasoline",56585,1.4,"Med"
"GM - Chevrolet","COBALT","2018","Gasoline",50365,1.4,"Med"
"GM - Chevrolet","COBALT","2017","Gasoline",48554,1.4,"Med"
"GM - Chevrolet","COBALT","2016","Gasoline",46858,1.4,"Med"
"GM - Chevrolet","COBALT","2015","Gasoline",36970,1.4,"Med"
"GM - Chevrolet","COBALT","2014","Gasoline",35739,1.4,"Med"
"GM - Chevrolet","COBALT","2013","Gasoline",34184,1.4,"Med"
"GM - Chevrolet","COBALT","2012","Gasoline",31778,1.4,"Med"
"GM - Chevrolet","COBALT","2015","Gasoline",40283,1.8,"Aut"
"GM - Chevrolet","COBALT","2014","Gasoline",39042,1.8,"Aut"
"GM - Chevrolet","COBALT","2013","Gasoline",36109,1.8,"Aut"
"GM - Chevrolet","COBALT","2015","Gasoline",38376,1.8,"Med"
"GM - Chevrolet","COBALT","2014","Gasoline",36850,1.8,"Med"
"GM - Chevrolet","COBALT","2013","Gasoline",34561,1.8,"Med"
"GM - Chevrolet","COBALT","Zero KM","Gasoline",62205,1.4,"Med"
"GM - Chevrolet","COBALT","2018","Gasoline",54037,1.4,"Med"
"GM - Chevrolet","COBALT","2017","Gasoline",52326,1.4,"Med"
"GM - Chevrolet","COBALT","2016","Gasoline",48944,1.4,"Med"
"GM - Chevrolet","COBALT","2015","Gasoline",40276,1.4,"Med"
"GM - Chevrolet","COBALT","2014","Gasoline",38996,1.4,"Med"
"GM - Chevrolet","COBALT","2013","Gasoline",35568,1.4,"Med"
"GM - Chevrolet","COBALT","2012","Gasoline",32921,1.4,"Med"
"GM - Chevrolet","COBALT","Zero KM","Gasoline",66724,1.8,"Aut"
"GM - Chevrolet","COBALT","2018","Gasoline",61824,1.8,"Aut"
"GM - Chevrolet","COBALT","2017","Gasoline",59466,1.8,"Aut"
"GM - Chevrolet","COBALT","2016","Gasoline",57034,1.8,"Aut"
"GM - Chevrolet","COBALT","2015","Gasoline",44801,1.8,"Aut"
"GM - Chevrolet","COBALT","2014","Gasoline",40005,1.8,"Aut"
"GM - Chevrolet","COBALT","2013","Gasoline",37124,1.8,"Aut"
"GM - Chevrolet","COBALT","Zero KM","Gasoline",63810,1.8,"Med"
"GM - Chevrolet","COBALT","2018","Gasoline",59097,1.8,"Med"
"GM - Chevrolet","COBALT","2017","Gasoline",57242,1.8,"Med"
"GM - Chevrolet","COBALT","2016","Gasoline",54098,1.8,"Med"
"GM - Chevrolet","COBALT","2015","Gasoline",42826,1.8,"Med"
"GM - Chevrolet","COBALT","2014","Gasoline",39525,1.8,"Med"
"GM - Chevrolet","COBALT","2013","Gasoline",36593,1.8,"Med"
"GM - Chevrolet","Corsa","2002","Gasoline",10491,1.6,"Med"
"GM - Chevrolet","Corsa","2001","Gasoline",9401,1.6,"Med"
"GM - Chevrolet","Corsa","2000","Gasoline",9121,1.6,"Med"
"GM - Chevrolet","Corsa","2000","Gasoline",11159,1.6,"Med"
"GM - Chevrolet","Corsa","1999","Gasoline",9936,1.6,"Med"
"GM - Chevrolet","Corsa","1998","Gasoline",9625,1.6,"Med"
"GM - Chevrolet","Corsa","1997","Gasoline",9322,1.6,"Med"
"GM - Chevrolet","Corsa","1996","Gasoline",9010,1.6,"Med"
"GM - Chevrolet","Corsa","1995","Gasoline",8010,1.6,"Med"
"GM - Chevrolet","Corsa","1994","Gasoline",7218,1.6,"Med"
"GM - Chevrolet","Corsa","2001","Gasoline",12861,1.6,"Med"
"GM - Chevrolet","Corsa","2000","Gasoline",12425,1.6,"Med"
"GM - Chevrolet","Corsa","1999","Gasoline",10765,1.6,"Med"
"GM - Chevrolet","Corsa","2009","Gasoline",17373,1,"Med"
"GM - Chevrolet","Corsa","2008","Gasoline",16857,1,"Med"
"GM - Chevrolet","Corsa","2007","Gasoline",16293,1,"Med"
"GM - Chevrolet","Corsa","2006","Gasoline",15654,1,"Med"
"GM - Chevrolet","Corsa","2005","Gasoline",14897,1,"Med"
"GM - Chevrolet","Corsa","2007","Gasoline",16884,1.8,"Med"
"GM - Chevrolet","Corsa","2006","Gasoline",16329,1.8,"Med"
"GM - Chevrolet","Corsa","2005","Gasoline",15695,1.8,"Med"
"GM - Chevrolet","Corsa","2009","Gasoline",19306,1,"Med"
"GM - Chevrolet","Corsa","2008","Gasoline",18218,1,"Med"
"GM - Chevrolet","Corsa","2007","Gasoline",16844,1,"Med"
"GM - Chevrolet","Corsa","2006","Gasoline",16313,1,"Med"
"GM - Chevrolet","Corsa","2005","Gasoline",15558,1,"Med"
"GM - Chevrolet","Corsa","2012","Gasoline",23433,1.4,"Med"
"GM - Chevrolet","Corsa","2011","Gasoline",22737,1.4,"Med"
"GM - Chevrolet","Corsa","2010","Gasoline",21327,1.4,"Med"
"GM - Chevrolet","Corsa","2009","Gasoline",20109,1.4,"Med"
"GM - Chevrolet","Corsa","2008","Gasoline",18800,1.4,"Med"
"GM - Chevrolet","Corsa","2009","Gasoline",19242,1.8,"Med"
"GM - Chevrolet","Corsa","2008","Gasoline",18454,1.8,"Med"
"GM - Chevrolet","Corsa","2007","Gasoline",17698,1.8,"Med"
"GM - Chevrolet","Corsa","2006","Gasoline",17023,1.8,"Med"
"GM - Chevrolet","Corsa","2005","Gasoline",16398,1.8,"Med"
"GM - Chevrolet","Corsa","2007","Gasoline",18000,1,"Med"
"GM - Chevrolet","Corsa","2006","Gasoline",16847,1,"Med"
"GM - Chevrolet","Corsa","2005","Gasoline",16188,1,"Med"
"GM - Chevrolet","Corsa","2010","Gasoline",21170,1.4,"Med"
"GM - Chevrolet","Corsa","2009","Gasoline",20414,1.4,"Med"
"GM - Chevrolet","Corsa","2008","Gasoline",19805,1.4,"Med"
"GM - Chevrolet","Corsa","2009","Gasoline",21991,1.8,"Med"
"GM - Chevrolet","Corsa","2008","Gasoline",20749,1.8,"Med"
"GM - Chevrolet","Corsa","2007","Gasoline",20036,1.8,"Med"
"GM - Chevrolet","Corsa","2006","Gasoline",19422,1.8,"Med"
"GM - Chevrolet","Corsa","2007","Gasoline",19916,1.8,"Med"
"GM - Chevrolet","Corsa","2006","Gasoline",18127,1.8,"Med"
"GM - Chevrolet","Corsa","2005","Gasoline",17315,1.8,"Med"
"GM - Chevrolet","Corsa","2004","Gasoline",14359,1,"Med"
"GM - Chevrolet","Corsa","2003","Gasoline",13666,1,"Med"
"GM - Chevrolet","Corsa","2002","Gasoline",13133,1,"Med"
"GM - Chevrolet","Corsa","2003","Gasoline",16001,1.8,"Med"
"GM - Chevrolet","Corsa","2002","Gasoline",15379,1.8,"Med"
"GM - Chevrolet","Corsa","2004","Gasoline",15191,1.8,"Med"
"GM - Chevrolet","Corsa","2001","Gasoline",12985,1.6,"Med"
"GM - Chevrolet","Corsa","2000","Gasoline",12598,1.6,"Med"
"GM - Chevrolet","Corsa","1999","Gasoline",11444,1.6,"Med"
"GM - Chevrolet","Corsa","1998","Gasoline",11010,1.6,"Med"
"GM - Chevrolet","Corsa","1997","Gasoline",10631,1.6,"Med"
"GM - Chevrolet","Corsa","1996","Gasoline",9500,1.6,"Med"
"GM - Chevrolet","Corsa","1995","Gasoline",8101,1.6,"Med"
"GM - Chevrolet","Corsa","2003","Gasoline",14997,1.6,"Med"
"GM - Chevrolet","Corsa","2002","Gasoline",14484,1.6,"Med"
"GM - Chevrolet","Corsa","2003","Gasoline",14142,1.6,"Med"
"GM - Chevrolet","Corsa","2002","Gasoline",13641,1.6,"Med"
"GM - Chevrolet","Corsa","2001","Gasoline",13226,1.6,"Med"
"GM - Chevrolet","Corsa","2000","Gasoline",12774,1.6,"Med"
"GM - Chevrolet","Corsa","1999","Gasoline",12326,1.6,"Med"
"GM - Chevrolet","Corsa","1998","Gasoline",11900,1.6,"Med"
"GM - Chevrolet","Corsa","2006","Gasoline",14853,1.6,"Med"
"GM - Chevrolet","Corsa","2005","Gasoline",14322,1.6,"Med"
"GM - Chevrolet","Corsa","2005","Gasoline",18174,1.6,"Med"
"GM - Chevrolet","Corsa","2009","Gasoline",15894,1,"Med"
"GM - Chevrolet","Corsa","2008","Gasoline",15402,1,"Med"
"GM - Chevrolet","Corsa","2007","Gasoline",14932,1,"Med"
"GM - Chevrolet","Corsa","2006","Gasoline",14468,1,"Med"
"GM - Chevrolet","Corsa","2006","Gasoline",14468,1,"Med"
"GM - Chevrolet","Corsa","2005","Gasoline",13432,1,"Med"
"GM - Chevrolet","Corsa","2005","Gasoline",13432,1,"Med"
"GM - Chevrolet","Corsa","2009","Gasoline",17368,1,"Med"
"GM - Chevrolet","Corsa","2008","Gasoline",16700,1,"Med"
"GM - Chevrolet","Corsa","2007","Gasoline",15903,1,"Med"
"GM - Chevrolet","Corsa","2006","Gasoline",14969,1,"Med"
"GM - Chevrolet","Corsa","2006","Gasoline",14969,1,"Med"
"GM - Chevrolet","Corsa","2005","Gasoline",13974,1,"Med"
"GM - Chevrolet","Corsa","2005","Gasoline",13974,1,"Med"
"GM - Chevrolet","Corsa","2009","Gasoline",17458,1,"Med"
"GM - Chevrolet","Corsa","2008","Gasoline",16839,1,"Med"
"GM - Chevrolet","Corsa","2007","Gasoline",16079,1,"Med"
"GM - Chevrolet","Corsa","2006","Gasoline",14989,1,"Med"
"GM - Chevrolet","Corsa","2006","Gasoline",14989,1,"Med"
"GM - Chevrolet","Corsa","2005","Gasoline",14470,1,"Med"
"GM - Chevrolet","Corsa","2005","Gasoline",14470,1,"Med"
"GM - Chevrolet","Corsa","2007","Gasoline",15435,1.6,"Med"
"GM - Chevrolet","Corsa","2006","Gasoline",14970,1.6,"Med"
"GM - Chevrolet","Corsa","2005","Gasoline",14397,1.6,"Med"
"GM - Chevrolet","Corsa","2007","Gasoline",16441,1.6,"Med"
"GM - Chevrolet","Corsa","2006","Gasoline",15346,1.6,"Med"
"GM - Chevrolet","Corsa","2005","Gasoline",14808,1.6,"Med"
"GM - Chevrolet","Corsa","2006","Gasoline",17073,1.6,"Med"
"GM - Chevrolet","Corsa","2005","Gasoline",15464,1.6,"Med"
"GM - Chevrolet","Corsa","2004","Gasoline",12813,1.6,"Med"
"GM - Chevrolet","Corsa","2007","Gasoline",16233,1,"Med"
"GM - Chevrolet","Corsa","2006","Gasoline",15452,1,"Med"
"GM - Chevrolet","Corsa","2005","Gasoline",14267,1,"Med"
"GM - Chevrolet","Corsa","2007","Gasoline",16290,1.8,"Med"
"GM - Chevrolet","Corsa","2006","Gasoline",15807,1.8,"Med"
"GM - Chevrolet","Corsa","2005","Gasoline",15146,1.8,"Med"
"GM - Chevrolet","Corsa","2007","Gasoline",17212,1,"Med"
"GM - Chevrolet","Corsa","2006","Gasoline",16544,1,"Med"
"GM - Chevrolet","Corsa","2005","Gasoline",15424,1,"Med"
"GM - Chevrolet","Corsa","2004","Gasoline",13330,1,"Med"
"GM - Chevrolet","Corsa","2011","Gasoline",22194,1.4,"Med"
"GM - Chevrolet","Corsa","2010","Gasoline",21077,1.4,"Med"
"GM - Chevrolet","Corsa","2009","Gasoline",20266,1.4,"Med"
"GM - Chevrolet","Corsa","2008","Gasoline",19302,1.4,"Med"
"GM - Chevrolet","Corsa","2007","Gasoline",18142,1.8,"Med"
"GM - Chevrolet","Corsa","2006","Gasoline",17384,1.8,"Med"
"GM - Chevrolet","Corsa","2005","Gasoline",16541,1.8,"Med"
"GM - Chevrolet","Corsa","2012","Gasoline",23023,1.4,"Med"
"GM - Chevrolet","Corsa","2011","Gasoline",22285,1.4,"Med"
"GM - Chevrolet","Corsa","2010","Gasoline",21489,1.4,"Med"
"GM - Chevrolet","Corsa","2009","Gasoline",20774,1.4,"Med"
"GM - Chevrolet","Corsa","2008","Gasoline",20154,1.4,"Med"
"GM - Chevrolet","Corsa","2009","Gasoline",21330,1.8,"Med"
"GM - Chevrolet","Corsa","2008","Gasoline",20608,1.8,"Med"
"GM - Chevrolet","Corsa","2007","Gasoline",19053,1.8,"Med"
"GM - Chevrolet","Corsa","2006","Gasoline",17961,1.8,"Med"
"GM - Chevrolet","Corsa","2005","Gasoline",16900,1.8,"Med"
"GM - Chevrolet","Corsa","2007","Gasoline",18630,1,"Med"
"GM - Chevrolet","Corsa","2006","Gasoline",17078,1,"Med"
"GM - Chevrolet","Corsa","2005","Gasoline",15665,1,"Med"
"GM - Chevrolet","Corsa","2005","Gasoline",13699,1,"Med"
"GM - Chevrolet","Corsa","2005","Gasoline",13699,1,"Med"
"GM - Chevrolet","Corsa","2004","Gasoline",12751,1,"Med"
"GM - Chevrolet","Corsa","2004","Gasoline",12751,1,"Med"
"GM - Chevrolet","Corsa","2003","Gasoline",12356,1,"Med"
"GM - Chevrolet","Corsa","2003","Gasoline",12356,1,"Med"
"GM - Chevrolet","Corsa","2002","Gasoline",11819,1,"Med"
"GM - Chevrolet","Corsa","2002","Gasoline",11819,1,"Med"
"GM - Chevrolet","Corsa","2001","Gasoline",11287,1,"Med"
"GM - Chevrolet","Corsa","2001","Gasoline",11287,1,"Med"
"GM - Chevrolet","Corsa","2000","Gasoline",10925,1,"Med"
"GM - Chevrolet","Corsa","2000","Gasoline",10925,1,"Med"
"GM - Chevrolet","Corsa","1999","Gasoline",10014,1,"Med"
"GM - Chevrolet","Corsa","2004","Gasoline",14143,1,"Med"
"GM - Chevrolet","Corsa","2003","Gasoline",13693,1,"Med"
"GM - Chevrolet","Corsa","2002","Gasoline",13113,1,"Med"
"GM - Chevrolet","Corsa","2003","Gasoline",15605,1.8,"Med"
"GM - Chevrolet","Corsa","2002","Gasoline",15110,1.8,"Med"
"GM - Chevrolet","Corsa","2004","Gasoline",16180,1.8,"Med"
"GM - Chevrolet","Corsa","2001","Gasoline",12835,1.6,"Med"
"GM - Chevrolet","Corsa","2000","Gasoline",12255,1.6,"Med"
"GM - Chevrolet","Corsa","1999","Gasoline",10900,1.6,"Med"
"GM - Chevrolet","Corsa","1998","Gasoline",10478,1.6,"Med"
"GM - Chevrolet","Corsa","1997","Gasoline",10101,1.6,"Med"
"GM - Chevrolet","Corsa","1996","Gasoline",9228,1.6,"Med"
"GM - Chevrolet","Corsa","1995","Gasoline",8920,1.6,"Med"
"GM - Chevrolet","Corsa","2001","Gasoline",13444,1.6,"Med"
"GM - Chevrolet","Corsa","2000","Gasoline",12370,1.6,"Med"
"GM - Chevrolet","Corsa","1999","Gasoline",11824,1.6,"Med"
"GM - Chevrolet","Corsa","1998","Gasoline",11321,1.6,"Med"
"GM - Chevrolet","Corsa","1997","Gasoline",10825,1.6,"Med"
"GM - Chevrolet","Corsa","2001","Gasoline",13131,1.6,"Med"
"GM - Chevrolet","Corsa","2000","Gasoline",12359,1.6,"Med"
"GM - Chevrolet","Corsa","1999","Gasoline",11548,1.6,"Med"
"GM - Chevrolet","Corsa","1998","Gasoline",11178,1.6,"Med"
"GM - Chevrolet","Corsa","1997","Gasoline",10509,1.6,"Med"
"GM - Chevrolet","Corsa","1996","Gasoline",9627,1.6,"Med"
"GM - Chevrolet","Corsa","2002","Gasoline",12125,1,"Med"
"GM - Chevrolet","Corsa","2001","Gasoline",11401,1,"Med"
"GM - Chevrolet","Corsa","2000","Gasoline",11012,1,"Med"
"GM - Chevrolet","Corsa","1999","Gasoline",10403,1,"Med"
"GM - Chevrolet","Corsa","1999","Gasoline",10394,1,"Med"
"GM - Chevrolet","Corsa","1998","Gasoline",9650,1,"Med"
"GM - Chevrolet","Corsa","2002","Gasoline",12257,1,"Med"
"GM - Chevrolet","Corsa","2001","Gasoline",10960,1,"Med"
"GM - Chevrolet","Corsa","2000","Gasoline",10591,1,"Med"
"GM - Chevrolet","Corsa","1999","Gasoline",10194,1,"Med"
"GM - Chevrolet","Corsa","2004","Gasoline",14273,1.6,"Med"
"GM - Chevrolet","Corsa","2003","Gasoline",13786,1.6,"Med"
"GM - Chevrolet","Corsa","2002","Gasoline",13298,1.6,"Med"
"GM - Chevrolet","Corsa","2001","Gasoline",11737,1.6,"Med"
"GM - Chevrolet","Corsa","1999","Gasoline",9594,1,"Med"
"GM - Chevrolet","Corsa","1998","Gasoline",9302,1,"Med"
"GM - Chevrolet","Corsa","1997","Gasoline",8582,1,"Med"
"GM - Chevrolet","Corsa","1996","Gasoline",7899,1,"Med"
"GM - Chevrolet","Corsa","1995","Gasoline",7598,1,"Med"
"GM - Chevrolet","Corsa","2000","Gasoline",9659,1,"Med"
"GM - Chevrolet","Corsa","1999","Gasoline",8719,1,"Med"
"GM - Chevrolet","Corsa","2002","Gasoline",12805,1,"Med"
"GM - Chevrolet","Corsa","2001","Gasoline",11065,1,"Med"
"GM - Chevrolet","Corsa","2000","Gasoline",10668,1,"Med"
"GM - Chevrolet","Corsa","1999","Gasoline",9821,1,"Med"
"GM - Chevrolet","Corsa","1998","Gasoline",9200,1,"Med"
"GM - Chevrolet","Corsa","2002","Gasoline",13023,1.6,"Med"
"GM - Chevrolet","Corsa","2001","Gasoline",11156,1.6,"Med"
"GM - Chevrolet","Corsa","1999","Gasoline",10020,1.6,"Med"
"GM - Chevrolet","Corsa","1998","Gasoline",9684,1.6,"Med"
"GM - Chevrolet","Corsa","1997","Gasoline",9153,1.6,"Med"
"GM - Chevrolet","Corsa","2001","Gasoline",12755,1.6,"Med"
"GM - Chevrolet","Corsa","2000","Gasoline",11915,1.6,"Med"
"GM - Chevrolet","Corsa","1999","Gasoline",11324,1.6,"Med"
"GM - Chevrolet","Corsa","1998","Gasoline",10583,1.6,"Med"
"GM - Chevrolet","Corsa","1997","Gasoline",9927,1.6,"Med"
"GM - Chevrolet","Corsa","2001","Gasoline",12719,1.6,"Med"
"GM - Chevrolet","Corsa","2000","Gasoline",11819,1.6,"Med"
"GM - Chevrolet","Corsa","1999","Gasoline",11057,1.6,"Med"
"GM - Chevrolet","Corsa","1998","Gasoline",10384,1.6,"Med"
"GM - Chevrolet","Corsa","1997","Gasoline",9873,1.6,"Med"
"GM - Chevrolet","Corsa","2002","Gasoline",11469,1,"Med"
"GM - Chevrolet","Corsa","2001","Gasoline",10601,1,"Med"
"GM - Chevrolet","Corsa","2000","Gasoline",10253,1,"Med"
"GM - Chevrolet","Corsa","1999","Gasoline",9417,1,"Med"
"GM - Chevrolet","Corsa","2002","Gasoline",14086,1.6,"Med"
"GM - Chevrolet","Corsa","2001","Gasoline",12086,1.6,"Med"
"GM - Chevrolet","Corsa","2002","Gasoline",11440,1,"Med"
"GM - Chevrolet","Corsa","2002","Gasoline",11440,1,"Med"
"GM - Chevrolet","Corsa","2001","Gasoline",11044,1,"Med"
"GM - Chevrolet","Corsa","2001","Gasoline",11044,1,"Med"
"GM - Chevrolet","Corsa","2000","Gasoline",10608,1,"Med"
"GM - Chevrolet","Corsa","2000","Gasoline",10608,1,"Med"
"GM - Chevrolet","Corsa","1999","Gasoline",9861,1,"Med"
"GM - Chevrolet","Corsa","1999","Gasoline",9861,1,"Med"
"GM - Chevrolet","Corsa","1998","Gasoline",9361,1,"Med"
"GM - Chevrolet","Corsa","1997","Gasoline",8780,1,"Med"
"GM - Chevrolet","Corsa","1996","Gasoline",7676,1,"Med"
"GM - Chevrolet","Corsa","2002","Gasoline",11144,1,"Med"
"GM - Chevrolet","Corsa","2001","Gasoline",10073,1,"Med"
"GM - Chevrolet","Corsa","2000","Gasoline",9660,1,"Med"
"GM - Chevrolet","Corsa","2000","Gasoline",9660,1,"Med"
"GM - Chevrolet","Corsa","1999","Gasoline",8978,1,"Med"
"GM - Chevrolet","Corsa","1998","Gasoline",8601,1,"Med"
"GM - Chevrolet","Corsa","1997","Gasoline",8267,1,"Med"
"GM - Chevrolet","Corsa","1996","Gasoline",7646,1,"Med"
"GM - Chevrolet","Corsa","1995","Gasoline",7407,1,"Med"
"GM - Chevrolet","Corsa","1994","Gasoline",6737,1,"Med"
"GM - Chevrolet","Corsa","2002","Gasoline",12465,1.6,"Med"
"GM - Chevrolet","Corsa","2001","Gasoline",11703,1.6,"Med"
"GM - Chevrolet","Corsa","2000","Gasoline",11305,1.6,"Med"
"GM - Chevrolet","Corsa","1999","Gasoline",10385,1.6,"Med"
"GM - Chevrolet","Corsa","1998","Gasoline",9829,1.6,"Med"
"GM - Chevrolet","Corsa","2002","Gasoline",12485,1.6,"Med"
"GM - Chevrolet","Corsa","2001","Gasoline",11998,1.6,"Med"
"GM - Chevrolet","Corsa","2000","Gasoline",11600,1.6,"Med"
"GM - Chevrolet","Corsa","1999","Gasoline",10510,1.6,"Med"
"GM - Chevrolet","Corsa","1998","Gasoline",10089,1.6,"Med"
"GM - Chevrolet","Corsa","1999","Gasoline",9653,1,"Med"
"GM - Chevrolet","Corsa","1998","Gasoline",8630,1,"Med"
"GM - Chevrolet","Corsa","1997","Gasoline",8355,1,"Med"
"GM - Chevrolet","Corvette","2015","Gasoline",405423,5.7,"Med"
"GM - Chevrolet","Corvette","2012","Gasoline",270911,5.7,"Med"
"GM - Chevrolet","Corvette","2011","Gasoline",259919,5.7,"Med"
"GM - Chevrolet","Corvette","2010","Gasoline",244845,5.7,"Med"
"GM - Chevrolet","Corvette","2009","Gasoline",205945,5.7,"Med"
"GM - Chevrolet","Corvette","2008","Gasoline",199326,5.7,"Med"
"GM - Chevrolet","Corvette","2007","Gasoline",192558,5.7,"Med"
"GM - Chevrolet","Corvette","2002","Gasoline",124092,5.7,"Med"
"GM - Chevrolet","Corvette","2000","Gasoline",113490,5.7,"Med"
"GM - Chevrolet","Corvette","1999","Gasoline",108742,5.7,"Med"
"GM - Chevrolet","Corvette","1995","Gasoline",98658,5.7,"Med"
"GM - Chevrolet","Corvette","1991","Gasoline",94254,5.7,"Med"
"GM - Chevrolet","Corvette","2015","Gasoline",358657,5.7,"Med"
"GM - Chevrolet","Corvette","2014","Gasoline",301252,5.7,"Med"
"GM - Chevrolet","Corvette","2013","Gasoline",257089,5.7,"Med"
"GM - Chevrolet","Corvette","2012","Gasoline",249458,5.7,"Med"
"GM - Chevrolet","Corvette","2011","Gasoline",240877,5.7,"Med"
"GM - Chevrolet","Corvette","2010","Gasoline",232198,5.7,"Med"
"GM - Chevrolet","Corvette","2009","Gasoline",182651,5.7,"Med"
"GM - Chevrolet","Corvette","2008","Gasoline",177245,5.7,"Med"
"GM - Chevrolet","Corvette","2007","Gasoline",169881,5.7,"Med"
"GM - Chevrolet","Corvette","2006","Gasoline",145565,5.7,"Med"
"GM - Chevrolet","Corvette","2005","Gasoline",139851,5.7,"Med"
"GM - Chevrolet","Corvette","2004","Gasoline",122560,5.7,"Med"
"GM - Chevrolet","Corvette","2002","Gasoline",114840,5.7,"Med"
"GM - Chevrolet","Corvette","2001","Gasoline",102920,5.7,"Med"
"GM - Chevrolet","Corvette","2000","Gasoline",99622,5.7,"Med"
"GM - Chevrolet","Corvette","1999","Gasoline",96441,5.7,"Med"
"GM - Chevrolet","Corvette","1998","Gasoline",92733,5.7,"Med"
"GM - Chevrolet","Corvette","1995","Gasoline",88511,5.7,"Med"
"GM - Chevrolet","Corvette","1994","Gasoline",82195,5.7,"Med"
"GM - Chevrolet","Corvette","1993","Gasoline",77551,5.7,"Med"
"GM - Chevrolet","Corvette","1992","Gasoline",75255,5.7,"Med"
"GM - Chevrolet","Corvette","1991","Gasoline",73002,5.7,"Med"
"GM - Chevrolet","CRUZE","2016","Gasoline",66904,1.8,"Med"
"GM - Chevrolet","CRUZE","2015","Gasoline",59989,1.8,"Med"
"GM - Chevrolet","CRUZE","2014","Gasoline",49482,1.8,"Med"
"GM - Chevrolet","CRUZE","2013","Gasoline",47731,1.8,"Med"
"GM - Chevrolet","CRUZE","2012","Gasoline",44308,1.8,"Med"
"GM - Chevrolet","CRUZE","2016","Gasoline",59758,1.8,"Med"
"GM - Chevrolet","CRUZE","2015","Gasoline",57246,1.8,"Med"
"GM - Chevrolet","CRUZE","2014","Gasoline",48510,1.8,"Med"
"GM - Chevrolet","CRUZE","2013","Gasoline",46489,1.8,"Med"
"GM - Chevrolet","CRUZE","2012","Gasoline",43269,1.8,"Med"
"GM - Chevrolet","CRUZE","2016","Gasoline",72659,1.8,"Med"
"GM - Chevrolet","CRUZE","2015","Gasoline",65913,1.8,"Med"
"GM - Chevrolet","CRUZE","2014","Gasoline",57745,1.8,"Med"
"GM - Chevrolet","CRUZE","2013","Gasoline",53743,1.8,"Med"
"GM - Chevrolet","CRUZE","2012","Gasoline",49612,1.8,"Med"
"GM - Chevrolet","CRUZE","2014","Gasoline",56699,1.8,"Med"
"GM - Chevrolet","CRUZE","2013","Gasoline",50765,1.8,"Med"
"GM - Chevrolet","CRUZE","2012","Gasoline",48389,1.8,"Med"
"GM - Chevrolet","CRUZE","Zero KM","Gasoline",92100,1.4,"Aut"
"GM - Chevrolet","CRUZE","2018","Gasoline",84140,1.4,"Aut"
"GM - Chevrolet","CRUZE","2017","Gasoline",81559,1.4,"Aut"
"GM - Chevrolet","CRUZE","2016","Gasoline",67025,1.8,"Aut"
"GM - Chevrolet","CRUZE","2015","Gasoline",61481,1.8,"Aut"
"GM - Chevrolet","CRUZE","2014","Gasoline",52653,1.8,"Aut"
"GM - Chevrolet","CRUZE","2013","Gasoline",49841,1.8,"Aut"
"GM - Chevrolet","CRUZE","2012","Gasoline",46704,1.8,"Aut"
"GM - Chevrolet","CRUZE","2015","Gasoline",57401,1.8,"Med"
"GM - Chevrolet","CRUZE","2014","Gasoline",50502,1.8,"Med"
"GM - Chevrolet","CRUZE","2013","Gasoline",47551,1.8,"Med"
"GM - Chevrolet","CRUZE","2012","Gasoline",44250,1.8,"Med"
"GM - Chevrolet","CRUZE","Zero KM","Gasoline",109114,1.4,"Aut"
"GM - Chevrolet","CRUZE","2018","Gasoline",101746,1.4,"Aut"
"GM - Chevrolet","CRUZE","2017","Gasoline",98207,1.4,"Aut"
"GM - Chevrolet","CRUZE","2016","Gasoline",70623,1.8,"Aut"
"GM - Chevrolet","CRUZE","2015","Gasoline",65229,1.8,"Aut"
"GM - Chevrolet","CRUZE","2014","Gasoline",57548,1.8,"Aut"
"GM - Chevrolet","CRUZE","2013","Gasoline",53733,1.8,"Aut"
"GM - Chevrolet","CRUZE","2012","Gasoline",49490,1.8,"Aut"
"GM - Chevrolet","CRUZE","Zero KM","Gasoline",92100,1.4,"Aut"
"GM - Chevrolet","CRUZE","2018","Gasoline",84140,1.4,"Aut"
"GM - Chevrolet","CRUZE","2017","Gasoline",81559,1.4,"Aut"
"GM - Chevrolet","CRUZE","Zero KM","Gasoline",109020,1.4,"Aut"
"GM - Chevrolet","CRUZE","2018","Gasoline",98647,1.4,"Aut"
"GM - Chevrolet","CRUZE","2017","Gasoline",93501,1.4,"Aut"
"GM - Chevrolet","D-20","1996","Diesel",44723,4,"Med"
"GM - Chevrolet","D-20","1995","Diesel",41779,4,"Med"
"GM - Chevrolet","D-20","1994","Diesel",39133,4,"Med"
"GM - Chevrolet","D-20","1993","Diesel",36796,4,"Med"
"GM - Chevrolet","D-20","1992","Diesel",35495,4,"Med"
"GM - Chevrolet","D-20","1996","Diesel",51580,3.9,"Med"
"GM - Chevrolet","D-20","1995","Diesel",46825,3.9,"Med"
"GM - Chevrolet","D-20","1994","Diesel",45010,3.9,"Med"
"GM - Chevrolet","D-20","1993","Diesel",43130,3.9,"Med"
"GM - Chevrolet","D-20","1992","Diesel",40543,3.9,"Med"
"GM - Chevrolet","D-20","1991","Diesel",38765,3.9,"Med"
"GM - Chevrolet","D-20","1990","Diesel",36852,3.9,"Med"
"GM - Chevrolet","D-20","1989","Diesel",35476,3.9,"Med"
"GM - Chevrolet","D-20","1988","Diesel",34215,3.9,"Med"
"GM - Chevrolet","D-20","1987","Diesel",28786,3.9,"Med"
"GM - Chevrolet","D-20","1986","Diesel",27589,3.9,"Med"
"GM - Chevrolet","D-20","1996","Diesel",44863,3.9,"Med"
"GM - Chevrolet","D-20","1995","Diesel",42085,3.9,"Med"
"GM - Chevrolet","D-20","1994","Diesel",40659,3.9,"Med"
"GM - Chevrolet","D-20","1993","Diesel",38202,3.9,"Med"
"GM - Chevrolet","D-20","1992","Diesel",36889,3.9,"Med"
"GM - Chevrolet","D-20","1991","Diesel",35477,3.9,"Med"
"GM - Chevrolet","D-20","1990","Diesel",34229,3.9,"Med"
"GM - Chevrolet","D-20","1989","Diesel",31500,3.9,"Med"
"GM - Chevrolet","D-20","1988","Diesel",30268,3.9,"Med"
"GM - Chevrolet","D-20","1987","Diesel",27258,3.9,"Med"
"GM - Chevrolet","D-20","1986","Diesel",26241,3.9,"Med"
"GM - Chevrolet","D-20","1996","Diesel",41109,3.9,"Med"
"GM - Chevrolet","D-20","1995","Diesel",37791,3.9,"Med"
"GM - Chevrolet","D-20","1994","Diesel",35643,3.9,"Med"
"GM - Chevrolet","D-20","1993","Diesel",34463,3.9,"Med"
"GM - Chevrolet","D-20","1992","Diesel",33422,3.9,"Med"
"GM - Chevrolet","D-20","1991","Diesel",31913,3.9,"Med"
"GM - Chevrolet","D-20","1990","Diesel",30263,3.9,"Med"
"GM - Chevrolet","D-20","1989","Diesel",29245,3.9,"Med"
"GM - Chevrolet","D-20","1988","Diesel",27708,3.9,"Med"
"GM - Chevrolet","D-20","1987","Diesel",24430,3.9,"Med"
"GM - Chevrolet","D-20","1986","Diesel",23445,3.9,"Med"
"GM - Chevrolet","D-20","1985","Diesel",20918,3.9,"Med"
"GM - Chevrolet","D-20","1996","Diesel",41894,3.9,"Med"
"GM - Chevrolet","D-20","1995","Diesel",40556,3.9,"Med"
"GM - Chevrolet","D-20","1994","Diesel",38759,3.9,"Med"
"GM - Chevrolet","D-20","1993","Diesel",36843,3.9,"Med"
"GM - Chevrolet","D-20","1992","Diesel",33776,3.9,"Med"
"GM - Chevrolet","D-20","1991","Diesel",32478,3.9,"Med"
"GM - Chevrolet","D-20","1990","Diesel",31107,3.9,"Med"
"GM - Chevrolet","D-20","1989","Diesel",30052,3.9,"Med"
"GM - Chevrolet","D-20","1988","Diesel",28067,3.9,"Med"
"GM - Chevrolet","D-20","1987","Diesel",24356,3.9,"Med"
"GM - Chevrolet","D-20","1986","Diesel",23437,3.9,"Med"
"GM - Chevrolet","D-20","1996","Diesel",39985,3.9,"Med"
"GM - Chevrolet","D-20","1995","Diesel",38665,3.9,"Med"
"GM - Chevrolet","D-20","1994","Diesel",37342,3.9,"Med"
"GM - Chevrolet","D-20","1993","Diesel",35125,3.9,"Med"
"GM - Chevrolet","D-20","1992","Diesel",33760,3.9,"Med"
"GM - Chevrolet","D-20","1991","Diesel",32431,3.9,"Med"
"GM - Chevrolet","D-20","1990","Diesel",30336,3.9,"Med"
"GM - Chevrolet","D-20","1989","Diesel",29365,3.9,"Med"
"GM - Chevrolet","D-20","1988","Diesel",27843,3.9,"Med"
"GM - Chevrolet","D-20","1987","Diesel",25049,3.9,"Med"
"GM - Chevrolet","D-20","1986","Diesel",24190,3.9,"Med"
"GM - Chevrolet","D-20","1985","Diesel",18230,3.9,"Med"
"GM - Chevrolet","EQUINOX","Zero KM","Gasoline",136812,2,"Aut"
"GM - Chevrolet","EQUINOX","2018","Gasoline",122396,2,"Aut"
"GM - Chevrolet","EQUINOX","Zero KM","Gasoline",157897,2,"Aut"
"GM - Chevrolet","EQUINOX","2018","Gasoline",138455,2,"Aut"
"GM - Chevrolet","Ipanema","1998","Álcool",8577,1.8,"Med"
"GM - Chevrolet","Ipanema","1997","Álcool",7963,1.8,"Med"
"GM - Chevrolet","Ipanema","1997","Álcool",7963,1.8,"Med"
"GM - Chevrolet","Ipanema","1996","Gasoline",7377,1.8,"Med"
"GM - Chevrolet","Ipanema","1996","Gasoline",7377,1.8,"Med"
"GM - Chevrolet","Ipanema","1995","Gasoline",7125,1.8,"Med"
"GM - Chevrolet","Ipanema","1995","Gasoline",7125,1.8,"Med"
"GM - Chevrolet","Ipanema","1994","Gasoline",6804,1.8,"Med"
"GM - Chevrolet","Ipanema","1993","Gasoline",6502,1.8,"Med"
"GM - Chevrolet","Ipanema","1992","Gasoline",6057,1.8,"Med"
"GM - Chevrolet","Ipanema","1991","Gasoline",5719,1.8,"Med"
"GM - Chevrolet","Ipanema","1990","Gasoline",5474,1.8,"Med"
"GM - Chevrolet","Ipanema","1998","Gasoline",9105,2,"Med"
"GM - Chevrolet","Ipanema","1997","Gasoline",8769,2,"Med"
"GM - Chevrolet","Ipanema","1997","Gasoline",8769,2,"Med"
"GM - Chevrolet","Ipanema","1996","Gasoline",7889,2,"Med"
"GM - Chevrolet","Ipanema","1996","Gasoline",7889,2,"Med"
"GM - Chevrolet","Ipanema","1995","Gasoline",7364,2,"Med"
"GM - Chevrolet","Ipanema","1995","Gasoline",7364,2,"Med"
"GM - Chevrolet","Ipanema","1994","Gasoline",6900,2,"Med"
"GM - Chevrolet","Ipanema","1995","Gasoline",8005,2,"Med"
"GM - Chevrolet","Ipanema","1995","Gasoline",8005,2,"Med"
"GM - Chevrolet","Ipanema","1994","Gasoline",7491,2,"Med"
"GM - Chevrolet","Ipanema","1993","Gasoline",6565,2,"Med"
"GM - Chevrolet","Ipanema","1992","Gasoline",6302,2,"Med"
"GM - Chevrolet","Ipanema","1991","Gasoline",5979,2,"Med"
"GM - Chevrolet","Ipanema","1990","Gasoline",5335,2,"Med"
"GM - Chevrolet","Ipanema","1989","Gasoline",3966,2,"Med"
"GM - Chevrolet","Kadett","1998","Gasoline",9066,2,"Med"
"GM - Chevrolet","Kadett","1997","Gasoline",8720,2,"Med"
"GM - Chevrolet","Kadett","1997","Gasoline",8720,2,"Med"
"GM - Chevrolet","Kadett","1996","Gasoline",8125,2,"Med"
"GM - Chevrolet","Kadett","1996","Gasoline",8125,2,"Med"
"GM - Chevrolet","Kadett","1995","Gasoline",7200,2,"Med"
"GM - Chevrolet","Kadett","1995","Gasoline",7200,2,"Med"
"GM - Chevrolet","Kadett","1994","Gasoline",6875,2,"Med"
"GM - Chevrolet","Kadett","1998","Gasoline",8531,1.8,"Med"
"GM - Chevrolet","Kadett","1997","Gasoline",7991,1.8,"Med"
"GM - Chevrolet","Kadett","1997","Gasoline",7991,1.8,"Med"
"GM - Chevrolet","Kadett","1996","Gasoline",7330,1.8,"Med"
"GM - Chevrolet","Kadett","1996","Gasoline",7330,1.8,"Med"
"GM - Chevrolet","Kadett","1995","Gasoline",7100,1.8,"Med"
"GM - Chevrolet","Kadett","1995","Gasoline",7100,1.8,"Med"
"GM - Chevrolet","Kadett","1994","Gasoline",6854,1.8,"Med"
"GM - Chevrolet","Kadett","1993","Gasoline",6330,1.8,"Med"
"GM - Chevrolet","Kadett","1992","Gasoline",5679,1.8,"Med"
"GM - Chevrolet","Kadett","1991","Gasoline",5345,1.8,"Med"
"GM - Chevrolet","Kadett","1990","Gasoline",5058,1.8,"Med"
"GM - Chevrolet","Kadett","1989","Gasoline",4895,1.8,"Med"
"GM - Chevrolet","Kadett","1995","Gasoline",7698,1.8,"Med"
"GM - Chevrolet","Kadett","1995","Gasoline",7698,1.8,"Med"
"GM - Chevrolet","Kadett","1994","Gasoline",7164,1.8,"Med"
"GM - Chevrolet","Kadett","1993","Gasoline",6778,1.8,"Med"
"GM - Chevrolet","Kadett","1992","Gasoline",6565,1.8,"Med"
"GM - Chevrolet","Kadett","1991","Gasoline",5868,1.8,"Med"
"GM - Chevrolet","Kadett","1990","Gasoline",5210,1.8,"Med"
"GM - Chevrolet","Kadett","1989","Gasoline",5011,1.8,"Med"
"GM - Chevrolet","Kadett","1998","Gasoline",10020,2,"Med"
"GM - Chevrolet","Kadett","1997","Gasoline",9010,2,"Med"
"GM - Chevrolet","Kadett","1995","Gasoline",11194,2,"Med"
"GM - Chevrolet","Kadett","1994","Gasoline",10283,2,"Med"
"GM - Chevrolet","Kadett","1993","Gasoline",9692,2,"Med"
"GM - Chevrolet","Kadett","1992","Gasoline",9218,2,"Med"
"GM - Chevrolet","Kadett","1991","Gasoline",8001,2,"Med"
"GM - Chevrolet","Kadett","1990","Gasoline",7247,2,"Med"
"GM - Chevrolet","Kadett","1989","Gasoline",5735,2,"Med"
"GM - Chevrolet","Kadett","1995","Gasoline",16275,2,"Med"
"GM - Chevrolet","Kadett","1994","Gasoline",15586,2,"Med"
"GM - Chevrolet","Kadett","1993","Gasoline",14281,2,"Med"
"GM - Chevrolet","Kadett","1992","Gasoline",13669,2,"Med"
"GM - Chevrolet","Kadett","1998","Gasoline",10080,2,"Med"
"GM - Chevrolet","Kadett","1997","Gasoline",9658,2,"Med"
"GM - Chevrolet","Kadett","1996","Gasoline",8878,2,"Med"
"GM - Chevrolet","Kadett","1996","Gasoline",8878,2,"Med"
"GM - Chevrolet","Kadett","1995","Gasoline",7337,2,"Med"
"GM - Chevrolet","Kadett","1995","Gasoline",7337,2,"Med"
"GM - Chevrolet","MALIBU","2013","Gasoline",71552,2.4,"Med"
"GM - Chevrolet","MALIBU","2012","Gasoline",50343,2.4,"Med"
"GM - Chevrolet","MALIBU","2011","Gasoline",42625,2.4,"Med"
"GM - Chevrolet","MALIBU","2010","Gasoline",40714,2.4,"Med"
"GM - Chevrolet","Meriva","2004","Gasoline",18509,1.8,"Med"
"GM - Chevrolet","Meriva","2003","Gasoline",17653,1.8,"Med"
"GM - Chevrolet","Meriva","2004","Gasoline",18424,1.8,"Med"
"GM - Chevrolet","Meriva","2003","Gasoline",17414,1.8,"Med"
"GM - Chevrolet","Meriva","2004","Gasoline",18596,1.8,"Med"
"GM - Chevrolet","Meriva","2012","Gasoline",29064,1.4,"Med"
"GM - Chevrolet","Meriva","2012","Gasoline",25215,1.8,"Med"
"GM - Chevrolet","Meriva","2011","Gasoline",24471,1.8,"Med"
"GM - Chevrolet","Meriva","2010","Gasoline",23690,1.8,"Med"
"GM - Chevrolet","Meriva","2009","Gasoline",22814,1.8,"Med"
"GM - Chevrolet","Meriva","2012","Gasoline",24844,1.4,"Med"
"GM - Chevrolet","Meriva","2011","Gasoline",24086,1.4,"Med"
"GM - Chevrolet","Meriva","2010","Gasoline",23360,1.4,"Med"
"GM - Chevrolet","Meriva","2009","Gasoline",22478,1.4,"Med"
"GM - Chevrolet","Meriva","2008","Gasoline",20591,1.8,"Med"
"GM - Chevrolet","Meriva","2007","Gasoline",19797,1.8,"Med"
"GM - Chevrolet","Meriva","2006","Gasoline",19200,1.8,"Med"
"GM - Chevrolet","Meriva","2005","Gasoline",18029,1.8,"Med"
"GM - Chevrolet","Meriva","2012","Gasoline",25870,1.4,"Med"
"GM - Chevrolet","Meriva","2011","Gasoline",24944,1.4,"Med"
"GM - Chevrolet","Meriva","2010","Gasoline",24187,1.4,"Med"
"GM - Chevrolet","Meriva","2009","Gasoline",23155,1.4,"Med"
"GM - Chevrolet","Meriva","2008","Gasoline",22316,1.8,"Med"
"GM - Chevrolet","Meriva","2007","Gasoline",21632,1.8,"Med"
"GM - Chevrolet","Meriva","2006","Gasoline",20687,1.8,"Med"
"GM - Chevrolet","Meriva","2005","Gasoline",19300,1.8,"Med"
"GM - Chevrolet","Meriva","2012","Gasoline",26655,1.8,"Med"
"GM - Chevrolet","Meriva","2011","Gasoline",24555,1.8,"Med"
"GM - Chevrolet","Meriva","2010","Gasoline",22710,1.8,"Med"
"GM - Chevrolet","Meriva","2009","Gasoline",22014,1.8,"Med"
"GM - Chevrolet","Meriva","2008","Gasoline",21264,1.8,"Med"
"GM - Chevrolet","Meriva","2009","Gasoline",23039,1.8,"Med"
"GM - Chevrolet","Meriva","2008","Gasoline",22000,1.8,"Med"
"GM - Chevrolet","Meriva","2007","Gasoline",21004,1.8,"Med"
"GM - Chevrolet","Meriva","2006","Gasoline",19422,1.8,"Med"
"GM - Chevrolet","Meriva","2005","Gasoline",18695,1.8,"Med"
"GM - Chevrolet","Meriva","2008","Gasoline",24064,1.8,"Med"
"GM - Chevrolet","Meriva","2007","Gasoline",23324,1.8,"Med"
"GM - Chevrolet","Meriva","2006","Gasoline",20735,1.8,"Med"
"GM - Chevrolet","Meriva","2011","Gasoline",25831,1.8,"Med"
"GM - Chevrolet","Meriva","2010","Gasoline",24728,1.8,"Med"
"GM - Chevrolet","Meriva","2009","Gasoline",23636,1.8,"Med"
"GM - Chevrolet","MONTANA","2010","Gasoline",24768,1.8,"Med"
"GM - Chevrolet","MONTANA","2009","Gasoline",23868,1.8,"Med"
"GM - Chevrolet","MONTANA","2008","Gasoline",22753,1.8,"Med"
"GM - Chevrolet","MONTANA","2007","Gasoline",21762,1.8,"Med"
"GM - Chevrolet","MONTANA","2006","Gasoline",20834,1.8,"Med"
"GM - Chevrolet","MONTANA","2005","Gasoline",20069,1.8,"Med"
"GM - Chevrolet","MONTANA","2004","Gasoline",19081,1.8,"Med"
"GM - Chevrolet","MONTANA","2010","Gasoline",22075,1.4,"Med"
"GM - Chevrolet","MONTANA","2009","Gasoline",21088,1.4,"Med"
"GM - Chevrolet","MONTANA","2008","Gasoline",20046,1.4,"Med"
"GM - Chevrolet","MONTANA","2007","Gasoline",19368,1.8,"Med"
"GM - Chevrolet","MONTANA","2006","Gasoline",18629,1.8,"Med"
"GM - Chevrolet","MONTANA","2005","Gasoline",17995,1.8,"Med"
"GM - Chevrolet","MONTANA","2004","Gasoline",17140,1.8,"Med"
"GM - Chevrolet","MONTANA","2010","Gasoline",22481,1.4,"Med"
"GM - Chevrolet","MONTANA","2010","Gasoline",22115,1.4,"Med"
"GM - Chevrolet","MONTANA","2009","Gasoline",21259,1.4,"Med"
"GM - Chevrolet","MONTANA","2008","Gasoline",20115,1.4,"Med"
"GM - Chevrolet","MONTANA","Zero KM","Gasoline",45071,1.4,"Med"
"GM - Chevrolet","MONTANA","2019","Gasoline",41014,1.4,"Med"
"GM - Chevrolet","MONTANA","2018","Gasoline",39032,1.4,"Med"
"GM - Chevrolet","MONTANA","2017","Gasoline",37244,1.4,"Med"
"GM - Chevrolet","MONTANA","2016","Gasoline",35749,1.4,"Med"
"GM - Chevrolet","MONTANA","2015","Gasoline",31862,1.4,"Med"
"GM - Chevrolet","MONTANA","2014","Gasoline",29218,1.4,"Med"
"GM - Chevrolet","MONTANA","2013","Gasoline",26710,1.4,"Med"
"GM - Chevrolet","MONTANA","2012","Gasoline",25334,1.4,"Med"
"GM - Chevrolet","MONTANA","2011","Gasoline",24045,1.4,"Med"
"GM - Chevrolet","MONTANA","2014","Gasoline",29726,1.4,"Med"
"GM - Chevrolet","MONTANA","2013","Gasoline",27242,1.4,"Med"
"GM - Chevrolet","MONTANA","2006","Gasoline",24353,1.8,"Med"
"GM - Chevrolet","MONTANA","2005","Gasoline",19798,1.8,"Med"
"GM - Chevrolet","MONTANA","2004","Gasoline",18818,1.8,"Med"
"GM - Chevrolet","MONTANA","Zero KM","Gasoline",54986,1.4,"Med"
"GM - Chevrolet","MONTANA","2019","Gasoline",49982,1.4,"Med"
"GM - Chevrolet","MONTANA","2018","Gasoline",47850,1.4,"Med"
"GM - Chevrolet","MONTANA","2017","Gasoline",46020,1.4,"Med"
"GM - Chevrolet","MONTANA","2016","Gasoline",41795,1.4,"Med"
"GM - Chevrolet","MONTANA","2015","Gasoline",37571,1.4,"Med"
"GM - Chevrolet","MONTANA","2014","Gasoline",35142,1.4,"Med"
"GM - Chevrolet","MONTANA","2013","Gasoline",31860,1.4,"Med"
"GM - Chevrolet","MONTANA","2012","Gasoline",29637,1.4,"Med"
"GM - Chevrolet","MONTANA","2011","Gasoline",27588,1.4,"Med"
"GM - Chevrolet","MONTANA","2010","Gasoline",25908,1.4,"Med"
"GM - Chevrolet","Monza","1987","Gasoline",4225,1.6,"Med"
"GM - Chevrolet","Monza","1986","Gasoline",3494,1.6,"Med"
"GM - Chevrolet","Monza","1985","Gasoline",2829,1.6,"Med"
"GM - Chevrolet","Monza","1993","Gasoline",6983,1.8,"Med"
"GM - Chevrolet","Monza","1994","Gasoline",9588,2,"Med"
"GM - Chevrolet","Monza","1993","Gasoline",8284,2,"Med"
"GM - Chevrolet","Monza","1992","Gasoline",7978,2,"Med"
"GM - Chevrolet","Monza","1991","Gasoline",7659,2,"Med"
"GM - Chevrolet","Monza","1990","Gasoline",7432,2,"Med"
"GM - Chevrolet","Monza","1989","Gasoline",6946,2,"Med"
"GM - Chevrolet","Monza","1988","Gasoline",6128,2,"Med"
"GM - Chevrolet","Monza","1987","Gasoline",5325,2,"Med"
"GM - Chevrolet","Monza","1986","Gasoline",4944,2,"Med"
"GM - Chevrolet","Monza","1985","Gasoline",3365,2,"Med"
"GM - Chevrolet","Monza","1994","Gasoline",7628,1.8,"Med"
"GM - Chevrolet","Monza","1993","Gasoline",6998,1.8,"Med"
"GM - Chevrolet","Monza","1992","Gasoline",6710,1.8,"Med"
"GM - Chevrolet","Monza","1991","Gasoline",6276,1.8,"Med"
"GM - Chevrolet","Monza","1990","Gasoline",6085,1.8,"Med"
"GM - Chevrolet","Monza","1989","Gasoline",5871,1.8,"Med"
"GM - Chevrolet","Monza","1988","Gasoline",5187,1.8,"Med"
"GM - Chevrolet","Monza","1987","Gasoline",4624,1.8,"Med"
"GM - Chevrolet","Monza","1986","Gasoline",4458,1.8,"Med"
"GM - Chevrolet","Monza","1985","Gasoline",3283,1.8,"Med"
"GM - Chevrolet","Monza","1996","Gasoline",7326,1.8,"Med"
"GM - Chevrolet","Monza","1995","Álcool",7222,1.8,"Med"
"GM - Chevrolet","Monza","1995","Álcool",7222,1.8,"Med"
"GM - Chevrolet","Monza","1994","Gasoline",6748,1.8,"Med"
"GM - Chevrolet","Monza","1993","Gasoline",6466,1.8,"Med"
"GM - Chevrolet","Monza","1992","Gasoline",6268,1.8,"Med"
"GM - Chevrolet","Monza","1991","Gasoline",5752,1.8,"Med"
"GM - Chevrolet","Monza","1990","Gasoline",5552,1.8,"Med"
"GM - Chevrolet","Monza","1989","Gasoline",5366,1.8,"Med"
"GM - Chevrolet","Monza","1988","Gasoline",4866,1.8,"Med"
"GM - Chevrolet","Monza","1987","Gasoline",4130,1.8,"Med"
"GM - Chevrolet","Monza","1986","Gasoline",4000,1.8,"Med"
"GM - Chevrolet","Monza","1996","Álcool",8285,2,"Med"
"GM - Chevrolet","Monza","1996","Álcool",8285,2,"Med"
"GM - Chevrolet","Monza","1995","Gasoline",8678,2,"Med"
"GM - Chevrolet","Monza","1995","Gasoline",8678,2,"Med"
"GM - Chevrolet","Monza","1994","Gasoline",8128,2,"Med"
"GM - Chevrolet","Monza","1993","Gasoline",7791,2,"Med"
"GM - Chevrolet","Monza","1992","Gasoline",7078,2,"Med"
"GM - Chevrolet","Monza","1991","Gasoline",6560,2,"Med"
"GM - Chevrolet","Monza","1990","Gasoline",6300,2,"Med"
"GM - Chevrolet","Monza","1989","Gasoline",5999,2,"Med"
"GM - Chevrolet","Monza","1988","Gasoline",5371,2,"Med"
"GM - Chevrolet","Monza","1987","Gasoline",4726,2,"Med"
"GM - Chevrolet","Monza","1986","Gasoline",4521,2,"Med"
"GM - Chevrolet","Monza","1997","Álcool",10838,2,"Med"
"GM - Chevrolet","Monza","1996","Álcool",8765,2,"Med"
"GM - Chevrolet","Monza","1996","Álcool",8765,2,"Med"
"GM - Chevrolet","Monza","1995","Gasoline",9051,2,"Med"
"GM - Chevrolet","Monza","1995","Gasoline",9051,2,"Med"
"GM - Chevrolet","Monza","1994","Gasoline",7912,2,"Med"
"GM - Chevrolet","Monza","1993","Gasoline",8519,2,"Med"
"GM - Chevrolet","Monza","1992","Gasoline",8065,2,"Med"
"GM - Chevrolet","Monza","1991","Gasoline",7691,2,"Med"
"GM - Chevrolet","Monza","1990","Gasoline",6880,2,"Med"
"GM - Chevrolet","Monza","1989","Gasoline",6189,2,"Med"
"GM - Chevrolet","Monza","1988","Gasoline",5383,2,"Med"
"GM - Chevrolet","Monza","1987","Gasoline",4459,2,"Med"
"GM - Chevrolet","Omega","2004","Gasoline",24843,3.8,"Med"
"GM - Chevrolet","Omega","2003","Gasoline",24072,3.8,"Med"
"GM - Chevrolet","Omega","2002","Gasoline",22529,3.8,"Med"
"GM - Chevrolet","Omega","2001","Gasoline",21173,3.8,"Med"
"GM - Chevrolet","Omega","2000","Gasoline",19560,3.8,"Med"
"GM - Chevrolet","Omega","1999","Gasoline",18655,3.8,"Med"
"GM - Chevrolet","Omega","1998","Gasoline",16954,3.8,"Med"
"GM - Chevrolet","Omega","1998","Gasoline",20881,4.1,"Med"
"GM - Chevrolet","Omega","1997","Gasoline",17268,4.1,"Med"
"GM - Chevrolet","Omega","1996","Gasoline",16527,4.1,"Med"
"GM - Chevrolet","Omega","1995","Gasoline",15734,4.1,"Med"
"GM - Chevrolet","Omega","1994","Gasoline",14478,4.1,"Med"
"GM - Chevrolet","Omega","1993","Gasoline",13965,4.1,"Med"
"GM - Chevrolet","Omega","1992","Gasoline",10104,4.1,"Med"
"GM - Chevrolet","Omega","2012","Gasoline",62409,3.6,"Med"
"GM - Chevrolet","Omega","2011","Gasoline",54499,3.6,"Med"
"GM - Chevrolet","Omega","2009","Gasoline",44613,3.6,"Med"
"GM - Chevrolet","Omega","2008","Gasoline",43016,3.6,"Med"
"GM - Chevrolet","Omega","2007","Gasoline",40739,3.6,"Med"
"GM - Chevrolet","Omega","2006","Gasoline",31220,3.6,"Med"
"GM - Chevrolet","Omega","2005","Gasoline",28355,3.6,"Med"
"GM - Chevrolet","Omega","1995","Álcool",10657,2,"Med"
"GM - Chevrolet","Omega","1995","Álcool",10657,2,"Med"
"GM - Chevrolet","Omega","1994","Gasoline",9155,2,"Med"
"GM - Chevrolet","Omega","1998","Gasoline",12845,2.2,"Med"
"GM - Chevrolet","Omega","1997","Gasoline",12451,2.2,"Med"
"GM - Chevrolet","Omega","1996","Gasoline",12011,2.2,"Med"
"GM - Chevrolet","Omega","1995","Álcool",10783,2.2,"Med"
"GM - Chevrolet","Omega","1995","Álcool",10783,2.2,"Med"
"GM - Chevrolet","Omega","1994","Gasoline",11012,2.2,"Med"
"GM - Chevrolet","Omega","1993","Gasoline",10548,2.2,"Med"
"GM - Chevrolet","Omega","1992","Gasoline",9750,2.2,"Med"
"GM - Chevrolet","Omega","1997","Gasoline",12861,4.1,"Med"
"GM - Chevrolet","Omega","1996","Gasoline",12420,4.1,"Med"
"GM - Chevrolet","Omega","1995","Gasoline",11818,4.1,"Med"
"GM - Chevrolet","ONIX","2014","Gasoline",34598,1,"Med"
"GM - Chevrolet","ONIX","Zero KM","Gasoline",63684,1.4,"Aut"
"GM - Chevrolet","ONIX","2018","Gasoline",59349,1.4,"Aut"
"GM - Chevrolet","ONIX","2017","Gasoline",57483,1.4,"Aut"
"GM - Chevrolet","ONIX","Zero KM","Gasoline",59206,1.4,"Med"
"GM - Chevrolet","ONIX","2018","Gasoline",54215,1.4,"Med"
"GM - Chevrolet","ONIX","2017","Gasoline",52591,1.4,"Med"
"GM - Chevrolet","ONIX","Zero KM","Gasoline",52668,1.4,"Aut"
"GM - Chevrolet","ONIX","2018","Gasoline",48326,1.4,"Aut"
"GM - Chevrolet","ONIX","Zero KM","Gasoline",53941,1.4,"Med"
"GM - Chevrolet","ONIX","2018","Gasoline",50571,1.4,"Med"
"GM - Chevrolet","ONIX","2017","Gasoline",48910,1.4,"Med"
"GM - Chevrolet","ONIX","2016","Gasoline",45266,1.4,"Med"
"GM - Chevrolet","ONIX","2015","Gasoline",43085,1.4,"Med"
"GM - Chevrolet","ONIX","Zero KM","Gasoline",40854,1,"Med"
"GM - Chevrolet","ONIX","2018","Gasoline",36884,1,"Med"
"GM - Chevrolet","ONIX","2017","Gasoline",35320,1,"Med"
"GM - Chevrolet","ONIX","2016","Gasoline",35569,1,"Med"
"GM - Chevrolet","ONIX","2015","Gasoline",34437,1,"Med"
"GM - Chevrolet","ONIX","2014","Gasoline",31866,1,"Med"
"GM - Chevrolet","ONIX","2013","Gasoline",30720,1,"Med"
"GM - Chevrolet","ONIX","Zero KM","Gasoline",45666,1,"Med"
"GM - Chevrolet","ONIX","2018","Gasoline",42335,1,"Med"
"GM - Chevrolet","ONIX","2017","Gasoline",41009,1,"Med"
"GM - Chevrolet","ONIX","2016","Gasoline",38437,1,"Med"
"GM - Chevrolet","ONIX","2015","Gasoline",35667,1,"Med"
"GM - Chevrolet","ONIX","2014","Gasoline",34535,1,"Med"
"GM - Chevrolet","ONIX","2013","Gasoline",32396,1,"Med"
"GM - Chevrolet","ONIX","Zero KM","Gasoline",54846,1.4,"Aut"
"GM - Chevrolet","ONIX","2018","Gasoline",51908,1.4,"Aut"
"GM - Chevrolet","ONIX","2017","Gasoline",49919,1.4,"Aut"
"GM - Chevrolet","ONIX","2016","Gasoline",46560,1.4,"Aut"
"GM - Chevrolet","ONIX","2015","Gasoline",42765,1.4,"Aut"
"GM - Chevrolet","ONIX","2014","Gasoline",39621,1.4,"Aut"
"GM - Chevrolet","ONIX","Zero KM","Gasoline",49501,1.4,"Med"
"GM - Chevrolet","ONIX","2018","Gasoline",46196,1.4,"Med"
"GM - Chevrolet","ONIX","2017","Gasoline",44618,1.4,"Med"
"GM - Chevrolet","ONIX","2016","Gasoline",41963,1.4,"Med"
"GM - Chevrolet","ONIX","2015","Gasoline",38734,1.4,"Med"
"GM - Chevrolet","ONIX","2014","Gasoline",36434,1.4,"Med"
"GM - Chevrolet","ONIX","2013","Gasoline",34638,1.4,"Med"
"GM - Chevrolet","ONIX","Zero KM","Gasoline",59763,1.4,"Aut"
"GM - Chevrolet","ONIX","2018","Gasoline",54298,1.4,"Aut"
"GM - Chevrolet","ONIX","2017","Gasoline",52691,1.4,"Aut"
"GM - Chevrolet","ONIX","2016","Gasoline",50787,1.4,"Aut"
"GM - Chevrolet","ONIX","2015","Gasoline",46294,1.4,"Aut"
"GM - Chevrolet","ONIX","2014","Gasoline",41762,1.4,"Aut"
"GM - Chevrolet","ONIX","Zero KM","Gasoline",55148,1.4,"Med"
"GM - Chevrolet","ONIX","2018","Gasoline",51976,1.4,"Med"
"GM - Chevrolet","ONIX","2017","Gasoline",50122,1.4,"Med"
"GM - Chevrolet","ONIX","2016","Gasoline",47430,1.4,"Med"
"GM - Chevrolet","ONIX","2015","Gasoline",42753,1.4,"Med"
"GM - Chevrolet","ONIX","2014","Gasoline",40306,1.4,"Med"
"GM - Chevrolet","ONIX","2013","Gasoline",37426,1.4,"Med"
"GM - Chevrolet","ONIX","2015","Gasoline",36813,1,"Med"
"GM - Chevrolet","Opala","1992","Gasoline",20345,4.1,"Med"
"GM - Chevrolet","Opala","1991","Gasoline",17404,4.1,"Med"
"GM - Chevrolet","Opala","1990","Gasoline",15133,4.1,"Med"
"GM - Chevrolet","Opala","1989","Gasoline",13102,4.1,"Med"
"GM - Chevrolet","Opala","1988","Gasoline",11748,4.1,"Med"
"GM - Chevrolet","Opala","1987","Gasoline",10724,4.1,"Med"
"GM - Chevrolet","Opala","1986","Gasoline",9369,4.1,"Med"
"GM - Chevrolet","Opala","1985","Gasoline",8623,4.1,"Med"
"GM - Chevrolet","Opala","1992","Gasoline",22069,4.1,"Med"
"GM - Chevrolet","Opala","1991","Gasoline",20950,4.1,"Med"
"GM - Chevrolet","Opala","1990","Gasoline",17183,4.1,"Med"
"GM - Chevrolet","Opala","1989","Gasoline",16580,4.1,"Med"
"GM - Chevrolet","Opala","1988","Gasoline",13450,4.1,"Med"
"GM - Chevrolet","Opala","1987","Gasoline",11130,4.1,"Med"
"GM - Chevrolet","Opala","1986","Gasoline",10411,4.1,"Med"
"GM - Chevrolet","Opala","1985","Gasoline",9405,4.1,"Med"
"GM - Chevrolet","Opala","1992","Gasoline",10310,2.5,"Med"
"GM - Chevrolet","Opala","1991","Gasoline",9673,2.5,"Med"
"GM - Chevrolet","Opala","1990","Gasoline",8909,2.5,"Med"
"GM - Chevrolet","Opala","1989","Gasoline",8236,2.5,"Med"
"GM - Chevrolet","Opala","1988","Gasoline",6279,2.5,"Med"
"GM - Chevrolet","Opala","1987","Gasoline",5651,2.5,"Med"
"GM - Chevrolet","Opala","1986","Gasoline",4539,2.5,"Med"
"GM - Chevrolet","Opala","1985","Gasoline",4024,2.5,"Med"
"GM - Chevrolet","PRISMA","2012","Gasoline",24023,1.4,"Med"
"GM - Chevrolet","PRISMA","2011","Gasoline",21992,1.4,"Med"
"GM - Chevrolet","PRISMA","2010","Gasoline",21245,1.4,"Med"
"GM - Chevrolet","PRISMA","2009","Gasoline",20320,1.4,"Med"
"GM - Chevrolet","PRISMA","2008","Gasoline",19645,1.4,"Med"
"GM - Chevrolet","PRISMA","2007","Gasoline",18897,1.4,"Med"
"GM - Chevrolet","PRISMA","2015","Gasoline",39568,1,"Med"
"GM - Chevrolet","PRISMA","Zero KM","Gasoline",57840,1.4,"Aut"
"GM - Chevrolet","PRISMA","2018","Gasoline",54395,1.4,"Aut"
"GM - Chevrolet","PRISMA","2016","Gasoline",50100,1.4,"Aut"
"GM - Chevrolet","PRISMA","2010","Gasoline",19147,1.4,"Med"
"GM - Chevrolet","PRISMA","2009","Gasoline",18551,1.4,"Med"
"GM - Chevrolet","PRISMA","2008","Gasoline",17930,1.4,"Med"
"GM - Chevrolet","PRISMA","2007","Gasoline",17269,1.4,"Med"
"GM - Chevrolet","PRISMA","Zero KM","Gasoline",45598,1,"Med"
"GM - Chevrolet","PRISMA","2018","Gasoline",41582,1,"Med"
"GM - Chevrolet","PRISMA","2017","Gasoline",40203,1,"Med"
"GM - Chevrolet","PRISMA","2012","Gasoline",21300,1,"Med"
"GM - Chevrolet","PRISMA","2011","Gasoline",20333,1,"Med"
"GM - Chevrolet","PRISMA","2010","Gasoline",18887,1,"Med"
"GM - Chevrolet","PRISMA","2009","Gasoline",18285,1,"Med"
"GM - Chevrolet","PRISMA","2017","Gasoline",44183,1,"Med"
"GM - Chevrolet","PRISMA","2016","Gasoline",41294,1,"Med"
"GM - Chevrolet","PRISMA","2015","Gasoline",38326,1,"Med"
"GM - Chevrolet","PRISMA","2014","Gasoline",36861,1,"Med"
"GM - Chevrolet","PRISMA","2013","Gasoline",34981,1,"Med"
"GM - Chevrolet","PRISMA","Zero KM","Gasoline",54830,1.4,"Med"
"GM - Chevrolet","PRISMA","2018","Gasoline",50779,1.4,"Med"
"GM - Chevrolet","PRISMA","2017","Gasoline",49122,1.4,"Med"
"GM - Chevrolet","PRISMA","2016","Gasoline",46048,1.4,"Med"
"GM - Chevrolet","PRISMA","2015","Gasoline",41730,1.4,"Med"
"GM - Chevrolet","PRISMA","2014","Gasoline",39361,1.4,"Med"
"GM - Chevrolet","PRISMA","2013","Gasoline",36762,1.4,"Med"
"GM - Chevrolet","PRISMA","Zero KM","Gasoline",60635,1.4,"Aut"
"GM - Chevrolet","PRISMA","2018","Gasoline",55206,1.4,"Aut"
"GM - Chevrolet","PRISMA","2017","Gasoline",53423,1.4,"Aut"
"GM - Chevrolet","PRISMA","2016","Gasoline",49356,1.4,"Aut"
"GM - Chevrolet","PRISMA","2015","Gasoline",42771,1.4,"Aut"
"GM - Chevrolet","PRISMA","2014","Gasoline",39979,1.4,"Aut"
"GM - Chevrolet","PRISMA","Zero KM","Gasoline",60882,1.4,"Med"
"GM - Chevrolet","PRISMA","2018","Gasoline",56383,1.4,"Med"
"GM - Chevrolet","PRISMA","2017","Gasoline",54456,1.4,"Med"
"GM - Chevrolet","PRISMA","2016","Gasoline",49163,1.4,"Med"
"GM - Chevrolet","PRISMA","2015","Gasoline",44676,1.4,"Med"
"GM - Chevrolet","PRISMA","2014","Gasoline",42335,1.4,"Med"
"GM - Chevrolet","PRISMA","2013","Gasoline",38290,1.4,"Med"
"GM - Chevrolet","PRISMA","Zero KM","Gasoline",65041,1.4,"Aut"
"GM - Chevrolet","PRISMA","2018","Gasoline",61447,1.4,"Aut"
"GM - Chevrolet","PRISMA","2017","Gasoline",59536,1.4,"Aut"
"GM - Chevrolet","PRISMA","2016","Gasoline",52448,1.4,"Aut"
"GM - Chevrolet","PRISMA","2015","Gasoline",46053,1.4,"Aut"
"GM - Chevrolet","PRISMA","2014","Gasoline",44246,1.4,"Aut"
"GM - Chevrolet","PRISMA","2010","Gasoline",20051,1,"Med"
"GM - Chevrolet","PRISMA","2009","Gasoline",19241,1,"Med"
"GM - Chevrolet","S10","2002","Diesel",38330,2.8,"Med"
"GM - Chevrolet","S10","2004","Gasoline",25328,2.4,"Med"
"GM - Chevrolet","S10","2003","Gasoline",24328,2.4,"Med"
"GM - Chevrolet","S10","2002","Gasoline",20535,2.4,"Med"
"GM - Chevrolet","S10","2001","Gasoline",19858,2.4,"Med"
"GM - Chevrolet","S10","2003","Gasoline",29955,4.3,"Med"
"GM - Chevrolet","S10","2002","Gasoline",24099,4.3,"Med"
"GM - Chevrolet","S10","2001","Gasoline",20137,4.3,"Med"
"GM - Chevrolet","S10","2000","Gasoline",16017,4.3,"Med"
"GM - Chevrolet","S10","1999","Gasoline",15273,4.3,"Med"
"GM - Chevrolet","S10","1998","Gasoline",14033,4.3,"Med"
"GM - Chevrolet","S10","2011","Gasoline",37418,2.4,"Med"
"GM - Chevrolet","S10","2010","Gasoline",36091,2.4,"Med"
"GM - Chevrolet","S10","2009","Gasoline",34597,2.4,"Med"
"GM - Chevrolet","S10","2008","Gasoline",33469,2.4,"Med"
"GM - Chevrolet","S10","2007","Gasoline",31784,2.4,"Med"
"GM - Chevrolet","S10","2006","Gasoline",30326,2.4,"Med"
"GM - Chevrolet","S10","2005","Gasoline",26072,2.4,"Med"
"GM - Chevrolet","S10","2009","Gasoline",33500,2.4,"Med"
"GM - Chevrolet","S10","2008","Gasoline",30266,2.4,"Med"
"GM - Chevrolet","S10","2007","Gasoline",29110,2.4,"Med"
"GM - Chevrolet","S10","2006","Gasoline",26900,2.4,"Med"
"GM - Chevrolet","S10","2005","Gasoline",24015,2.4,"Med"
"GM - Chevrolet","S10","2010","Diesel",56460,2.8,"Med"
"GM - Chevrolet","S10","2009","Diesel",49372,2.8,"Med"
"GM - Chevrolet","S10","2008","Diesel",47121,2.8,"Med"
"GM - Chevrolet","S10","2007","Diesel",44023,2.8,"Med"
"GM - Chevrolet","S10","2006","Diesel",41745,2.8,"Med"
"GM - Chevrolet","S10","2005","Diesel",39930,2.8,"Med"
"GM - Chevrolet","S10","1999","Gasoline",17166,2.2,"Med"
"GM - Chevrolet","S10","1998","Gasoline",16371,2.2,"Med"
"GM - Chevrolet","S10","1997","Gasoline",15844,2.2,"Med"
"GM - Chevrolet","S10","1996","Gasoline",15028,2.2,"Med"
"GM - Chevrolet","S10","2004","Gasoline",23837,2.4,"Med"
"GM - Chevrolet","S10","2000","Diesel",28990,2.5,"Med"
"GM - Chevrolet","S10","1999","Diesel",28020,2.5,"Med"
"GM - Chevrolet","S10","1998","Diesel",26963,2.5,"Med"
"GM - Chevrolet","S10","1997","Diesel",24700,2.5,"Med"
"GM - Chevrolet","S10","1996","Diesel",20139,2.5,"Med"
"GM - Chevrolet","S10","2005","Diesel",46300,2.8,"Med"
"GM - Chevrolet","S10","2004","Diesel",42504,2.8,"Med"
"GM - Chevrolet","S10","2003","Diesel",40577,2.8,"Med"
"GM - Chevrolet","S10","2002","Diesel",39082,2.8,"Med"
"GM - Chevrolet","S10","2001","Diesel",35555,2.8,"Med"
"GM - Chevrolet","S10","2000","Diesel",32878,2.8,"Med"
"GM - Chevrolet","S10","2004","Gasoline",27348,4.3,"Med"
"GM - Chevrolet","S10","2001","Gasoline",19331,4.3,"Med"
"GM - Chevrolet","S10","2000","Gasoline",17810,4.3,"Med"
"GM - Chevrolet","S10","1999","Gasoline",17121,4.3,"Med"
"GM - Chevrolet","S10","1998","Gasoline",16458,4.3,"Med"
"GM - Chevrolet","S10","1997","Gasoline",15971,4.3,"Med"
"GM - Chevrolet","S10","1996","Gasoline",15398,4.3,"Med"
"GM - Chevrolet","S10","2010","Diesel",59147,2.8,"Med"
"GM - Chevrolet","S10","2009","Diesel",55152,2.8,"Med"
"GM - Chevrolet","S10","2008","Diesel",52353,2.8,"Med"
"GM - Chevrolet","S10","2007","Diesel",49301,2.8,"Med"
"GM - Chevrolet","S10","2006","Diesel",47784,2.8,"Med"
"GM - Chevrolet","S10","2005","Diesel",46325,2.8,"Med"
"GM - Chevrolet","S10","2004","Diesel",44901,2.8,"Med"
"GM - Chevrolet","S10","2004","Gasoline",27067,4.3,"Med"
"GM - Chevrolet","S10","2003","Gasoline",25307,4.3,"Med"
"GM - Chevrolet","S10","2002","Gasoline",24154,4.3,"Med"
"GM - Chevrolet","S10","2001","Gasoline",23265,4.3,"Med"
"GM - Chevrolet","S10","2000","Gasoline",22201,4.3,"Med"
"GM - Chevrolet","S10","1999","Gasoline",19493,4.3,"Med"
"GM - Chevrolet","S10","1998","Gasoline",18786,4.3,"Med"
"GM - Chevrolet","S10","1997","Gasoline",15646,4.3,"Med"
"GM - Chevrolet","S10","2000","Gasoline",18298,2.2,"Med"
"GM - Chevrolet","S10","1999","Gasoline",17415,2.2,"Med"
"GM - Chevrolet","S10","1998","Gasoline",16589,2.2,"Med"
"GM - Chevrolet","S10","1997","Gasoline",14745,2.2,"Med"
"GM - Chevrolet","S10","1996","Gasoline",14251,2.2,"Med"
"GM - Chevrolet","S10","2000","Diesel",26926,2.5,"Med"
"GM - Chevrolet","S10","1999","Diesel",26101,2.5,"Med"
"GM - Chevrolet","S10","1998","Diesel",24680,2.5,"Med"
"GM - Chevrolet","S10","1997","Diesel",23655,2.5,"Med"
"GM - Chevrolet","S10","2007","Gasoline",31904,2.4,"Med"
"GM - Chevrolet","S10","2006","Gasoline",30449,2.4,"Med"
"GM - Chevrolet","S10","2005","Gasoline",27096,2.4,"Med"
"GM - Chevrolet","S10","Zero KM","Diesel",185165,2.8,"Aut"
"GM - Chevrolet","S10","2018","Diesel",173962,2.8,"Aut"
"GM - Chevrolet","S10","2004","Gasoline",30898,2.4,"Med"
"GM - Chevrolet","S10","2003","Gasoline",28520,2.4,"Med"
"GM - Chevrolet","S10","2002","Gasoline",27199,2.4,"Med"
"GM - Chevrolet","S10","2001","Gasoline",25738,2.4,"Med"
"GM - Chevrolet","S10","2004","Gasoline",24803,2.4,"Med"
"GM - Chevrolet","S10","2003","Gasoline",23361,2.4,"Med"
"GM - Chevrolet","S10","2002","Gasoline",22289,2.4,"Med"
"GM - Chevrolet","S10","2001","Gasoline",21627,2.4,"Med"
"GM - Chevrolet","S10","2000","Diesel",26263,2.5,"Med"
"GM - Chevrolet","S10","1999","Diesel",24800,2.5,"Med"
"GM - Chevrolet","S10","1998","Diesel",21238,2.5,"Med"
"GM - Chevrolet","S10","1997","Diesel",18500,2.5,"Med"
"GM - Chevrolet","S10","2000","Diesel",30117,2.5,"Med"
"GM - Chevrolet","S10","1999","Diesel",28922,2.5,"Med"
"GM - Chevrolet","S10","1998","Diesel",28000,2.5,"Med"
"GM - Chevrolet","S10","1997","Diesel",24349,2.5,"Med"
"GM - Chevrolet","S10","2005","Diesel",37153,2.8,"Med"
"GM - Chevrolet","S10","2004","Diesel",35678,2.8,"Med"
"GM - Chevrolet","S10","2003","Diesel",33610,2.8,"Med"
"GM - Chevrolet","S10","2002","Diesel",29655,2.8,"Med"
"GM - Chevrolet","S10","2001","Diesel",28598,2.8,"Med"
"GM - Chevrolet","S10","2000","Diesel",24882,2.8,"Med"
"GM - Chevrolet","S10","1996","Gasoline",12223,4.3,"Med"
"GM - Chevrolet","S10","1995","Gasoline",11459,4.3,"Med"
"GM - Chevrolet","S10","1994","Gasoline",11037,4.3,"Med"
"GM - Chevrolet","S10","1993","Gasoline",9378,4.3,"Med"
"GM - Chevrolet","S10","Zero KM","Gasoline",90088,2.5,"Med"
"GM - Chevrolet","S10","2019","Gasoline",82565,2.5,"Med"
"GM - Chevrolet","S10","2018","Gasoline",79788,2.5,"Med"
"GM - Chevrolet","S10","2017","Gasoline",77199,2.5,"Med"
"GM - Chevrolet","S10","2000","Gasoline",19043,2.2,"Med"
"GM - Chevrolet","S10","1998","Gasoline",16060,4.3,"Med"
"GM - Chevrolet","S10","2004","Gasoline",32110,2.4,"Med"
"GM - Chevrolet","S10","2012","Diesel",68676,2.8,"Med"
"GM - Chevrolet","S10","2011","Diesel",58754,2.8,"Med"
"GM - Chevrolet","S10","2010","Diesel",54952,2.8,"Med"
"GM - Chevrolet","S10","2009","Diesel",51858,2.8,"Med"
"GM - Chevrolet","S10","2008","Diesel",49659,2.8,"Med"
"GM - Chevrolet","S10","2007","Diesel",47150,2.8,"Med"
"GM - Chevrolet","S10","2006","Diesel",43710,2.8,"Med"
"GM - Chevrolet","S10","2005","Diesel",42064,2.8,"Med"
"GM - Chevrolet","S10","2012","Diesel",74659,2.8,"Med"
"GM - Chevrolet","S10","2011","Diesel",59101,2.8,"Med"
"GM - Chevrolet","S10","2010","Diesel",56014,2.8,"Med"
"GM - Chevrolet","S10","2009","Diesel",53333,2.8,"Med"
"GM - Chevrolet","S10","2008","Diesel",51202,2.8,"Med"
"GM - Chevrolet","S10","2007","Diesel",49521,2.8,"Med"
"GM - Chevrolet","S10","2006","Diesel",45855,2.8,"Med"
"GM - Chevrolet","S10","2005","Diesel",44451,2.8,"Med"
"GM - Chevrolet","S10","2004","Diesel",43010,2.8,"Med"
"GM - Chevrolet","S10","2003","Diesel",39909,2.8,"Med"
"GM - Chevrolet","S10","2002","Diesel",37051,2.8,"Med"
"GM - Chevrolet","S10","2002","Gasoline",27015,4.3,"Med"
"GM - Chevrolet","S10","2001","Gasoline",26021,4.3,"Med"
"GM - Chevrolet","S10","2000","Gasoline",24350,4.3,"Med"
"GM - Chevrolet","S10","1999","Gasoline",22946,4.3,"Med"
"GM - Chevrolet","S10","2000","Gasoline",26634,4.3,"Med"
"GM - Chevrolet","S10","1999","Gasoline",24133,4.3,"Med"
"GM - Chevrolet","S10","2016","Gasoline",72839,2.4,"Med"
"GM - Chevrolet","S10","2015","Gasoline",63050,2.4,"Med"
"GM - Chevrolet","S10","2014","Gasoline",61085,2.4,"Med"
"GM - Chevrolet","S10","2013","Gasoline",57755,2.4,"Med"
"GM - Chevrolet","S10","2012","Gasoline",52156,2.4,"Med"
"GM - Chevrolet","S10","2016","Gasoline",65157,2.4,"Med"
"GM - Chevrolet","S10","2015","Gasoline",53860,2.4,"Med"
"GM - Chevrolet","S10","2014","Gasoline",51875,2.4,"Med"
"GM - Chevrolet","S10","2013","Gasoline",49962,2.4,"Med"
"GM - Chevrolet","S10","2012","Gasoline",48081,2.4,"Med"
"GM - Chevrolet","S10","2013","Diesel",68123,2.8,"Med"
"GM - Chevrolet","S10","2013","Diesel",63070,2.8,"Med"
"GM - Chevrolet","S10","Zero KM","Diesel",128400,2.8,"Med"
"GM - Chevrolet","S10","2018","Diesel",117782,2.8,"Med"
"GM - Chevrolet","S10","2017","Diesel",111566,2.8,"Med"
"GM - Chevrolet","S10","2016","Diesel",88891,2.8,"Med"
"GM - Chevrolet","S10","2015","Diesel",82425,2.8,"Med"
"GM - Chevrolet","S10","2014","Diesel",75995,2.8,"Med"
"GM - Chevrolet","S10","2013","Diesel",71005,2.8,"Med"
"GM - Chevrolet","S10","Zero KM","Diesel",114660,2.8,"Med"
"GM - Chevrolet","S10","2018","Diesel",101740,2.8,"Med"
"GM - Chevrolet","S10","2017","Diesel",98709,2.8,"Med"
"GM - Chevrolet","S10","2016","Diesel",86995,2.8,"Med"
"GM - Chevrolet","S10","2015","Diesel",71376,2.8,"Med"
"GM - Chevrolet","S10","2014","Diesel",69190,2.8,"Med"
"GM - Chevrolet","S10","2013","Diesel",66893,2.8,"Med"
"GM - Chevrolet","S10","2012","Diesel",63921,2.8,"Med"
"GM - Chevrolet","S10","2014","Gasoline",65208,2.4,"Med"
"GM - Chevrolet","S10","2013","Gasoline",62555,2.4,"Med"
"GM - Chevrolet","S10","2012","Gasoline",58335,2.4,"Med"
"GM - Chevrolet","S10","2013","Gasoline",50207,2.4,"Med"
"GM - Chevrolet","S10","2012","Gasoline",48114,2.4,"Med"
"GM - Chevrolet","S10","2017","Gasoline",83415,2.5,"Med"
"GM - Chevrolet","S10","2016","Gasoline",80885,2.5,"Med"
"GM - Chevrolet","S10","2015","Gasoline",71370,2.5,"Med"
"GM - Chevrolet","S10","Zero KM","Gasoline",109008,2.5,"Aut"
"GM - Chevrolet","S10","2019","Gasoline",98979,2.5,"Aut"
"GM - Chevrolet","S10","2018","Gasoline",95784,2.5,"Aut"
"GM - Chevrolet","S10","2017","Gasoline",93921,2.5,"Med"
"GM - Chevrolet","S10","2016","Gasoline",86914,2.5,"Med"
"GM - Chevrolet","S10","2015","Gasoline",74238,2.5,"Med"
"GM - Chevrolet","S10","Zero KM","Gasoline",113972,2.5,"Aut"
"GM - Chevrolet","S10","2018","Gasoline",101350,2.5,"Aut"
"GM - Chevrolet","S10","2017","Diesel",110056,2.8,"Med"
"GM - Chevrolet","S10","2016","Diesel",99139,2.8,"Med"
"GM - Chevrolet","S10","2015","Diesel",90668,2.8,"Med"
"GM - Chevrolet","S10","2014","Diesel",81502,2.8,"Med"
"GM - Chevrolet","S10","2013","Diesel",76112,2.8,"Med"
"GM - Chevrolet","S10","2012","Diesel",73766,2.8,"Med"
"GM - Chevrolet","S10","2017","Diesel",116010,2.8,"Med"
"GM - Chevrolet","S10","2016","Diesel",110056,2.8,"Med"
"GM - Chevrolet","S10","2015","Diesel",91974,2.8,"Med"
"GM - Chevrolet","S10","2014","Diesel",86948,2.8,"Med"
"GM - Chevrolet","S10","2013","Diesel",79905,2.8,"Med"
"GM - Chevrolet","S10","2012","Diesel",76471,2.8,"Med"
"GM - Chevrolet","S10","Zero KM","Diesel",137985,2.8,"Med"
"GM - Chevrolet","S10","2018","Diesel",124885,2.8,"Med"
"GM - Chevrolet","S10","2017","Diesel",120802,2.8,"Med"
"GM - Chevrolet","S10","2016","Diesel",108745,2.8,"Med"
"GM - Chevrolet","S10","2015","Diesel",92048,2.8,"Med"
"GM - Chevrolet","S10","2014","Diesel",87137,2.8,"Med"
"GM - Chevrolet","S10","2013","Diesel",79910,2.8,"Med"
"GM - Chevrolet","S10","2012","Diesel",77186,2.8,"Med"
"GM - Chevrolet","S10","Zero KM","Diesel",147871,2.8,"Med"
"GM - Chevrolet","S10","2019","Diesel",134414,2.8,"Med"
"GM - Chevrolet","S10","2018","Diesel",129400,2.8,"Med"
"GM - Chevrolet","S10","2017","Diesel",124854,2.8,"Med"
"GM - Chevrolet","S10","2016","Diesel",115730,2.8,"Med"
"GM - Chevrolet","S10","2015","Diesel",101122,2.8,"Med"
"GM - Chevrolet","S10","2014","Diesel",92985,2.8,"Med"
"GM - Chevrolet","S10","2013","Diesel",86058,2.8,"Med"
"GM - Chevrolet","S10","2015","Gasoline",72138,2.4,"Med"
"GM - Chevrolet","S10","2014","Gasoline",69289,2.4,"Med"
"GM - Chevrolet","S10","2013","Gasoline",67007,2.4,"Med"
"GM - Chevrolet","S10","2012","Gasoline",62636,2.4,"Med"
"GM - Chevrolet","S10","2017","Gasoline",102363,2.5,"Med"
"GM - Chevrolet","S10","2016","Gasoline",91893,2.5,"Med"
"GM - Chevrolet","S10","2015","Gasoline",81446,2.5,"Med"
"GM - Chevrolet","S10","Zero KM","Gasoline",122776,2.5,"Aut"
"GM - Chevrolet","S10","2018","Gasoline",107762,2.5,"Aut"
"GM - Chevrolet","S10","2017","Gasoline",108980,2.5,"Med"
"GM - Chevrolet","S10","2016","Gasoline",95780,2.5,"Med"
"GM - Chevrolet","S10","2015","Gasoline",81611,2.5,"Med"
"GM - Chevrolet","S10","Zero KM","Gasoline",129468,2.5,"Aut"
"GM - Chevrolet","S10","2018","Gasoline",115368,2.5,"Aut"
"GM - Chevrolet","S10","2014","Diesel",85854,2.8,"Med"
"GM - Chevrolet","S10","2013","Diesel",78809,2.8,"Med"
"GM - Chevrolet","S10","2017","Diesel",140020,2.8,"Med"
"GM - Chevrolet","S10","2016","Diesel",126355,2.8,"Med"
"GM - Chevrolet","S10","2015","Diesel",113920,2.8,"Med"
"GM - Chevrolet","S10","2014","Diesel",100694,2.8,"Med"
"GM - Chevrolet","S10","2013","Diesel",91969,2.8,"Med"
"GM - Chevrolet","S10","2012","Diesel",83091,2.8,"Med"
"GM - Chevrolet","S10","Zero KM","Diesel",173583,2.8,"Med"
"GM - Chevrolet","S10","2019","Diesel",156051,2.8,"Med"
"GM - Chevrolet","S10","2018","Diesel",147811,2.8,"Med"
"GM - Chevrolet","S10","2017","Diesel",140874,2.8,"Med"
"GM - Chevrolet","S10","2016","Diesel",127266,2.8,"Med"
"GM - Chevrolet","S10","2015","Diesel",114298,2.8,"Med"
"GM - Chevrolet","S10","2014","Diesel",101126,2.8,"Med"
"GM - Chevrolet","S10","2013","Diesel",93526,2.8,"Med"
"GM - Chevrolet","S10","2012","Diesel",85885,2.8,"Med"
"GM - Chevrolet","S10","1999","Gasoline",23782,2.2,"Med"
"GM - Chevrolet","S10","1998","Gasoline",22579,2.2,"Med"
"GM - Chevrolet","S10","1997","Gasoline",21378,2.2,"Med"
"GM - Chevrolet","S10","1996","Gasoline",17029,2.2,"Med"
"GM - Chevrolet","S10","2000","Gasoline",18906,2.2,"Med"
"GM - Chevrolet","S10","1999","Gasoline",17804,2.2,"Med"
"GM - Chevrolet","S10","1998","Gasoline",16264,2.2,"Med"
"GM - Chevrolet","S10","1997","Gasoline",15350,2.2,"Med"
"GM - Chevrolet","S10","1996","Gasoline",14199,2.2,"Med"
"GM - Chevrolet","S10","1995","Gasoline",13236,2.2,"Med"
"GM - Chevrolet","S10","1999","Gasoline",17833,2.2,"Med"
"GM - Chevrolet","S10","1998","Gasoline",16365,2.2,"Med"
"GM - Chevrolet","S10","1997","Gasoline",15873,2.2,"Med"
"GM - Chevrolet","S10","1996","Gasoline",15196,2.2,"Med"
"GM - Chevrolet","S10","1995","Gasoline",14096,2.2,"Med"
"GM - Chevrolet","S10","1999","Diesel",26902,2.5,"Med"
"GM - Chevrolet","S10","1998","Diesel",23200,2.5,"Med"
"GM - Chevrolet","S10","1997","Diesel",21265,2.5,"Med"
"GM - Chevrolet","S10","2000","Diesel",25864,2.5,"Med"
"GM - Chevrolet","S10","1999","Diesel",24829,2.5,"Med"
"GM - Chevrolet","S10","1998","Diesel",22425,2.5,"Med"
"GM - Chevrolet","S10","1997","Diesel",20769,2.5,"Med"
"GM - Chevrolet","S10","1996","Diesel",19901,2.5,"Med"
"GM - Chevrolet","S10","2004","Diesel",41541,2.8,"Med"
"GM - Chevrolet","S10","2003","Diesel",39785,2.8,"Med"
"GM - Chevrolet","S10","2002","Diesel",38174,2.8,"Med"
"GM - Chevrolet","S10","2001","Diesel",36649,2.8,"Med"
"GM - Chevrolet","S10","2000","Diesel",33072,2.8,"Med"
"GM - Chevrolet","S10","2000","Gasoline",20558,4.3,"Med"
"GM - Chevrolet","S10","1999","Gasoline",18670,4.3,"Med"
"GM - Chevrolet","S10","1998","Gasoline",17305,4.3,"Med"
"GM - Chevrolet","S10","1997","Gasoline",16071,4.3,"Med"
"GM - Chevrolet","S10","2000","Gasoline",23318,4.3,"Med"
"GM - Chevrolet","S10","1999","Gasoline",22492,4.3,"Med"
"GM - Chevrolet","S10","1998","Gasoline",21688,4.3,"Med"
"GM - Chevrolet","S10","1997","Gasoline",18999,4.3,"Med"
"GM - Chevrolet","S10","2000","Gasoline",21662,4.3,"Med"
"GM - Chevrolet","S10","1999","Gasoline",20098,4.3,"Med"
"GM - Chevrolet","S10","1998","Gasoline",17823,4.3,"Med"
"GM - Chevrolet","S10","1997","Gasoline",17235,4.3,"Med"
"GM - Chevrolet","S10","Zero KM","Diesel",165965,2.8,"Med"
"GM - Chevrolet","S10","2019","Diesel",149534,2.8,"Med"
"GM - Chevrolet","S10","2012","Gasoline",46960,2.4,"Med"
"GM - Chevrolet","S10","2011","Gasoline",44103,2.4,"Med"
"GM - Chevrolet","S10","2011","Diesel",53025,2.8,"Med"
"GM - Chevrolet","S10","2011","Diesel",58145,2.8,"Med"
"GM - Chevrolet","S10","2005","Diesel",42394,2.8,"Med"
"GM - Chevrolet","S10","2004","Diesel",41021,2.8,"Med"
"GM - Chevrolet","S10","2003","Diesel",39411,2.8,"Med"
"GM - Chevrolet","S10","2002","Diesel",38032,2.8,"Med"
"GM - Chevrolet","S10","2001","Diesel",35485,2.8,"Med"
"GM - Chevrolet","S10","2000","Diesel",31875,2.8,"Med"
"GM - Chevrolet","S10","2005","Diesel",45828,2.8,"Med"
"GM - Chevrolet","S10","2004","Diesel",44462,2.8,"Med"
"GM - Chevrolet","S10","2003","Diesel",42691,2.8,"Med"
"GM - Chevrolet","S10","2002","Diesel",38174,2.8,"Med"
"GM - Chevrolet","S10","2001","Diesel",36548,2.8,"Med"
"GM - Chevrolet","S10","2000","Diesel",31904,2.8,"Med"
"GM - Chevrolet","S10","2000","Gasoline",18096,2.2,"Med"
"GM - Chevrolet","S10","1999","Gasoline",17429,2.2,"Med"
"GM - Chevrolet","S10","1998","Gasoline",15923,2.2,"Med"
"GM - Chevrolet","S10","1997","Gasoline",14554,2.2,"Med"
"GM - Chevrolet","S10","1996","Gasoline",13849,2.2,"Med"
"GM - Chevrolet","S10","1995","Gasoline",13209,2.2,"Med"
"GM - Chevrolet","S10","2000","Gasoline",23098,2.2,"Med"
"GM - Chevrolet","S10","1999","Gasoline",22292,2.2,"Med"
"GM - Chevrolet","S10","1998","Gasoline",21014,2.2,"Med"
"GM - Chevrolet","S10","1997","Gasoline",19486,2.2,"Med"
"GM - Chevrolet","S10","2012","Gasoline",37680,2.4,"Med"
"GM - Chevrolet","S10","2011","Gasoline",33240,2.4,"Med"
"GM - Chevrolet","S10","2010","Gasoline",32103,2.4,"Med"
"GM - Chevrolet","S10","2009","Gasoline",30637,2.4,"Med"
"GM - Chevrolet","S10","2006","Gasoline",28943,2.4,"Med"
"GM - Chevrolet","S10","2005","Gasoline",27086,2.4,"Med"
"GM - Chevrolet","S10","2008","Gasoline",29488,2.4,"Med"
"GM - Chevrolet","S10","2007","Gasoline",26218,2.4,"Med"
"GM - Chevrolet","S10","2006","Gasoline",24782,2.4,"Med"
"GM - Chevrolet","S10","2005","Gasoline",23302,2.4,"Med"
"GM - Chevrolet","S10","2012","Diesel",55002,2.8,"Med"
"GM - Chevrolet","S10","2011","Diesel",46055,2.8,"Med"
"GM - Chevrolet","S10","2010","Diesel",44245,2.8,"Med"
"GM - Chevrolet","S10","2009","Diesel",42545,2.8,"Med"
"GM - Chevrolet","S10","2008","Diesel",40433,2.8,"Med"
"GM - Chevrolet","S10","2007","Diesel",38759,2.8,"Med"
"GM - Chevrolet","S10","2006","Diesel",34451,2.8,"Med"
"GM - Chevrolet","S10","2005","Diesel",33421,2.8,"Med"
"GM - Chevrolet","S10","2012","Gasoline",52434,2.4,"Med"
"GM - Chevrolet","S10","2011","Gasoline",44014,2.4,"Med"
"GM - Chevrolet","S10","2010","Gasoline",41326,2.4,"Med"
"GM - Chevrolet","S10","2009","Gasoline",40020,2.4,"Med"
"GM - Chevrolet","S10","2016","Gasoline",79318,2.5,"Med"
"GM - Chevrolet","S10","Zero KM","Diesel",176752,2.8,"Med"
"GM - Chevrolet","S10","2018","Diesel",161400,2.8,"Med"
"GM - Chevrolet","S10","2017","Diesel",154947,2.8,"Med"
"GM - Chevrolet","S10","2016","Diesel",142640,2.8,"Med"
"GM - Chevrolet","Sierra","1995","Gasoline",29931,5.7,"Med"
"GM - Chevrolet","Sierra","1994","Gasoline",26064,5.7,"Med"
"GM - Chevrolet","Sierra","1993","Gasoline",22718,5.7,"Med"
"GM - Chevrolet","Sierra","1992","Gasoline",21199,5.7,"Med"
"GM - Chevrolet","Sierra","1991","Gasoline",20234,5.7,"Med"
"GM - Chevrolet","Sierra","1995","Gasoline",22155,5,"Med"
"GM - Chevrolet","Sierra","1994","Gasoline",19418,5,"Med"
"GM - Chevrolet","Sierra","1993","Gasoline",16563,5,"Med"
"GM - Chevrolet","Silverado","1999","Gasoline",26401,4.1,"Med"
"GM - Chevrolet","Silverado","1998","Gasoline",23718,4.1,"Med"
"GM - Chevrolet","Silverado","1997","Gasoline",22015,4.1,"Med"
"GM - Chevrolet","Silverado","1999","Diesel",33894,4.1,"Med"
"GM - Chevrolet","Silverado","1998","Diesel",32541,4.1,"Med"
"GM - Chevrolet","Silverado","1997","Diesel",30493,4.1,"Med"
"GM - Chevrolet","Silverado","2001","Diesel",38208,4.2,"Med"
"GM - Chevrolet","Silverado","2000","Diesel",35877,4.2,"Med"
"GM - Chevrolet","Silverado","1999","Diesel",34486,4.2,"Med"
"GM - Chevrolet","Silverado","1998","Diesel",33365,4.2,"Med"
"GM - Chevrolet","Silverado","1997","Diesel",32298,4.2,"Med"
"GM - Chevrolet","Silverado","2000","Diesel",32624,4.1,"Med"
"GM - Chevrolet","Silverado","1999","Diesel",31366,4.1,"Med"
"GM - Chevrolet","Silverado","1998","Diesel",30378,4.1,"Med"
"GM - Chevrolet","Silverado","2000","Diesel",42651,4.2,"Med"
"GM - Chevrolet","Silverado","1999","Diesel",38620,4.2,"Med"
"GM - Chevrolet","Silverado","1998","Diesel",34588,4.2,"Med"
"GM - Chevrolet","Silverado","2002","Diesel",42383,4.2,"Med"
"GM - Chevrolet","Silverado","2001","Diesel",40985,4.2,"Med"
"GM - Chevrolet","Silverado","2000","Diesel",39699,4.2,"Med"
"GM - Chevrolet","Silverado","1999","Gasoline",26839,4.1,"Med"
"GM - Chevrolet","Silverado","1998","Gasoline",24541,4.1,"Med"
"GM - Chevrolet","Silverado","1997","Gasoline",23686,4.1,"Med"
"GM - Chevrolet","Silverado","2000","Diesel",35221,4.2,"Med"
"GM - Chevrolet","Silverado","1999","Diesel",33936,4.2,"Med"
"GM - Chevrolet","Silverado","2000","Diesel",38033,4.2,"Med"
"GM - Chevrolet","Silverado","1999","Diesel",36298,4.2,"Med"
"GM - Chevrolet","Silverado","1998","Diesel",35112,4.2,"Med"
"GM - Chevrolet","Silverado","1997","Diesel",34012,4.2,"Med"
"GM - Chevrolet","Silverado","2000","Diesel",45048,4.2,"Med"
"GM - Chevrolet","Silverado","1999","Diesel",43316,4.2,"Med"
"GM - Chevrolet","Silverado","1999","Gasoline",28151,4.1,"Med"
"GM - Chevrolet","Silverado","1995","Gasoline",36836,5.7,"Med"
"GM - Chevrolet","Silverado","1994","Gasoline",34069,5.7,"Med"
"GM - Chevrolet","Silverado","1993","Gasoline",28173,5.7,"Med"
"GM - Chevrolet","Silverado","1992","Gasoline",22159,5.7,"Med"
"GM - Chevrolet","Silverado","1995","Diesel",37625,6.5,"Med"
"GM - Chevrolet","Silverado","1994","Diesel",33230,6.5,"Med"
"GM - Chevrolet","Silverado","1993","Diesel",31016,6.5,"Med"
"GM - Chevrolet","Silverado","1999","Diesel",34244,4.1,"Med"
"GM - Chevrolet","Silverado","1998","Diesel",32538,4.1,"Med"
"GM - Chevrolet","Silverado","1997","Diesel",31427,4.1,"Med"
"GM - Chevrolet","Silverado","1999","Gasoline",22938,4.1,"Med"
"GM - Chevrolet","Silverado","1998","Gasoline",22197,4.1,"Med"
"GM - Chevrolet","Silverado","1997","Gasoline",20929,4.1,"Med"
"GM - Chevrolet","Silverado","2001","Diesel",53797,4.2,"Med"
"GM - Chevrolet","Silverado","2000","Diesel",45351,4.2,"Med"
"GM - Chevrolet","Silverado","1999","Diesel",43911,4.2,"Med"
"GM - Chevrolet","Silverado","1998","Diesel",41284,4.2,"Med"
"GM - Chevrolet","Silverado","1997","Diesel",38542,4.2,"Med"
"GM - Chevrolet","SONIC","2014","Gasoline",35325,1.6,"Aut"
"GM - Chevrolet","SONIC","2013","Gasoline",33880,1.6,"Aut"
"GM - Chevrolet","SONIC","2014","Gasoline",33969,1.6,"Med"
"GM - Chevrolet","SONIC","2013","Gasoline",32906,1.6,"Med"
"GM - Chevrolet","SONIC","2012","Gasoline",31726,1.6,"Med"
"GM - Chevrolet","SONIC","2014","Gasoline",36557,1.6,"Aut"
"GM - Chevrolet","SONIC","2013","Gasoline",35145,1.6,"Aut"
"GM - Chevrolet","SONIC","2012","Gasoline",33394,1.6,"Aut"
"GM - Chevrolet","SONIC","2013","Gasoline",34114,1.6,"Med"
"GM - Chevrolet","SONIC","2012","Gasoline",33035,1.6,"Med"
"GM - Chevrolet","SONIC","2014","Gasoline",38238,1.6,"Med"
"GM - Chevrolet","SONIC","2013","Gasoline",33563,1.6,"Aut"
"GM - Chevrolet","SONIC","2013","Gasoline",33015,1.6,"Med"
"GM - Chevrolet","SONIC","2012","Gasoline",31359,1.6,"Med"
"GM - Chevrolet","SONIC","2014","Gasoline",37731,1.6,"Aut"
"GM - Chevrolet","SONIC","2013","Gasoline",36204,1.6,"Aut"
"GM - Chevrolet","SONIC","2012","Gasoline",33829,1.6,"Aut"
"GM - Chevrolet","SONIC","2014","Gasoline",38162,1.6,"Med"
"GM - Chevrolet","SONIC","2013","Gasoline",33790,1.6,"Med"
"GM - Chevrolet","SONIC","2012","Gasoline",31666,1.6,"Med"
"GM - Chevrolet","Sonoma","1995","Gasoline",17226,4.3,"Med"
"GM - Chevrolet","Sonoma","1994","Gasoline",15739,4.3,"Med"
"GM - Chevrolet","SpaceVan","1998","Diesel",14044,2.1,"Med"
"GM - Chevrolet","SpaceVan","1997","Diesel",13544,2.1,"Med"
"GM - Chevrolet","SpaceVan","1998","Gasoline",12167,2.2,"Med"
"GM - Chevrolet","SpaceVan","1997","Gasoline",11343,2.2,"Med"
"GM - Chevrolet","SpaceVan","1998","Diesel",13399,2.1,"Med"
"GM - Chevrolet","SpaceVan","1997","Diesel",12848,2.1,"Med"
"GM - Chevrolet","SpaceVan","1998","Gasoline",14201,2.2,"Med"
"GM - Chevrolet","SpaceVan","1997","Gasoline",13732,2.2,"Med"
"GM - Chevrolet","SPIN","Zero KM","Gasoline",72791,1.8,"Aut"
"GM - Chevrolet","SPIN","2018","Gasoline",67304,1.8,"Aut"
"GM - Chevrolet","SPIN","2017","Gasoline",63297,1.8,"Aut"
"GM - Chevrolet","SPIN","2016","Gasoline",57049,1.8,"Aut"
"GM - Chevrolet","SPIN","2015","Gasoline",52053,1.8,"Aut"
"GM - Chevrolet","SPIN","2016","Gasoline",52873,1.8,"Med"
"GM - Chevrolet","SPIN","2015","Gasoline",50196,1.8,"Med"
"GM - Chevrolet","SPIN","Zero KM","Gasoline",66897,1.8,"Aut"
"GM - Chevrolet","SPIN","2018","Gasoline",63178,1.8,"Aut"
"GM - Chevrolet","SPIN","2017","Gasoline",60093,1.8,"Aut"
"GM - Chevrolet","SPIN","2015","Gasoline",47761,1.8,"Aut"
"GM - Chevrolet","SPIN","2014","Gasoline",42883,1.8,"Aut"
"GM - Chevrolet","SPIN","2015","Gasoline",45221,1.8,"Med"
"GM - Chevrolet","SPIN","2014","Gasoline",41220,1.8,"Med"
"GM - Chevrolet","SPIN","Zero KM","Gasoline",59455,1.8,"Med"
"GM - Chevrolet","SPIN","2018","Gasoline",49410,1.8,"Med"
"GM - Chevrolet","SPIN","2017","Gasoline",47488,1.8,"Med"
"GM - Chevrolet","SPIN","2016","Gasoline",45209,1.8,"Med"
"GM - Chevrolet","SPIN","2014","Gasoline",40366,1.8,"Med"
"GM - Chevrolet","SPIN","2013","Gasoline",34843,1.8,"Med"
"GM - Chevrolet","SPIN","2017","Gasoline",55306,1.8,"Aut"
"GM - Chevrolet","SPIN","2016","Gasoline",48861,1.8,"Aut"
"GM - Chevrolet","SPIN","2015","Gasoline",47215,1.8,"Aut"
"GM - Chevrolet","SPIN","2014","Gasoline",41748,1.8,"Aut"
"GM - Chevrolet","SPIN","2013","Gasoline",38661,1.8,"Aut"
"GM - Chevrolet","SPIN","Zero KM","Gasoline",61960,1.8,"Med"
"GM - Chevrolet","SPIN","2018","Gasoline",55255,1.8,"Med"
"GM - Chevrolet","SPIN","2017","Gasoline",53108,1.8,"Med"
"GM - Chevrolet","SPIN","2016","Gasoline",47448,1.8,"Med"
"GM - Chevrolet","SPIN","2015","Gasoline",43637,1.8,"Med"
"GM - Chevrolet","SPIN","2014","Gasoline",40413,1.8,"Med"
"GM - Chevrolet","SPIN","2013","Gasoline",36656,1.8,"Med"
"GM - Chevrolet","SPIN","Zero KM","Gasoline",73215,1.8,"Aut"
"GM - Chevrolet","SPIN","2018","Gasoline",67747,1.8,"Aut"
"GM - Chevrolet","SPIN","2017","Gasoline",63687,1.8,"Aut"
"GM - Chevrolet","SPIN","2016","Gasoline",57864,1.8,"Aut"
"GM - Chevrolet","SPIN","2015","Gasoline",52107,1.8,"Aut"
"GM - Chevrolet","SPIN","2014","Gasoline",48056,1.8,"Aut"
"GM - Chevrolet","SPIN","2013","Gasoline",43904,1.8,"Aut"
"GM - Chevrolet","SPIN","Zero KM","Gasoline",70363,1.8,"Med"
"GM - Chevrolet","SPIN","2018","Gasoline",63407,1.8,"Med"
"GM - Chevrolet","SPIN","2017","Gasoline",61350,1.8,"Med"
"GM - Chevrolet","SPIN","2016","Gasoline",52928,1.8,"Med"
"GM - Chevrolet","SPIN","2015","Gasoline",48869,1.8,"Med"
"GM - Chevrolet","SPIN","2014","Gasoline",45219,1.8,"Med"
"GM - Chevrolet","SPIN","2013","Gasoline",41752,1.8,"Med"
"GM - Chevrolet","SS10","1996","Gasoline",21347,4.3,"Med"
"GM - Chevrolet","SS10","1995","Gasoline",20678,4.3,"Med"
"GM - Chevrolet","SS10","1994","Gasoline",17588,4.3,"Med"
"GM - Chevrolet","Suburban","2015","Gasoline",252833,5.7,"Med"
"GM - Chevrolet","Suburban","2012","Gasoline",191175,5.7,"Med"
"GM - Chevrolet","Suburban","2011","Gasoline",165815,5.7,"Med"
"GM - Chevrolet","Suburban","2010","Gasoline",147784,5.7,"Med"
"GM - Chevrolet","Suburban","2009","Gasoline",143063,5.7,"Med"
"GM - Chevrolet","Suburban","2008","Gasoline",138259,5.7,"Med"
"GM - Chevrolet","Suburban","2007","Gasoline",126535,5.7,"Med"
"GM - Chevrolet","Suburban","2006","Gasoline",109121,5.7,"Med"
"GM - Chevrolet","Suburban","2005","Gasoline",88383,5.7,"Med"
"GM - Chevrolet","Suburban","1997","Gasoline",34174,5.7,"Med"
"GM - Chevrolet","Suburban","1996","Gasoline",33051,5.7,"Med"
"GM - Chevrolet","Suburban","1995","Gasoline",31997,5.7,"Med"
"GM - Chevrolet","Suburban","1994","Gasoline",28308,5.7,"Med"
"GM - Chevrolet","Suburban","1993","Gasoline",25902,5.7,"Med"
"GM - Chevrolet","Suprema","1996","Gasoline",17125,4.1,"Med"
"GM - Chevrolet","Suprema","1995","Gasoline",13878,4.1,"Med"
"GM - Chevrolet","Suprema","1994","Gasoline",12543,4.1,"Med"
"GM - Chevrolet","Suprema","1993","Gasoline",11017,4.1,"Med"
"GM - Chevrolet","Suprema","1995","Gasoline",9069,2,"Med"
"GM - Chevrolet","Suprema","1995","Gasoline",9069,2,"Med"
"GM - Chevrolet","Suprema","1994","Gasoline",7044,2,"Med"
"GM - Chevrolet","Suprema","1996","Gasoline",11225,2.2,"Med"
"GM - Chevrolet","Suprema","1995","Gasoline",9322,2.2,"Med"
"GM - Chevrolet","Suprema","1995","Gasoline",9322,2.2,"Med"
"GM - Chevrolet","Suprema","1994","Gasoline",8932,2.2,"Med"
"GM - Chevrolet","Suprema","1993","Gasoline",8374,2.2,"Med"
"GM - Chevrolet","Suprema","1996","Gasoline",12997,4.1,"Med"
"GM - Chevrolet","Suprema","1995","Gasoline",12584,4.1,"Med"
"GM - Chevrolet","Suprema","1994","Gasoline",10689,4.1,"Med"
"GM - Chevrolet","Syclone","1992","Gasoline",10372,5.7,"Med"
"GM - Chevrolet","Syclone","1991","Gasoline",8451,5.7,"Med"
"GM - Chevrolet","Tigra","1999","Gasoline",20982,1.6,"Med"
"GM - Chevrolet","Tigra","1998","Gasoline",20256,1.6,"Med"
"GM - Chevrolet","Tigra","1999","Gasoline",21053,1.6,"Med"
"GM - Chevrolet","Tigra","1998","Gasoline",20370,1.6,"Med"
"GM - Chevrolet","TRACKER","2009","Gasoline",30235,2,"Med"
"GM - Chevrolet","TRACKER","2008","Gasoline",26643,2,"Med"
"GM - Chevrolet","TRACKER","2007","Gasoline",25467,2,"Med"
"GM - Chevrolet","TRACKER","2004","Diesel",31250,2,"Med"
"GM - Chevrolet","TRACKER","2003","Diesel",30273,2,"Med"
"GM - Chevrolet","TRACKER","2002","Diesel",28465,2,"Med"
"GM - Chevrolet","TRACKER","2001","Diesel",25812,2,"Med"
"GM - Chevrolet","TRACKER","2000","Diesel",22159,2,"Med"
"GM - Chevrolet","TRACKER","1999","Diesel",20224,2,"Med"
"GM - Chevrolet","TRACKER","2014","Gasoline",51128,1.8,"Med"
"GM - Chevrolet","TRACKER","Zero KM","Gasoline",84830,1.4,"Aut"
"GM - Chevrolet","TRACKER","2018","Gasoline",77242,1.4,"Aut"
"GM - Chevrolet","TRACKER","2017","Gasoline",74154,1.4,"Aut"
"GM - Chevrolet","TRACKER","2016","Gasoline",66893,1.8,"Aut"
"GM - Chevrolet","TRACKER","Zero KM","Gasoline",93900,1.4,"Aut"
"GM - Chevrolet","TRACKER","2017","Gasoline",85910,1.4,"Aut"
"GM - Chevrolet","TRACKER","2016","Gasoline",74077,1.8,"Aut"
"GM - Chevrolet","TRACKER","2015","Gasoline",68334,1.8,"Aut"
"GM - Chevrolet","TRACKER","2014","Gasoline",63933,1.8,"Aut"
"GM - Chevrolet","TRACKER","Zero KM","Gasoline",97764,1.4,"Med"
"GM - Chevrolet","TRACKER","2018","Gasoline",86705,1.4,"Med"
"GM - Chevrolet","Trafic","1997","Diesel",15084,2.1,"Med"
"GM - Chevrolet","Trafic","1996","Diesel",12970,2.1,"Med"
"GM - Chevrolet","Trafic","1995","Diesel",12335,2.1,"Med"
"GM - Chevrolet","Trafic","1994","Diesel",11833,2.1,"Med"
"GM - Chevrolet","Trafic","1993","Diesel",11090,2.1,"Med"
"GM - Chevrolet","Trafic","1992","Diesel",9275,2.1,"Med"
"GM - Chevrolet","Trafic","1998","Gasoline",13530,2.2,"Med"
"GM - Chevrolet","Trafic","1997","Gasoline",12299,2.2,"Med"
"GM - Chevrolet","Trafic","1996","Gasoline",11426,2.2,"Med"
"GM - Chevrolet","Trafic","1995","Gasoline",10903,2.2,"Med"
"GM - Chevrolet","Trafic","1994","Gasoline",10510,2.2,"Med"
"GM - Chevrolet","Trafic","1993","Gasoline",10133,2.2,"Med"
"GM - Chevrolet","Trafic","1992","Gasoline",8500,2.2,"Med"
"GM - Chevrolet","Trafic","1996","Diesel",18275,2.1,"Med"
"GM - Chevrolet","Trafic","1995","Diesel",14119,2.1,"Med"
"GM - Chevrolet","Trafic","1994","Diesel",13303,2.1,"Med"
"GM - Chevrolet","Trafic","1996","Gasoline",16281,2.2,"Med"
"GM - Chevrolet","Trafic","1995","Gasoline",14718,2.2,"Med"
"GM - Chevrolet","TRAILBLAZER","Zero KM","Diesel",201476,2.8,"Aut"
"GM - Chevrolet","TRAILBLAZER","2019","Diesel",184652,2.8,"Aut"
"GM - Chevrolet","TRAILBLAZER","2018","Diesel",178411,2.8,"Aut"
"GM - Chevrolet","TRAILBLAZER","2017","Diesel",172459,2.8,"Aut"
"GM - Chevrolet","TRAILBLAZER","2016","Diesel",156718,2.8,"Aut"
"GM - Chevrolet","TRAILBLAZER","2015","Diesel",140038,2.8,"Aut"
"GM - Chevrolet","TRAILBLAZER","2014","Diesel",124742,2.8,"Aut"
"GM - Chevrolet","TRAILBLAZER","2013","Diesel",110030,2.8,"Aut"
"GM - Chevrolet","TRAILBLAZER","Zero KM","Gasoline",171363,3.6,"Aut"
"GM - Chevrolet","TRAILBLAZER","2018","Gasoline",150400,3.6,"Aut"
"GM - Chevrolet","TRAILBLAZER","2017","Gasoline",145301,3.6,"Aut"
"GM - Chevrolet","TRAILBLAZER","2016","Gasoline",136775,3.6,"Aut"
"GM - Chevrolet","TRAILBLAZER","2015","Gasoline",109900,3.6,"Aut"
"GM - Chevrolet","TRAILBLAZER","2014","Gasoline",94922,3.6,"Aut"
"GM - Chevrolet","TRAILBLAZER","2013","Gasoline",87426,3.6,"Aut"
"GM - Chevrolet","Vectra","1996","Gasoline",10892,2,"Med"
"GM - Chevrolet","Vectra","1995","Gasoline",10553,2,"Med"
"GM - Chevrolet","Vectra","1994","Gasoline",9786,2,"Med"
"GM - Chevrolet","Vectra","2004","Gasoline",19167,2.2,"Med"
"GM - Chevrolet","Vectra","2003","Gasoline",18004,2.2,"Med"
"GM - Chevrolet","Vectra","2002","Gasoline",16353,2.2,"Med"
"GM - Chevrolet","Vectra","2001","Gasoline",15805,2.2,"Med"
"GM - Chevrolet","Vectra","2000","Gasoline",15164,2.2,"Med"
"GM - Chevrolet","Vectra","1999","Gasoline",13815,2.2,"Med"
"GM - Chevrolet","Vectra","1998","Gasoline",12834,2.2,"Med"
"GM - Chevrolet","Vectra","1997","Gasoline",11960,2.2,"Med"
"GM - Chevrolet","Vectra","1996","Gasoline",11360,2.2,"Med"
"GM - Chevrolet","Vectra","2011","Gasoline",34617,2,"Aut"
"GM - Chevrolet","Vectra","2005","Gasoline",20859,2,"Med"
"GM - Chevrolet","Vectra","2011","Gasoline",32550,2,"Med"
"GM - Chevrolet","Vectra","2010","Gasoline",30907,2,"Med"
"GM - Chevrolet","Vectra","2009","Gasoline",29022,2,"Med"
"GM - Chevrolet","Vectra","2008","Gasoline",27061,2,"Med"
"GM - Chevrolet","Vectra","2007","Gasoline",25189,2,"Med"
"GM - Chevrolet","Vectra","2006","Gasoline",24415,2,"Med"
"GM - Chevrolet","Vectra","2011","Gasoline",32210,2,"Med"
"GM - Chevrolet","Vectra","2010","Gasoline",30464,2,"Med"
"GM - Chevrolet","Vectra","2009","Gasoline",28130,2,"Med"
"GM - Chevrolet","Vectra","2008","Gasoline",26165,2,"Med"
"GM - Chevrolet","Vectra","2007","Gasoline",24659,2,"Med"
"GM - Chevrolet","Vectra","2006","Gasoline",23695,2,"Med"
"GM - Chevrolet","Vectra","2005","Gasoline",21800,2,"Med"
"GM - Chevrolet","Vectra","2005","Gasoline",22496,2.2,"Aut"
"GM - Chevrolet","Vectra","2005","Gasoline",22584,2,"Med"
"GM - Chevrolet","Vectra","2011","Gasoline",37259,2,"Aut"
"GM - Chevrolet","Vectra","2010","Gasoline",34211,2,"Aut"
"GM - Chevrolet","Vectra","2009","Gasoline",30261,2,"Aut"
"GM - Chevrolet","Vectra","2008","Gasoline",27757,2,"Aut"
"GM - Chevrolet","Vectra","2005","Gasoline",22711,2.2,"Aut"
"GM - Chevrolet","Vectra","2009","Gasoline",30333,2.4,"Aut"
"GM - Chevrolet","Vectra","2008","Gasoline",29184,2.4,"Aut"
"GM - Chevrolet","Vectra","2007","Gasoline",26512,2.4,"Aut"
"GM - Chevrolet","Vectra","2006","Gasoline",24324,2.4,"Aut"
"GM - Chevrolet","Vectra","2005","Gasoline",20226,2,"Med"
"GM - Chevrolet","Vectra","2004","Gasoline",17784,2,"Med"
"GM - Chevrolet","Vectra","2011","Gasoline",30523,2,"Med"
"GM - Chevrolet","Vectra","2010","Gasoline",28253,2,"Med"
"GM - Chevrolet","Vectra","2009","Gasoline",26514,2,"Med"
"GM - Chevrolet","Vectra","2008","Gasoline",25088,2,"Med"
"GM - Chevrolet","Vectra","2007","Gasoline",23945,2,"Med"
"GM - Chevrolet","Vectra","2011","Gasoline",29499,2,"Med"
"GM - Chevrolet","Vectra","2010","Gasoline",27723,2,"Med"
"GM - Chevrolet","Vectra","2009","Gasoline",25897,2,"Med"
"GM - Chevrolet","Vectra","2008","Gasoline",25005,2,"Med"
"GM - Chevrolet","Vectra","2007","Gasoline",23686,2,"Med"
"GM - Chevrolet","Vectra","2003","Gasoline",17139,2.2,"Med"
"GM - Chevrolet","Vectra","2002","Gasoline",15178,2.2,"Med"
"GM - Chevrolet","Vectra","2001","Gasoline",14650,2.2,"Med"
"GM - Chevrolet","Vectra","2000","Gasoline",14185,2.2,"Med"
"GM - Chevrolet","Vectra","1999","Gasoline",12928,2.2,"Med"
"GM - Chevrolet","Vectra","1998","Gasoline",11936,2.2,"Med"
"GM - Chevrolet","Vectra","1997","Gasoline",11512,2.2,"Med"
"GM - Chevrolet","Vectra","2001","Gasoline",15741,2.2,"Med"
"GM - Chevrolet","Vectra","2000","Gasoline",14918,2.2,"Med"
"GM - Chevrolet","Vectra","2002","Gasoline",16674,2.2,"Med"
"GM - Chevrolet","Vectra","2001","Gasoline",15902,2.2,"Med"
"GM - Chevrolet","Vectra","2000","Gasoline",15230,2.2,"Med"
"GM - Chevrolet","Vectra","1999","Gasoline",13125,2.2,"Med"
"GM - Chevrolet","Vectra","2004","Gasoline",18240,2.2,"Med"
"GM - Chevrolet","Vectra","2003","Gasoline",17488,2.2,"Med"
"GM - Chevrolet","Vectra","2002","Gasoline",16500,2.2,"Med"
"GM - Chevrolet","Vectra","2001","Gasoline",15874,2.2,"Med"
"GM - Chevrolet","Vectra","2000","Gasoline",15166,2.2,"Med"
"GM - Chevrolet","Vectra","1999","Gasoline",13106,2.2,"Med"
"GM - Chevrolet","Vectra","1998","Gasoline",12368,2.2,"Med"
"GM - Chevrolet","Vectra","1997","Gasoline",11948,2.2,"Med"
"GM - Chevrolet","Vectra","1996","Gasoline",10844,2.2,"Med"
"GM - Chevrolet","Vectra","1995","Gasoline",9627,2.2,"Med"
"GM - Chevrolet","Vectra","1994","Gasoline",9236,2.2,"Med"
"GM - Chevrolet","Vectra","1996","Gasoline",11451,2,"Med"
"GM - Chevrolet","Vectra","1995","Gasoline",11040,2,"Med"
"GM - Chevrolet","Vectra","1994","Gasoline",10622,2,"Med"
"GM - Chevrolet","Vectra","2011","Gasoline",30585,2,"Aut"
"GM - Chevrolet","Vectra","2010","Gasoline",29436,2,"Aut"
"GM - Chevrolet","Vectra","2009","Gasoline",27783,2,"Aut"
"GM - Chevrolet","Vectra","2008","Gasoline",25973,2,"Aut"
"GM - Chevrolet","Vectra","2011","Gasoline",30092,2,"Med"
"GM - Chevrolet","Vectra","2010","Gasoline",29073,2,"Med"
"GM - Chevrolet","Vectra","2009","Gasoline",27260,2,"Med"
"GM - Chevrolet","Vectra","2008","Gasoline",25848,2,"Med"
"GM - Chevrolet","Vectra","2011","Gasoline",31416,2,"Aut"
"GM - Chevrolet","Vectra","2010","Gasoline",30327,2,"Aut"
"GM - Chevrolet","Vectra","2009","Gasoline",29036,2,"Aut"
"GM - Chevrolet","Vectra","2008","Gasoline",27416,2,"Aut"
"GM - Chevrolet","Vectra","2011","Gasoline",30898,2,"Med"
"GM - Chevrolet","Vectra","2010","Gasoline",29901,2,"Med"
"GM - Chevrolet","Vectra","2009","Gasoline",27325,2,"Med"
"GM - Chevrolet","Vectra","2008","Gasoline",26296,2,"Med"
"GM - Chevrolet","Veraneio","1995","Gasoline",26349,4.1,"Med"
"GM - Chevrolet","Veraneio","1994","Gasoline",25372,4.1,"Med"
"GM - Chevrolet","Veraneio","1993","Gasoline",24311,4.1,"Med"
"GM - Chevrolet","Veraneio","1992","Gasoline",21198,4.1,"Med"
"GM - Chevrolet","Veraneio","1991","Gasoline",20508,4.1,"Med"
"GM - Chevrolet","Veraneio","1990","Gasoline",18741,4.1,"Med"
"GM - Chevrolet","Veraneio","1989","Gasoline",17499,4.1,"Med"
"GM - Chevrolet","Veraneio","1988","Gasoline",16100,4.1,"Med"
"GM - Chevrolet","Veraneio","1987","Gasoline",14969,4.1,"Med"
"GM - Chevrolet","Veraneio","1986","Gasoline",14267,4.1,"Med"
"GM - Chevrolet","Veraneio","1985","Gasoline",12037,4.1,"Med"
"GM - Chevrolet","Veraneio","1996","Diesel",41967,4,"Med"
"GM - Chevrolet","Veraneio","1995","Diesel",40589,4,"Med"
"GM - Chevrolet","Veraneio","1994","Diesel",39388,4,"Med"
"GM - Chevrolet","Veraneio","1993","Diesel",38215,4,"Med"
"GM - Chevrolet","Veraneio","1992","Diesel",36034,4,"Med"
"GM - Chevrolet","Veraneio","1991","Diesel",33384,4,"Med"
"GM - Chevrolet","Veraneio","1990","Diesel",32369,4,"Med"
"GM - Chevrolet","Veraneio","1989","Diesel",31345,4,"Med"
"GM - Chevrolet","Veraneio","1988","Diesel",30401,4,"Med"
"GM - Chevrolet","Veraneio","1987","Diesel",28828,4,"Med"
"GM - Chevrolet","Zafira","2004","Gasoline",21195,2,"Med"
"GM - Chevrolet","Zafira","2003","Gasoline",20451,2,"Med"
"GM - Chevrolet","Zafira","2002","Gasoline",19597,2,"Med"
"GM - Chevrolet","Zafira","2001","Gasoline",18765,2,"Med"
"GM - Chevrolet","Zafira","2004","Gasoline",21396,2,"Med"
"GM - Chevrolet","Zafira","2003","Gasoline",20704,2,"Med"
"GM - Chevrolet","Zafira","2002","Gasoline",19755,2,"Med"
"GM - Chevrolet","Zafira","2001","Gasoline",19079,2,"Med"
"GM - Chevrolet","Zafira","2005","Gasoline",23598,2,"Aut"
"GM - Chevrolet","Zafira","2004","Gasoline",21541,2,"Aut"
"GM - Chevrolet","Zafira","2003","Gasoline",20895,2,"Aut"
"GM - Chevrolet","Zafira","2002","Gasoline",20213,2,"Aut"
"GM - Chevrolet","Zafira","2012","Gasoline",40934,2,"Aut"
"GM - Chevrolet","Zafira","2012","Gasoline",32445,2,"Med"
"GM - Chevrolet","Zafira","2011","Gasoline",31020,2,"Med"
"GM - Chevrolet","Zafira","2010","Gasoline",29709,2,"Med"
"GM - Chevrolet","Zafira","2009","Gasoline",28043,2,"Med"
"GM - Chevrolet","Zafira","2008","Gasoline",26280,2,"Med"
"GM - Chevrolet","Zafira","2007","Gasoline",25126,2,"Med"
"GM - Chevrolet","Zafira","2006","Gasoline",24265,2,"Med"
"GM - Chevrolet","Zafira","2005","Gasoline",23199,2,"Med"
"GM - Chevrolet","Zafira","2012","Gasoline",35863,2,"Med"
"GM - Chevrolet","Zafira","2011","Gasoline",34781,2,"Med"
"GM - Chevrolet","Zafira","2010","Gasoline",32693,2,"Med"
"GM - Chevrolet","Zafira","2009","Gasoline",31364,2,"Med"
"GM - Chevrolet","Zafira","2008","Gasoline",27811,2,"Med"
"GM - Chevrolet","Zafira","2007","Gasoline",26236,2,"Med"
"GM - Chevrolet","Zafira","2006","Gasoline",24842,2,"Med"
"GM - Chevrolet","Zafira","2005","Gasoline",23391,2,"Med"
"GM - Chevrolet","Zafira","2005","Gasoline",23202,2,"Med"
"GM - Chevrolet","Zafira","2010","Gasoline",33079,2,"Med"
"GM - Chevrolet","Zafira","2009","Gasoline",29131,2,"Med"
"GM - Chevrolet","Zafira","2008","Gasoline",27018,2,"Med"
"GM - Chevrolet","Zafira","2007","Gasoline",26195,2,"Med"
"GM - Chevrolet","Zafira","2006","Gasoline",24409,2,"Med"
"GM - Chevrolet","Zafira","2005","Gasoline",22621,2,"Med"
"GM - Chevrolet","Zafira","2005","Gasoline",24529,2,"Med"
"GM - Chevrolet","Zafira","2012","Gasoline",37510,2,"Med"
"GM - Chevrolet","Zafira","2011","Gasoline",36400,2,"Med"
"GM - Chevrolet","Zafira","2010","Gasoline",34679,2,"Med"
"GM - Chevrolet","Zafira","2009","Gasoline",31985,2,"Med"
"GM - Chevrolet","Zafira","2008","Gasoline",30204,2,"Med"
"GM - Chevrolet","Zafira","2007","Gasoline",27677,2,"Med"
"GM - Chevrolet","Zafira","2006","Gasoline",24839,2,"Med"
"GM - Chevrolet","Zafira","2005","Gasoline",24060,2,"Med"
"GM - Chevrolet","Zafira","2011","Gasoline",36322,2,"Med"
"GM - Chevrolet","Zafira","2010","Gasoline",33121,2,"Med"
"GM - Chevrolet","Zafira","2009","Gasoline",31759,2,"Med"
"GM - Chevrolet","Zafira","2008","Gasoline",27500,2,"Med"
"GM - Chevrolet","Zafira","2007","Gasoline",26430,2,"Med"
"GM - Chevrolet","Zafira","2006","Gasoline",24810,2,"Med"
"GM - Chevrolet","Zafira","2005","Gasoline",23628,2,"Med"
"GM - Chevrolet","Zafira","2012","Gasoline",33144,2,"Med"
"GM - Chevrolet","Zafira","2011","Gasoline",31852,2,"Med"
"GM - Chevrolet","Zafira","2010","Gasoline",30762,2,"Med"
"GM - Chevrolet","Zafira","2009","Gasoline",29320,2,"Med"
"GM - Chevrolet","Zafira","2008","Gasoline",26789,2,"Med"
"GM - Chevrolet","Zafira","2007","Gasoline",24881,2,"Med"
"Citroën","AIRCROSS","2017","Gasoline",51533,1.6,"Med"
"Citroën","AIRCROSS","2014","Gasoline",41372,1.6,"Med"
"Citroën","AIRCROSS","2013","Gasoline",39713,1.6,"Med"
"Citroën","AIRCROSS","2014","Gasoline",40286,1.6,"Med"
"Citroën","AIRCROSS","2013","Gasoline",38635,1.6,"Med"
"Citroën","AIRCROSS","2015","Gasoline",45401,1.6,"Aut"
"Citroën","AIRCROSS","2014","Gasoline",43985,1.6,"Aut"
"Citroën","AIRCROSS","2013","Gasoline",40485,1.6,"Aut"
"Citroën","AIRCROSS","2012","Gasoline",36366,1.6,"Aut"
"Citroën","AIRCROSS","2011","Gasoline",34479,1.6,"Aut"
"Citroën","AIRCROSS","2015","Gasoline",44717,1.6,"Med"
"Citroën","AIRCROSS","2014","Gasoline",43234,1.6,"Med"
"Citroën","AIRCROSS","2013","Gasoline",39320,1.6,"Med"
"Citroën","AIRCROSS","2012","Gasoline",35164,1.6,"Med"
"Citroën","AIRCROSS","2011","Gasoline",33488,1.6,"Med"
"Citroën","AIRCROSS","Zero KM","Gasoline",68990,1.6,"Aut"
"Citroën","AIRCROSS","2018","Gasoline",65062,1.6,"Aut"
"Citroën","AIRCROSS","2017","Gasoline",62248,1.6,"Aut"
"Citroën","AIRCROSS","2016","Gasoline",59009,1.6,"Aut"
"Citroën","AIRCROSS","2017","Gasoline",56461,1.6,"Med"
"Citroën","AIRCROSS","2016","Gasoline",53965,1.6,"Med"
"Citroën","AIRCROSS","2012","Gasoline",32838,1.6,"Med"
"Citroën","AIRCROSS","2011","Gasoline",31140,1.6,"Med"
"Citroën","AIRCROSS","2014","Gasoline",40275,1.6,"Aut"
"Citroën","AIRCROSS","2013","Gasoline",37375,1.6,"Aut"
"Citroën","AIRCROSS","2012","Gasoline",35514,1.6,"Aut"
"Citroën","AIRCROSS","2011","Gasoline",33325,1.6,"Aut"
"Citroën","AIRCROSS","2014","Gasoline",39686,1.6,"Med"
"Citroën","AIRCROSS","2013","Gasoline",36855,1.6,"Med"
"Citroën","AIRCROSS","2012","Gasoline",33710,1.6,"Med"
"Citroën","AIRCROSS","2011","Gasoline",32307,1.6,"Med"
"Citroën","AIRCROSS","2014","Gasoline",41026,1.6,"Med"
"Citroën","AIRCROSS","2013","Gasoline",39282,1.6,"Med"
"Citroën","AIRCROSS","2014","Gasoline",40183,1.6,"Med"
"Citroën","AIRCROSS","2013","Gasoline",37996,1.6,"Med"
"Citroën","AIRCROSS","2017","Gasoline",52824,1.5,"Med"
"Citroën","AIRCROSS","2016","Gasoline",51157,1.5,"Med"
"Citroën","AIRCROSS","Zero KM","Gasoline",66313,1.6,"Aut"
"Citroën","AIRCROSS","2018","Gasoline",60410,1.6,"Aut"
"Citroën","AIRCROSS","2017","Gasoline",58315,1.6,"Aut"
"Citroën","AIRCROSS","2016","Gasoline",56427,1.6,"Aut"
"Citroën","AIRCROSS","Zero KM","Gasoline",63095,1.6,"Med"
"Citroën","AIRCROSS","2018","Gasoline",58088,1.6,"Med"
"Citroën","AIRCROSS","2017","Gasoline",56442,1.5,"Med"
"Citroën","AIRCROSS","2017","Gasoline",57990,1.6,"Aut"
"Citroën","AIRCROSS","2015","Gasoline",47945,1.6,"Aut"
"Citroën","AIRCROSS","2015","Gasoline",50305,1.6,"Med"
"Citroën","AIRCROSS","2015","Gasoline",46900,1.6,"Aut"
"Citroën","AIRCROSS","2015","Gasoline",41524,1.6,"Med"
"Citroën","AIRCROSS","Zero KM","Gasoline",76423,1.6,"Aut"
"Citroën","AIRCROSS","2019","Gasoline",70309,1.6,"Aut"
"Citroën","AIRCROSS","2018","Gasoline",67504,1.6,"Aut"
"Citroën","AIRCROSS","2017","Gasoline",64958,1.6,"Aut"
"Citroën","AIRCROSS","2016","Gasoline",63020,1.6,"Aut"
"Citroën","AIRCROSS","2017","Gasoline",49196,1.5,"Med"
"Citroën","AIRCROSS","2016","Gasoline",47427,1.5,"Med"
"Citroën","AIRCROSS","Zero KM","Gasoline",53132,1.6,"Med"
"Citroën","AIRCROSS","2018","Gasoline",46348,1.6,"Med"
"Citroën","AIRCROSS","2015","Gasoline",43300,1.6,"Aut"
"Citroën","AIRCROSS","2015","Gasoline",43348,1.6,"Med"
"Citroën","C3","2017","Gasoline",45134,1.5,"Med"
"Citroën","C3","2016","Gasoline",41784,1.5,"Med"
"Citroën","C3","2015","Gasoline",38457,1.5,"Med"
"Citroën","C3","Zero KM","Gasoline",56620,1.6,"Aut"
"Citroën","C3","2018","Gasoline",50566,1.6,"Aut"
"Citroën","C3","Zero KM","Gasoline",50823,1.2,"Med"
"Citroën","C3","2018","Gasoline",47145,1.2,"Med"
"Citroën","C3","2017","Gasoline",45681,1.2,"Med"
"Citroën","C3","2016","Gasoline",43963,1.2,"Med"
"Citroën","C3","2012","Gasoline",26755,1.6,"Med"
"Citroën","C3","2011","Gasoline",25332,1.6,"Med"
"Citroën","C3","2010","Gasoline",24492,1.6,"Med"
"Citroën","C3","2009","Gasoline",23228,1.6,"Med"
"Citroën","C3","2008","Gasoline",19486,1.6,"Med"
"Citroën","C3","2012","Gasoline",24387,1.4,"Med"
"Citroën","C3","2011","Gasoline",23644,1.4,"Med"
"Citroën","C3","2010","Gasoline",22202,1.4,"Med"
"Citroën","C3","2009","Gasoline",20728,1.4,"Med"
"Citroën","C3","2008","Gasoline",18626,1.4,"Med"
"Citroën","C3","2007","Gasoline",18018,1.4,"Med"
"Citroën","C3","2016","Gasoline",48429,1.5,"Med"
"Citroën","C3","2015","Gasoline",43106,1.5,"Med"
"Citroën","C3","2010","Gasoline",24657,1.6,"Aut"
"Citroën","C3","2009","Gasoline",22808,1.6,"Aut"
"Citroën","C3","Zero KM","Gasoline",45560,1.2,"Med"
"Citroën","C3","2018","Gasoline",42001,1.2,"Med"
"Citroën","C3","2017","Gasoline",39253,1.2,"Med"
"Citroën","C3","2015","Gasoline",42233,1.6,"Aut"
"Citroën","C3","2014","Gasoline",40342,1.6,"Aut"
"Citroën","C3","2013","Gasoline",36846,1.6,"Aut"
"Citroën","C3","2012","Gasoline",34074,1.6,"Aut"
"Citroën","C3","2015","Gasoline",40431,1.6,"Med"
"Citroën","C3","2014","Gasoline",37028,1.6,"Med"
"Citroën","C3","2013","Gasoline",34879,1.6,"Med"
"Citroën","C3","2012","Gasoline",31155,1.6,"Med"
"Citroën","C3","2014","Gasoline",33311,1.5,"Med"
"Citroën","C3","2013","Gasoline",32186,1.5,"Med"
"Citroën","C3","2012","Gasoline",30479,1.5,"Med"
"Citroën","C3","2012","Gasoline",29279,1.6,"Med"
"Citroën","C3","2011","Gasoline",28249,1.6,"Med"
"Citroën","C3","2014","Gasoline",33477,1.5,"Med"
"Citroën","C3","2013","Gasoline",32477,1.5,"Med"
"Citroën","C3","2014","Gasoline",36929,1.6,"Aut"
"Citroën","C3","2013","Gasoline",35202,1.6,"Aut"
"Citroën","C3","2012","Gasoline",33506,1.6,"Aut"
"Citroën","C3","2011","Gasoline",31227,1.6,"Aut"
"Citroën","C3","2012","Gasoline",30747,1.6,"Med"
"Citroën","C3","2011","Gasoline",29812,1.6,"Med"
"Citroën","C3","2015","Gasoline",39106,1.5,"Med"
"Citroën","C3","2015","Gasoline",39933,1.5,"Med"
"Citroën","C3","2015","Gasoline",42107,1.6,"Aut"
"Citroën","C3","2014","Gasoline",40711,1.6,"Aut"
"Citroën","C3","2013","Gasoline",38823,1.6,"Aut"
"Citroën","C3","Zero KM","Gasoline",44170,1.2,"Med"
"Citroën","C3","2018","Gasoline",38512,1.2,"Med"
"Citroën","C3","2017","Gasoline",36929,1.2,"Med"
"Citroën","C3","2017","Gasoline",49488,1.2,"Med"
"Citroën","C3","2017","Gasoline",56001,1.6,"Aut"
"Citroën","C3","Zero KM","Gasoline",62165,1.6,"Aut"
"Citroën","C3","2018","Gasoline",57077,1.6,"Aut"
"Citroën","C3","2017","Gasoline",52639,1.6,"Aut"
"Citroën","C3","2016","Gasoline",47648,1.6,"Aut"
"Citroën","C3","2015","Gasoline",42454,1.6,"Aut"
"Citroën","C3","Zero KM","Gasoline",54771,1.2,"Med"
"Citroën","C3","2019","Gasoline",50810,1.2,"Med"
"Citroën","C3","2018","Gasoline",48424,1.2,"Med"
"Citroën","C3","2017","Gasoline",46535,1.2,"Med"
"Citroën","C3","2016","Gasoline",44995,1.2,"Med"
"Citroën","C3","2014","Gasoline",41889,1.6,"Med"
"Citroën","C3","2011","Gasoline",24940,1.6,"Med"
"Citroën","C3","2010","Gasoline",24201,1.6,"Med"
"Citroën","C3","2009","Gasoline",22777,1.6,"Med"
"Citroën","C3","2008","Gasoline",20254,1.6,"Med"
"Citroën","C3","2007","Gasoline",19117,1.6,"Med"
"Citroën","C3","2006","Gasoline",18291,1.6,"Med"
"Citroën","C4","2014","Gasoline",37118,1.6,"Med"
"Citroën","C4","2014","Gasoline",37945,2,"Aut"
"Citroën","C4","2010","Gasoline",34371,2,"Aut"
"Citroën","C4","2013","Gasoline",33272,2,"Med"
"Citroën","C4","2012","Gasoline",31508,2,"Med"
"Citroën","C4","2011","Gasoline",30121,2,"Med"
"Citroën","C4","2010","Gasoline",27792,2,"Med"
"Citroën","C4","2009","Gasoline",25817,2,"Med"
"Citroën","C4","2014","Gasoline",41619,2,"Aut"
"Citroën","C4","2013","Gasoline",36403,2,"Aut"
"Citroën","C4","2012","Gasoline",33799,2,"Aut"
"Citroën","C4","2011","Gasoline",30395,2,"Aut"
"Citroën","C4","2010","Gasoline",29001,2,"Aut"
"Citroën","C4","2009","Gasoline",28067,2,"Aut"
"Citroën","C4","2013","Gasoline",31300,1.6,"Med"
"Citroën","C4","2012","Gasoline",29137,1.6,"Med"
"Citroën","C4","2011","Gasoline",26900,1.6,"Med"
"Citroën","C4","2010","Gasoline",25573,1.6,"Med"
"Citroën","C4","2009","Gasoline",24787,1.6,"Med"
"Citroën","C4","2013","Gasoline",35293,2,"Aut"
"Citroën","C4","2012","Gasoline",31448,2,"Aut"
"Citroën","C4","2011","Gasoline",29309,2,"Aut"
"Citroën","C4","2010","Gasoline",27244,2,"Aut"
"Citroën","C4","2009","Gasoline",26004,2,"Aut"
"Citroën","C4","2010","Gasoline",25527,2,"Med"
"Citroën","C4","2015","Gasoline",60504,1.6,"Aut"
"Citroën","C4","2014","Gasoline",53622,1.6,"Aut"
"Citroën","C4","Zero KM","Gasoline",99687,1.6,"Aut"
"Citroën","C4","2018","Gasoline",89495,1.6,"Aut"
"Citroën","C4","2017","Gasoline",83097,1.6,"Aut"
"Citroën","C4","2016","Gasoline",73567,1.6,"Aut"
"Citroën","C4","2015","Gasoline",63683,1.6,"Aut"
"Citroën","C4","2015","Gasoline",55574,2,"Aut"
"Citroën","C4","2014","Gasoline",49263,2,"Aut"
"Citroën","C4","Zero KM","Gasoline",94172,1.6,"Aut"
"Citroën","C4","2019","Gasoline",84930,1.6,"Aut"
"Citroën","C4","2018","Gasoline",81673,1.6,"Aut"
"Citroën","C4","2017","Gasoline",54836,1.6,"Aut"
"Citroën","C4","Zero KM","Gasoline",83990,1.6,"Aut"
"Citroën","C4","2018","Gasoline",74158,1.6,"Aut"
"Citroën","C4","2017","Gasoline",70026,1.6,"Aut"
"Citroën","C4","2017","Gasoline",63990,1.6,"Med"
"Citroën","C4","2016","Gasoline",56298,2,"Aut"
"Citroën","C4","2015","Gasoline",51842,2,"Med"
"Citroën","C4","2014","Gasoline",45000,2,"Med"
"Citroën","C4","Zero KM","Gasoline",89990,1.6,"Aut"
"Citroën","C4","2018","Gasoline",78610,1.6,"Aut"
"Citroën","C4","2017","Gasoline",74806,1.6,"Aut"
"Citroën","C4","Zero KM","Gasoline",102870,1.6,"Aut"
"Citroën","C4","2019","Gasoline",92307,1.6,"Aut"
"Citroën","C4","2018","Gasoline",89563,1.6,"Aut"
"Citroën","C4","2015","Gasoline",57895,1.6,"Med"
"Citroën","C4","Zero KM","Gasoline",90812,1.6,"Aut"
"Citroën","C4","2018","Gasoline",80710,1.6,"Aut"
"Citroën","C4","2017","Gasoline",74833,1.6,"Aut"
"Citroën","C4","2016","Gasoline",70163,1.6,"Aut"
"Citroën","C4","2015","Gasoline",59344,1.6,"Aut"
"Citroën","C4","2016","Gasoline",57752,2,"Aut"
"Citroën","C4","2015","Gasoline",53483,2,"Aut"
"Citroën","C4","2014","Gasoline",49582,2,"Aut"
"Citroën","C4","2016","Gasoline",56952,2,"Med"
"Citroën","C4","2015","Gasoline",53115,2,"Med"
"Citroën","C4","2014","Gasoline",47663,2,"Med"
"Citroën","C4","2013","Gasoline",35178,2,"Med"
"Citroën","C4","2012","Gasoline",32663,2,"Med"
"Citroën","C4","2011","Gasoline",30206,2,"Med"
"Citroën","C4","2010","Gasoline",28121,2,"Med"
"Citroën","C4","2009","Gasoline",27262,2,"Med"
"Citroën","C4","2008","Gasoline",25100,2,"Med"
"Citroën","C4","2007","Gasoline",24335,2,"Med"
"Citroën","C4","2010","Gasoline",26699,2,"Med"
"Citroën","C4","2009","Gasoline",25498,2,"Med"
"Citroën","C4","2008","Gasoline",23365,2,"Med"
"Citroën","C4","2013","Gasoline",37060,2,"Aut"
"Citroën","C4","2012","Gasoline",31208,2,"Aut"
"Citroën","C4","2011","Gasoline",29263,2,"Aut"
"Citroën","C4","2010","Gasoline",28134,2,"Aut"
"Citroën","C4","2009","Gasoline",25517,2,"Aut"
"Citroën","C4","2008","Gasoline",24659,2,"Aut"
"Citroën","C4","2014","Gasoline",59123,2,"Med"
"Citroën","C4","2013","Gasoline",49996,2,"Med"
"Citroën","C4","2012","Gasoline",43443,2,"Med"
"Citroën","C4","2011","Gasoline",38384,2,"Med"
"Citroën","C4","2010","Gasoline",34538,2,"Med"
"Citroën","C4","2009","Gasoline",33302,2,"Med"
"Citroën","C4","2008","Gasoline",31490,2,"Med"
"Citroën","C4","2007","Gasoline",30193,2,"Med"
"Citroën","C4","Zero KM","Gasoline",137761,1.6,"Aut"
"Citroën","C4","2018","Gasoline",127928,1.6,"Aut"
"Citroën","C4","2017","Gasoline",122305,1.6,"Aut"
"Citroën","C4","2016","Gasoline",116738,1.6,"Aut"
"Citroën","C4","Zero KM","Gasoline",118217,1.6,"Aut"
"Citroën","C4","2018","Gasoline",109601,1.6,"Aut"
"Citroën","C4","2017","Gasoline",105892,1.6,"Aut"
"Citroën","C4","2016","Gasoline",99233,1.6,"Aut"
"Citroën","C4","2014","Gasoline",46529,2,"Aut"
"Citroën","C4","2013","Gasoline",44895,2,"Aut"
"Citroën","C4","2012","Gasoline",39186,2,"Aut"
"Citroën","C4","2011","Gasoline",35462,2,"Aut"
"Citroën","C4","2010","Gasoline",32519,2,"Aut"
"Citroën","C4","2009","Gasoline",31455,2,"Aut"
"Citroën","C4","2014","Gasoline",38841,1.6,"Med"
"Citroën","C4","2014","Gasoline",38077,1.6,"Med"
"Citroën","C4","2014","Gasoline",46728,2,"Aut"
"Citroën","C4","2009","Gasoline",25111,2,"Med"
"Citroën","C4","2008","Gasoline",24157,2,"Med"
"Citroën","C4","2007","Gasoline",22784,2,"Med"
"Citroën","C4","2006","Gasoline",22102,2,"Med"
"Citroën","C4","2005","Gasoline",18766,2,"Med"
"Citroën","C5","2012","Gasoline",65948,2,"Aut"
"Citroën","C5","2011","Gasoline",57900,2,"Aut"
"Citroën","C5","2010","Gasoline",52890,2,"Aut"
"Citroën","C5","2009","Gasoline",51154,2,"Aut"
"Citroën","C5","2008","Gasoline",49611,2,"Aut"
"Citroën","C6","2008","Gasoline",60483,3,"Aut"
"Citroën","C6","2007","Gasoline",55439,3,"Aut"
"Citroën","C6","2006","Gasoline",37880,3,"Aut"
"Citroën","DS3","2014","Gasoline",59500,1.6,"Med"
"Citroën","DS3","2013","Gasoline",48015,1.6,"Med"
"Citroën","DS3","2012","Gasoline",44772,1.6,"Med"
"Citroën","DS3","2016","Gasoline",70116,1.6,"Med"
"Citroën","DS3","2015","Gasoline",68020,1.6,"Med"
"Citroën","DS4","2016","Gasoline",79254,1.6,"Aut"
"Citroën","DS4","2015","Gasoline",76513,1.6,"Aut"
"Citroën","DS4","2016","Gasoline",83106,1.6,"Aut"
"Citroën","DS4","2015","Gasoline",80484,1.6,"Aut"
"Citroën","DS4","2014","Gasoline",60582,1.6,"Aut"
"Citroën","DS4","2013","Gasoline",55695,1.6,"Aut"
"Citroën","DS4","2012","Gasoline",52814,1.6,"Aut"
"Citroën","DS5","2016","Gasoline",104204,1.6,"Aut"
"Citroën","DS5","2015","Gasoline",89945,1.6,"Aut"
"Citroën","DS5","2016","Gasoline",110838,1.6,"Aut"
"Citroën","DS5","2015","Gasoline",103330,1.6,"Aut"
"Citroën","DS5","2014","Gasoline",83123,1.6,"Aut"
"Citroën","DS5","2013","Gasoline",71618,1.6,"Aut"
"Citroën","Grand","Zero KM","Gasoline",141250,1.6,"Aut"
"Citroën","Grand","2018","Gasoline",130055,1.6,"Aut"
"Citroën","Grand","2017","Gasoline",125250,1.6,"Aut"
"Citroën","Grand","2016","Gasoline",119876,1.6,"Aut"
"Citroën","Grand","Zero KM","Gasoline",127600,1.6,"Aut"
"Citroën","Grand","2018","Gasoline",118056,1.6,"Aut"
"Citroën","Grand","2017","Gasoline",113397,1.6,"Aut"
"Citroën","Grand","2016","Gasoline",105324,1.6,"Aut"
"Citroën","Jumper","2017","Diesel",84968,2.3,"Med"
"Citroën","Jumper","2016","Diesel",81801,2.3,"Med"
"Citroën","Jumper","2015","Diesel",79293,2.3,"Med"
"Citroën","Jumper","2014","Diesel",76373,2.3,"Med"
"Citroën","Jumper","2013","Diesel",71189,2.3,"Med"
"Citroën","Jumper","2012","Diesel",65929,2.3,"Med"
"Citroën","Jumper","2011","Diesel",59437,2.3,"Med"
"Citroën","Jumper","2010","Diesel",52319,2.3,"Med"
"Citroën","Jumper","2017","Diesel",79445,2.3,"Med"
"Citroën","Jumper","2015","Diesel",76310,2.3,"Med"
"Citroën","Jumper","2014","Diesel",63785,2.3,"Med"
"Citroën","Jumper","2013","Diesel",61821,2.3,"Med"
"Citroën","Jumper","2012","Diesel",58438,2.3,"Med"
"Citroën","Jumper","2011","Diesel",51364,2.3,"Med"
"Citroën","Jumper","2010","Diesel",45379,2.3,"Med"
"Citroën","Jumper","2015","Diesel",89656,2.3,"Med"
"Citroën","Jumper","2014","Diesel",84988,2.3,"Med"
"Citroën","Jumper","2013","Diesel",76854,2.3,"Med"
"Citroën","Jumper","2012","Diesel",74554,2.3,"Med"
"Citroën","Jumper","2011","Diesel",64579,2.3,"Med"
"Citroën","Jumper","2016","Diesel",79563,2.3,"Med"
"Citroën","Jumper","2015","Diesel",76964,2.3,"Med"
"Citroën","Jumper","2014","Diesel",73303,2.3,"Med"
"Citroën","Jumper","2013","Diesel",68580,2.3,"Med"
"Citroën","Jumper","2012","Diesel",61218,2.3,"Med"
"Citroën","Jumper","2011","Diesel",54198,2.3,"Med"
"Citroën","Jumper","2009","Diesel",44326,2.8,"Med"
"Citroën","Jumper","2008","Diesel",43012,2.8,"Med"
"Citroën","Jumper","2007","Diesel",41512,2.8,"Med"
"Citroën","Jumper","2006","Diesel",38835,2.8,"Med"
"Citroën","Jumper","2005","Diesel",36895,2.8,"Med"
"Citroën","Jumper","2004","Diesel",35380,2.8,"Med"
"Citroën","Jumper","2003","Diesel",30654,2.8,"Med"
"Citroën","Jumper","2002","Diesel",27306,2.8,"Med"
"Citroën","Jumper","2001","Diesel",26096,2.8,"Med"
"Citroën","Jumper","2000","Diesel",22876,2.8,"Med"
"Citroën","Jumper","2000","Diesel",16254,2.8,"Med"
"Citroën","Jumper","2005","Diesel",30893,2.8,"Med"
"Citroën","Jumper","2003","Diesel",27164,2.8,"Med"
"Citroën","Jumper","2001","Diesel",22611,2.8,"Med"
"Citroën","Jumper","2000","Diesel",20420,2.8,"Med"
"Citroën","Jumpy","Zero KM","Diesel",82832,1.6,"Med"
"Citroën","Jumpy","2018","Diesel",74298,1.6,"Med"
"Citroën","Jumpy","Zero KM","Diesel",91731,1.6,"Med"
"Citroën","Jumpy","2019","Diesel",82549,1.6,"Med"
"Citroën","Jumpy","2018","Diesel",79247,1.6,"Med"
"Citroën","Xantia","1997","Gasoline",7065,2,"Med"
"Citroën","Xantia","1996","Gasoline",6859,2,"Med"
"Citroën","Xantia","1995","Gasoline",6300,2,"Med"
"Citroën","Xantia","1994","Gasoline",5656,2,"Med"
"Citroën","Xantia","1997","Gasoline",8671,2,"Med"
"Citroën","Xantia","1997","Gasoline",10156,2,"Med"
"Citroën","Xantia","1996","Gasoline",9744,2,"Med"
"Citroën","Xantia","1999","Gasoline",11314,3,"Med"
"Citroën","Xantia","1998","Gasoline",9711,3,"Med"
"Citroën","Xantia","1997","Gasoline",8989,3,"Med"
"Citroën","Xantia","2001","Gasoline",10259,2,"Med"
"Citroën","Xantia","2000","Gasoline",9951,2,"Med"
"Citroën","Xantia","1999","Gasoline",9638,2,"Med"
"Citroën","Xantia","1998","Gasoline",8091,2,"Med"
"Citroën","Xantia","1997","Gasoline",7169,2,"Med"
"Citroën","Xantia","1996","Gasoline",6923,2,"Med"
"Citroën","Xantia","1995","Gasoline",6632,2,"Med"
"Citroën","Xantia","2001","Gasoline",9944,2,"Med"
"Citroën","Xantia","2000","Gasoline",9622,2,"Med"
"Citroën","Xantia","1999","Gasoline",8923,2,"Med"
"Citroën","Xantia","1998","Gasoline",8130,2,"Med"
"Citroën","Xantia","1997","Gasoline",7175,2,"Med"
"Citroën","Xantia","1996","Gasoline",6788,2,"Med"
"Citroën","Xantia","2000","Gasoline",9320,2,"Med"
"Citroën","Xantia","1999","Gasoline",7978,2,"Med"
"Citroën","Xantia","1998","Gasoline",7714,2,"Med"
"Citroën","Xantia","2000","Gasoline",11881,3,"Med"
"Citroën","Xantia","1999","Gasoline",10987,3,"Med"
"Citroën","Xantia","1998","Gasoline",10569,3,"Med"
"Citroën","Xantia","2001","Gasoline",10880,2,"Aut"
"Citroën","Xantia","2000","Gasoline",10558,2,"Aut"
"Citroën","Xantia","1999","Gasoline",9803,2,"Aut"
"Citroën","Xantia","1998","Gasoline",8441,2,"Aut"
"Citroën","Xantia","2002","Gasoline",12260,2,"Med"
"Citroën","Xantia","2001","Gasoline",10266,2,"Med"
"Citroën","Xantia","2000","Gasoline",9910,2,"Med"
"Citroën","Xantia","1999","Gasoline",7631,2,"Med"
"Citroën","Xantia","1998","Gasoline",7288,2,"Med"
"Citroën","Xantia","1999","Gasoline",8686,1.8,"Med"
"Citroën","Xantia","1998","Gasoline",8237,1.8,"Med"
"Citroën","Xantia","1997","Gasoline",6724,1.8,"Med"
"Citroën","Xantia","1996","Gasoline",5750,1.8,"Med"
"Citroën","Xantia","1998","Gasoline",9036,2,"Med"
"Citroën","Xantia","1997","Gasoline",7923,2,"Med"
"Citroën","Xantia","1996","Gasoline",7199,2,"Med"
"Citroën","Xantia","1995","Gasoline",6723,2,"Med"
"Citroën","Xantia","1998","Gasoline",11350,2,"Med"
"Citroën","Xantia","1997","Gasoline",9198,2,"Med"
"Citroën","Xantia","1996","Gasoline",8731,2,"Med"
"Citroën","Xantia","1995","Gasoline",8305,2,"Med"
"Citroën","Xantia","1994","Gasoline",6731,2,"Med"
"Citroën","Xantia","1998","Gasoline",11524,2,"Med"
"Citroën","Xantia","1997","Gasoline",9651,2,"Med"
"Citroën","Xantia","1996","Gasoline",9010,2,"Med"
"Citroën","Xantia","1995","Gasoline",8575,2,"Med"
"Citroën","Xantia","1994","Gasoline",7641,2,"Med"
"Citroën","XM","1995","Gasoline",7559,2,"Med"
"Citroën","XM","1994","Gasoline",6811,2,"Med"
"Citroën","XM","1993","Gasoline",6243,2,"Med"
"Citroën","XM","1992","Gasoline",5639,2,"Med"
"Citroën","Xsara","2001","Gasoline",13638,1.6,"Aut"
"Citroën","Xsara","2001","Gasoline",11032,1.6,"Med"
"Citroën","Xsara","2001","Gasoline",10494,1.8,"Med"
"Citroën","Xsara","2000","Gasoline",10124,1.8,"Med"
"Citroën","Xsara","1999","Gasoline",9812,1.8,"Med"
"Citroën","Xsara","1998","Gasoline",9379,1.8,"Med"
"Citroën","Xsara","2003","Gasoline",14300,2,"Med"
"Citroën","Xsara","2002","Gasoline",13370,2,"Med"
"Citroën","Xsara","2001","Gasoline",12673,2,"Med"
"Citroën","Xsara","2000","Gasoline",11885,2,"Med"
"Citroën","Xsara","1999","Gasoline",11203,2,"Med"
"Citroën","Xsara","2003","Gasoline",13147,1.6,"Aut"
"Citroën","Xsara","2002","Gasoline",12299,1.6,"Aut"
"Citroën","Xsara","2001","Gasoline",9986,1.6,"Aut"
"Citroën","Xsara","2003","Gasoline",10452,1.6,"Med"
"Citroën","Xsara","2002","Gasoline",9565,1.6,"Med"
"Citroën","Xsara","2001","Gasoline",9029,1.6,"Med"
"Citroën","Xsara","2001","Gasoline",9477,1.8,"Med"
"Citroën","Xsara","2000","Gasoline",8689,1.8,"Med"
"Citroën","Xsara","1999","Gasoline",8355,1.8,"Med"
"Citroën","Xsara","1998","Gasoline",7550,1.8,"Med"
"Citroën","Xsara","2003","Gasoline",13707,2,"Med"
"Citroën","Xsara","2001","Gasoline",11955,2,"Med"
"Citroën","Xsara","2000","Gasoline",10838,2,"Med"
"Citroën","Xsara","1999","Gasoline",10506,2,"Med"
"Citroën","Xsara","2001","Gasoline",12872,1.6,"Aut"
"Citroën","Xsara","2001","Gasoline",12856,1.6,"Med"
"Citroën","Xsara","2000","Gasoline",10254,1.8,"Aut"
"Citroën","Xsara","1999","Gasoline",9699,1.8,"Aut"
"Citroën","Xsara","1998","Gasoline",8909,1.8,"Aut"
"Citroën","Xsara","2001","Gasoline",9811,1.8,"Med"
"Citroën","Xsara","2000","Gasoline",9487,1.8,"Med"
"Citroën","Xsara","1999","Gasoline",8963,1.8,"Med"
"Citroën","Xsara","1998","Gasoline",8320,1.8,"Med"
"Citroën","Xsara","2003","Gasoline",15422,2,"Med"
"Citroën","Xsara","2002","Gasoline",13083,2,"Med"
"Citroën","Xsara","2001","Gasoline",11494,2,"Med"
"Citroën","Xsara","2000","Gasoline",11117,2,"Med"
"Citroën","Xsara","1999","Gasoline",9702,2,"Med"
"Citroën","Xsara","2003","Gasoline",12112,1.6,"Med"
"Citroën","Xsara","2002","Gasoline",11021,1.6,"Med"
"Citroën","Xsara","2001","Gasoline",10475,1.6,"Med"
"Citroën","Xsara","2003","Gasoline",12929,1.6,"Aut"
"Citroën","Xsara","2002","Gasoline",12514,1.6,"Aut"
"Citroën","Xsara","2001","Gasoline",10632,1.6,"Aut"
"Citroën","Xsara","2003","Gasoline",12121,1.6,"Med"
"Citroën","Xsara","2002","Gasoline",11360,1.6,"Med"
"Citroën","Xsara","2001","Gasoline",10591,1.6,"Med"
"Citroën","Xsara","2001","Gasoline",8929,1.8,"Med"
"Citroën","Xsara","2000","Gasoline",8659,1.8,"Med"
"Citroën","Xsara","1999","Gasoline",8231,1.8,"Med"
"Citroën","Xsara","1998","Gasoline",7751,1.8,"Med"
"Citroën","Xsara","2001","Gasoline",10149,1.8,"Med"
"Citroën","Xsara","2000","Gasoline",9695,1.8,"Med"
"Citroën","Xsara","1999","Gasoline",9010,1.8,"Med"
"Citroën","Xsara","1998","Gasoline",8234,1.8,"Med"
"Citroën","Xsara","1999","Gasoline",9308,1.8,"Aut"
"Citroën","Xsara","1998","Gasoline",8594,1.8,"Aut"
"Citroën","Xsara","1999","Gasoline",9561,1.8,"Aut"
"Citroën","Xsara","1998","Gasoline",8326,1.8,"Aut"
"Citroën","Xsara","2001","Gasoline",12048,2,"Med"
"Citroën","Xsara","2000","Gasoline",11185,2,"Med"
"Citroën","Xsara","1999","Gasoline",10786,2,"Med"
"Citroën","Xsara","2010","Gasoline",24995,2,"Med"
"Citroën","Xsara","2009","Gasoline",21714,2,"Med"
"Citroën","Xsara","2008","Gasoline",19599,2,"Med"
"Citroën","Xsara","2007","Gasoline",18087,2,"Med"
"Citroën","Xsara","2006","Gasoline",16354,2,"Med"
"Citroën","Xsara","2005","Gasoline",15638,2,"Med"
"Citroën","Xsara","2004","Gasoline",14142,2,"Med"
"Citroën","Xsara","2003","Gasoline",13569,2,"Med"
"Citroën","Xsara","2002","Gasoline",13085,2,"Med"
"Citroën","Xsara","2001","Gasoline",11301,2,"Med"
"Citroën","Xsara","2012","Gasoline",24258,1.6,"Med"
"Citroën","Xsara","2011","Gasoline",23369,1.6,"Med"
"Citroën","Xsara","2010","Gasoline",22398,1.6,"Med"
"Citroën","Xsara","2009","Gasoline",21259,1.6,"Med"
"Citroën","Xsara","2008","Gasoline",19520,1.6,"Med"
"Citroën","Xsara","2007","Gasoline",16865,1.6,"Med"
"Citroën","Xsara","2005","Gasoline",15294,1.6,"Med"
"Citroën","Xsara","2011","Gasoline",26784,2,"Aut"
"Citroën","Xsara","2010","Gasoline",25794,2,"Aut"
"Citroën","Xsara","2009","Gasoline",23495,2,"Aut"
"Citroën","Xsara","2008","Gasoline",21234,2,"Aut"
"Citroën","Xsara","2007","Gasoline",19285,2,"Aut"
"Citroën","Xsara","2006","Gasoline",17758,2,"Aut"
"Citroën","Xsara","2005","Gasoline",16188,2,"Aut"
"Citroën","Xsara","2004","Gasoline",15620,2,"Aut"
"Citroën","Xsara","2012","Gasoline",24997,1.6,"Med"
"Citroën","Xsara","2011","Gasoline",24210,1.6,"Med"
"Citroën","Xsara","2010","Gasoline",22565,1.6,"Med"
"Citroën","Xsara","2009","Gasoline",21535,1.6,"Med"
"Citroën","Xsara","2008","Gasoline",19310,1.6,"Med"
"Citroën","Xsara","2007","Gasoline",17634,1.6,"Med"
"Citroën","Xsara","2006","Gasoline",16020,1.6,"Med"
"Citroën","Xsara","2005","Gasoline",15291,1.6,"Med"
"Citroën","Xsara","2010","Gasoline",25704,2,"Aut"
"Citroën","Xsara","2009","Gasoline",22005,2,"Aut"
"Citroën","Xsara","2008","Gasoline",20995,2,"Aut"
"Citroën","Xsara","2007","Gasoline",19199,2,"Aut"
"Citroën","Xsara","2006","Gasoline",17684,2,"Aut"
"Citroën","Xsara","2005","Gasoline",16032,2,"Aut"
"Citroën","Xsara","2004","Gasoline",15545,2,"Aut"
"Citroën","Xsara","2010","Gasoline",24554,2,"Med"
"Citroën","Xsara","2009","Gasoline",21541,2,"Med"
"Citroën","Xsara","2008","Gasoline",19321,2,"Med"
"Citroën","Xsara","2007","Gasoline",18010,2,"Med"
"Citroën","Xsara","2006","Gasoline",16188,2,"Med"
"Citroën","Xsara","2005","Gasoline",15356,2,"Med"
"Citroën","Xsara","2004","Gasoline",14100,2,"Med"
"Citroën","Xsara","2003","Gasoline",13447,2,"Med"
"Citroën","Xsara","2002","Gasoline",12548,2,"Med"
"Citroën","Xsara","2001","Gasoline",11288,2,"Med"
"Citroën","Xsara","2002","Gasoline",10867,1.6,"Med"
"Citroën","Xsara","2001","Gasoline",9502,1.6,"Med"
"Citroën","Xsara","2001","Gasoline",11025,1.8,"Med"
"Citroën","Xsara","2000","Gasoline",9881,1.8,"Med"
"Citroën","Xsara","1999","Gasoline",9482,1.8,"Med"
"Citroën","Xsara","2002","Gasoline",16663,2,"Med"
"Citroën","Xsara","2001","Gasoline",15807,2,"Med"
"Citroën","Xsara","2000","Gasoline",14131,2,"Med"
"Citroën","Xsara","1999","Gasoline",13585,2,"Med"
"Citroën","Xsara","1998","Gasoline",11670,2,"Med"
"Citroën","ZX","1997","Gasoline",7901,2,"Med"
"Citroën","ZX","1996","Gasoline",7621,2,"Med"
"Citroën","ZX","1998","Gasoline",6721,1.8,"Med"
"Citroën","ZX","1997","Gasoline",6419,1.8,"Med"
"Citroën","ZX","1996","Gasoline",6220,1.8,"Med"
"Cross Lander","CL-244","2006","Diesel",36004,2.8,"Med"
"Cross Lander","CL-244","2005","Diesel",30597,2.8,"Med"
"Cross Lander","CL-244","2004","Diesel",29461,2.8,"Med"
"Cross Lander","CL-244","2003","Diesel",28543,2.8,"Med"
"Cross Lander","CL-330","2006","Diesel",33338,2.8,"Med"
"Daewoo","Espero","1995","Gasoline",5930,2,"Med"
"Daewoo","Espero","1994","Gasoline",5347,2,"Med"
"Daewoo","Espero","1997","Gasoline",7987,2,"Med"
"Daewoo","Espero","1996","Gasoline",7424,2,"Med"
"Daewoo","Espero","1995","Gasoline",7156,2,"Med"
"Daewoo","Espero","1994","Gasoline",5653,2,"Med"
"Daewoo","Leganza","1999","Gasoline",11049,2,"Aut"
"Daewoo","Leganza","1998","Gasoline",8991,2,"Aut"
"Daewoo","Leganza","1997","Gasoline",7817,2,"Aut"
"Daewoo","Leganza","1999","Gasoline",9114,2,"Med"
"Daewoo","Leganza","1998","Gasoline",7638,2,"Med"
"Daewoo","Leganza","1997","Gasoline",7046,2,"Med"
"Daewoo","Nubira","1999","Gasoline",8539,2,"Aut"
"Daewoo","Nubira","1998","Gasoline",7793,2,"Aut"
"Daewoo","Nubira","1997","Gasoline",7222,2,"Aut"
"Daewoo","Nubira","1999","Gasoline",7106,2,"Med"
"Daewoo","Nubira","1998","Gasoline",6280,2,"Med"
"Daewoo","Nubira","1997","Gasoline",5955,2,"Med"
"Daewoo","Nubira","1999","Gasoline",8587,2,"Aut"
"Daewoo","Nubira","1998","Gasoline",7906,2,"Aut"
"Daewoo","Nubira","1999","Gasoline",8182,2,"Med"
"Daewoo","Nubira","1998","Gasoline",7386,2,"Med"
"Daewoo","Prince","1995","Gasoline",5932,2,"Med"
"Daewoo","Prince","1994","Gasoline",5655,2,"Med"
"Daewoo","Racer","1995","Gasoline",5860,1.5,"Med"
"Daihatsu","Applause","1995","Gasoline",5908,1.6,"Med"
"Daihatsu","Applause","1994","Gasoline",5605,1.6,"Med"
"Daihatsu","Applause","1995","Gasoline",5972,1.6,"Med"
"Daihatsu","Applause","1994","Gasoline",5737,1.6,"Med"
"Daihatsu","Feroza","1995","Gasoline",14817,1.6,"Med"
"Daihatsu","Feroza","1994","Gasoline",12423,1.6,"Med"
"Daihatsu","Feroza","1997","Gasoline",20056,1.6,"Med"
"Daihatsu","Feroza","1996","Gasoline",17611,1.6,"Med"
"Daihatsu","Feroza","1995","Gasoline",15986,1.6,"Med"
"Daihatsu","Feroza","1994","Gasoline",15421,1.6,"Med"
"Daihatsu","Gran","1999","Gasoline",9593,1.5,"Med"
"Daihatsu","Gran","1998","Gasoline",8329,1.5,"Med"
"Daihatsu","Gran","1997","Gasoline",6458,1.5,"Med"
"Daihatsu","Gran","1996","Gasoline",4813,1.5,"Med"
"Daihatsu","Terios","1999","Gasoline",16555,1.3,"Med"
"Daihatsu","Terios","1998","Gasoline",14848,1.3,"Med"
"Daihatsu","Terios","1997","Gasoline",11087,1.3,"Med"
"Dodge","Avenger","1995","Gasoline",12681,2,"Med"
"Dodge","Avenger","1994","Gasoline",10832,2,"Med"
"Dodge","Dakota","2001","Gasoline",18794,2.5,"Med"
"Dodge","Dakota","2000","Gasoline",18020,2.5,"Med"
"Dodge","Dakota","1999","Gasoline",16863,2.5,"Med"
"Dodge","Dakota","1998","Gasoline",13091,2.5,"Med"
"Dodge","Dakota","1995","Gasoline",9458,2.5,"Med"
"Dodge","Dakota","2000","Gasoline",40490,5.9,"Med"
"Dodge","Dakota","1999","Gasoline",37571,5.9,"Med"
"Dodge","Dakota","1998","Gasoline",32357,5.9,"Med"
"Dodge","Dakota","2000","Gasoline",37665,5.2,"Med"
"Dodge","Dakota","1999","Gasoline",32648,5.2,"Med"
"Dodge","Dakota","1998","Gasoline",28378,5.2,"Med"
"Dodge","Dakota","2001","Gasoline",31227,5.2,"Aut"
"Dodge","Dakota","2000","Gasoline",29212,5.2,"Aut"
"Dodge","Dakota","2001","Gasoline",33759,5.2,"Aut"
"Dodge","Dakota","2000","Gasoline",32404,5.2,"Aut"
"Dodge","Dakota","1995","Gasoline",11535,2.5,"Med"
"Dodge","Dakota","2001","Diesel",36746,2.5,"Med"
"Dodge","Dakota","2001","Diesel",29916,2.5,"Med"
"Dodge","Dakota","2000","Diesel",27486,2.5,"Med"
"Dodge","Dakota","1999","Diesel",25779,2.5,"Med"
"Dodge","Dakota","2001","Gasoline",23775,3.9,"Med"
"Dodge","Dakota","2000","Gasoline",21197,3.9,"Med"
"Dodge","Dakota","1999","Gasoline",20043,3.9,"Med"
"Dodge","Dakota","1998","Gasoline",16667,3.9,"Med"
"Dodge","Dakota","2001","Gasoline",28516,3.9,"Aut"
"Dodge","Dakota","2001","Gasoline",28322,3.9,"Med"
"Dodge","Dakota","2000","Gasoline",25612,5.2,"Med"
"Dodge","Dakota","1999","Gasoline",21152,5.2,"Med"
"Dodge","Dakota","1998","Gasoline",16996,5.2,"Med"
"Dodge","Dakota","1997","Gasoline",12826,5.2,"Med"
"Dodge","Dakota","2001","Gasoline",34543,5.2,"Aut"
"Dodge","Dakota","2001","Diesel",30820,2.5,"Med"
"Dodge","Dakota","2000","Diesel",29104,2.5,"Med"
"Dodge","Dakota","1999","Diesel",28081,2.5,"Med"
"Dodge","Dakota","2001","Gasoline",27697,3.9,"Med"
"Dodge","Dakota","2000","Gasoline",24910,3.9,"Med"
"Dodge","Dakota","1999","Gasoline",22245,3.9,"Med"
"Dodge","Dakota","1998","Gasoline",20188,3.9,"Med"
"Dodge","Durango","2013","Gasoline",102233,3.6,"Aut"
"Dodge","Durango","2013","Gasoline",108284,3.6,"Aut"
"Dodge","Durango","2012","Gasoline",104856,3.6,"Aut"
"Dodge","Durango","2015","Gasoline",179836,3.6,"Aut"
"Dodge","JOURNEY","2015","Gasoline",102507,3.6,"Aut"
"Dodge","JOURNEY","2014","Gasoline",93287,3.6,"Aut"
"Dodge","JOURNEY","Zero KM","Gasoline",144742,3.6,"Aut"
"Dodge","JOURNEY","2018","Gasoline",129310,3.6,"Aut"
"Dodge","JOURNEY","2017","Gasoline",122146,3.6,"Aut"
"Dodge","JOURNEY","2015","Gasoline",92601,3.6,"Aut"
"Dodge","JOURNEY","2014","Gasoline",80128,3.6,"Aut"
"Dodge","JOURNEY","2013","Gasoline",71112,3.6,"Aut"
"Dodge","JOURNEY","2012","Gasoline",61800,3.6,"Aut"
"Dodge","JOURNEY","2011","Gasoline",52665,2.7,"Aut"
"Dodge","JOURNEY","2010","Gasoline",45262,2.7,"Aut"
"Dodge","JOURNEY","2016","Gasoline",113881,3.6,"Aut"
"Dodge","JOURNEY","2015","Gasoline",93598,3.6,"Aut"
"Dodge","JOURNEY","2014","Gasoline",83383,3.6,"Aut"
"Dodge","JOURNEY","2010","Gasoline",41386,2.7,"Aut"
"Dodge","JOURNEY","2011","Gasoline",52501,2.7,"Aut"
"Dodge","JOURNEY","2010","Gasoline",43410,2.7,"Aut"
"Dodge","JOURNEY","2009","Gasoline",40945,2.7,"Aut"
"Dodge","JOURNEY","2015","Gasoline",82921,3.6,"Aut"
"Dodge","JOURNEY","2014","Gasoline",75045,3.6,"Aut"
"Dodge","JOURNEY","2013","Gasoline",69656,3.6,"Aut"
"Dodge","JOURNEY","2012","Gasoline",57967,3.6,"Aut"
"Dodge","Ram","2009","Diesel",96916,5.9,"Med"
"Dodge","Ram","2008","Diesel",93509,5.9,"Med"
"Dodge","Ram","2007","Diesel",86881,5.9,"Med"
"Dodge","Ram","2006","Diesel",80516,5.9,"Med"
"Dodge","Ram","2005","Diesel",76081,5.9,"Med"
"Dodge","Ram","2004","Diesel",63225,5.9,"Med"
"Dodge","Ram","2009","Diesel",89950,5.9,"Med"
"Dodge","Ram","2008","Diesel",81168,5.9,"Med"
"Dodge","Ram","2007","Diesel",78769,5.9,"Med"
"Dodge","Ram","2006","Diesel",72205,5.9,"Med"
"Dodge","Ram","2012","Diesel",151251,6.7,"Med"
"Dodge","Ram","2010","Diesel",116868,5.9,"Med"
"Dodge","Ram","2010","Diesel",106213,5.9,"Med"
"Dodge","Ram","2009","Diesel",102960,5.9,"Med"
"Dodge","Ram","2008","Diesel",98712,5.9,"Med"
"Dodge","Ram","2007","Diesel",95320,5.9,"Med"
"Dodge","Ram","2006","Diesel",83236,5.9,"Med"
"Dodge","Ram","2005","Diesel",77484,5.9,"Med"
"Dodge","Ram","1995","Gasoline",30221,5.9,"Med"
"Dodge","Ram","1994","Gasoline",26085,5.9,"Med"
"Dodge","Ram","1996","Gasoline",19839,5.2,"Med"
"Dodge","Ram","1995","Gasoline",18035,5.2,"Med"
"Dodge","Ram","1994","Gasoline",17498,5.2,"Med"
"Dodge","Ram","2001","Gasoline",34197,5.9,"Med"
"Dodge","Ram","2000","Gasoline",30928,5.9,"Med"
"Dodge","Ram","1999","Gasoline",29947,5.9,"Med"
"Dodge","Ram","1998","Gasoline",27120,5.9,"Med"
"Dodge","Ram","1997","Gasoline",25500,5.9,"Med"
"Dodge","Ram","1996","Gasoline",24601,5.9,"Med"
"Dodge","Ram","1995","Gasoline",23181,5.9,"Med"
"Dodge","Ram","1994","Gasoline",20915,5.9,"Med"
"Dodge","Stealth","1994","Gasoline",46232,3,"Med"
"Dodge","Stealth","1993","Gasoline",44702,3,"Med"
"Dodge","Stealth","1992","Gasoline",37091,3,"Med"
"EFFA","K02","Zero KM","Gasoline",44150,1,"Med"
"EFFA","K02","2018","Gasoline",36777,1,"Med"
"EFFA","K02","2017","Gasoline",34567,1,"Med"
"EFFA","K02","2016","Gasoline",32197,1,"Med"
"EFFA","M-100","2012","Gasoline",16568,1,"Med"
"EFFA","M-100","2011","Gasoline",14613,1,"Med"
"EFFA","M-100","2010","Gasoline",13376,1,"Med"
"EFFA","M-100","2009","Gasoline",12489,1,"Med"
"EFFA","M-100","2008","Gasoline",11828,1,"Med"
"EFFA","M-100","2007","Gasoline",10038,1,"Med"
"EFFA","M-100","2006","Gasoline",9043,1,"Med"
"EFFA","Plutus","2012","Diesel",44617,3.2,"Med"
"EFFA","Plutus","2011","Diesel",43146,3.2,"Med"
"EFFA","Start","2014","Gasoline",23631,1,"Med"
"EFFA","Start","2012","Gasoline",18718,1,"Med"
"EFFA","Start","2011","Gasoline",16500,1,"Med"
"EFFA","Start","2014","Gasoline",24626,1,"Med"
"EFFA","Start","2012","Gasoline",20060,1,"Med"
"EFFA","Start","2011","Gasoline",15925,1,"Med"
"EFFA","Start","2012","Gasoline",18787,1,"Med"
"EFFA","Start","2011","Gasoline",17770,1,"Med"
"EFFA","ULC","2011","Gasoline",17415,1,"Med"
"EFFA","ULC","2010","Gasoline",15684,1,"Med"
"EFFA","ULC","2009","Gasoline",13745,1,"Med"
"EFFA","ULC","2008","Gasoline",13147,1,"Med"
"EFFA","ULC","2007","Gasoline",12661,1,"Med"
"EFFA","ULC","2012","Gasoline",16400,1,"Med"
"EFFA","ULC","2011","Gasoline",14464,1,"Med"
"EFFA","ULC","2010","Gasoline",13863,1,"Med"
"EFFA","ULC","2009","Gasoline",11677,1,"Med"
"EFFA","ULC","2008","Gasoline",9560,1,"Med"
"EFFA","ULC","2007","Gasoline",9241,1,"Med"
"EFFA","ULC","2012","Gasoline",19314,1,"Med"
"EFFA","ULC","2011","Gasoline",16458,1,"Med"
"EFFA","ULC","2012","Gasoline",20360,1,"Med"
"EFFA","ULC","2011","Gasoline",16542,1,"Med"
"EFFA","ULC","2010","Gasoline",15290,1,"Med"
"EFFA","ULC","2009","Gasoline",13964,1,"Med"
"EFFA","ULC","2008","Gasoline",13458,1,"Med"
"EFFA","ULC","2007","Gasoline",13012,1,"Med"
"EFFA","V21","Zero KM","Gasoline",47173,1.3,"Med"
"EFFA","V21","2018","Gasoline",41033,1.3,"Med"
"EFFA","V21","2017","Gasoline",35768,1.3,"Med"
"EFFA","V21","2016","Gasoline",33004,1.3,"Med"
"EFFA","V22","Zero KM","Gasoline",52545,1.3,"Med"
"EFFA","V22","2018","Gasoline",43158,1.3,"Med"
"EFFA","V22","2017","Gasoline",39732,1.3,"Med"
"EFFA","V22","2016","Gasoline",35292,1.3,"Med"
"Engesa","Engesa","1994","Gasoline",33672,2.5,"Med"
"Engesa","Engesa","1993","Gasoline",30887,2.5,"Med"
"Engesa","Engesa","1992","Gasoline",29920,2.5,"Med"
"Engesa","Engesa","1991","Gasoline",28975,2.5,"Med"
"Engesa","Engesa","1990","Gasoline",27844,2.5,"Med"
"Engesa","Engesa","1989","Gasoline",27005,2.5,"Med"
"Engesa","Engesa","1988","Gasoline",26121,2.5,"Med"
"Engesa","Engesa","1987","Gasoline",25326,2.5,"Med"
"Engesa","Engesa","1986","Gasoline",24571,2.5,"Med"
"Engesa","Engesa","1985","Gasoline",21858,2.5,"Med"
"Engesa","Engesa","1994","Diesel",39147,4,"Med"
"Engesa","Engesa","1993","Diesel",37722,4,"Med"
"Engesa","Engesa","1992","Diesel",36392,4,"Med"
"Engesa","Engesa","1991","Diesel",35210,4,"Med"
"Engesa","Engesa","1990","Diesel",33931,4,"Med"
"Engesa","Engesa","1989","Diesel",32745,4,"Med"
"Engesa","Engesa","1988","Diesel",31762,4,"Med"
"Engesa","Engesa","1987","Diesel",29285,4,"Med"
"Engesa","Engesa","1986","Diesel",28032,4,"Med"
"Envemo","Camper","1996","Gasoline",22456,2.5,"Med"
"Envemo","Camper","1995","Gasoline",21746,2.5,"Med"
"Envemo","Camper","1994","Gasoline",20911,2.5,"Med"
"Envemo","Camper","1993","Gasoline",20172,2.5,"Med"
"Envemo","Camper","1992","Gasoline",18908,2.5,"Med"
"Envemo","Camper","1991","Gasoline",18030,2.5,"Med"
"Envemo","Camper","1990","Gasoline",15092,2.5,"Med"
"Envemo","Camper","1995","Diesel",31395,2.5,"Med"
"Envemo","Camper","1994","Diesel",27450,2.5,"Med"
"Envemo","Camper","1993","Diesel",26328,2.5,"Med"
"Envemo","Camper","1992","Diesel",21410,2.5,"Med"
"Envemo","Camper","1991","Diesel",20011,2.5,"Med"
"Envemo","Camper","1995","Diesel",37684,4,"Med"
"Envemo","Camper","1994","Diesel",31719,4,"Med"
"Envemo","Camper","1993","Diesel",28742,4,"Med"
"Envemo","Camper","1992","Diesel",27309,4,"Med"
"Envemo","Camper","1991","Diesel",23580,4,"Med"
"Envemo","Master","1996","Diesel",28167,4,"Med"
"Envemo","Master","1995","Diesel",24656,4,"Med"
"Ferrari","348","1994","Gasoline",194733,3.4,"Med"
"Ferrari","348","1993","Gasoline",155673,3.4,"Med"
"Ferrari","348","1994","Gasoline",182879,3.4,"Med"
"Ferrari","348","1993","Gasoline",132767,3.4,"Med"
"Ferrari","348","1994","Gasoline",146307,3.4,"Med"
"Ferrari","348","1993","Gasoline",128133,3.4,"Med"
"Ferrari","456","2001","Gasoline",371652,5.5,"Med"
"Ferrari","456","2000","Gasoline",327147,5.5,"Med"
"Ferrari","456","1999","Gasoline",276835,5.5,"Med"
"Ferrari","488","Zero KM","Gasoline",2695000,3.9,"Med"
"Ferrari","488","2017","Gasoline",2105164,3.9,"Med"
"Ferrari","488","2016","Gasoline",1821955,3.9,"Med"
"Ferrari","488","Zero KM","Gasoline",3400000,3.9,"Med"
"Ferrari","488","2017","Gasoline",2752876,3.9,"Med"
"Ferrari","488","2016","Gasoline",2670494,3.9,"Med"
"Ferrari","California","Zero KM","Gasoline",1867551,3.9,"Med"
"Ferrari","California","2017","Gasoline",1602011,3.9,"Med"
"Ferrari","California","2016","Gasoline",1542710,3.9,"Med"
"Ferrari","California","2015","Gasoline",1423739,3.9,"Med"
"Ferrari","F458","2015","Gasoline",1689122,4.5,"Med"
"Ferrari","F458","2014","Gasoline",1354864,4.5,"Med"
"Ferrari","F458","2013","Gasoline",1215928,4.5,"Med"
"Ferrari","F458","2012","Gasoline",1159898,4.5,"Med"
"Ferrari","F458","2011","Gasoline",1099044,4.5,"Med"
"Ferrari","F458","2010","Gasoline",997096,4.5,"Med"
"Ferrari","F458","2015","Gasoline",2068900,4.5,"Med"
"Ferrari","F458","2013","Gasoline",1757643,4.5,"Med"
"Ferrari","F599","2012","Gasoline",1819989,6,"Med"
"Ferrari","F599","2011","Gasoline",1333974,6,"Med"
"Ferrari","F599","2010","Gasoline",1173664,6,"Med"
"Ferrari","F599","2009","Gasoline",1119281,6,"Med"
"Ferrari","F599","2008","Gasoline",864515,6,"Med"
"Ferrari","F599","2007","Gasoline",753185,6,"Med"
"Ferrari","FF","2016","Gasoline",3379799,6.3,"Med"
"Ferrari","FF","2015","Gasoline",2932099,6.3,"Med"
"Ferrari","FF","2013","Gasoline",2287352,6.3,"Med"
"Ferrari","FF","2012","Gasoline",2050786,6.3,"Med"
"Ferrari","GTC4","Zero KM","Gasoline",3950000,6.3,"Med"
"Ferrari","GTC4","2017","Gasoline",3251428,6.3,"Med"
"Fiat","500","2015","Gasoline",74267,1.4,"Med"
"Fiat","500","2014","Gasoline",71806,1.4,"Med"
"Fiat","500","2015","Gasoline",58972,1.4,"Med"
"Fiat","500","2014","Gasoline",53096,1.4,"Med"
"Fiat","500","2015","Gasoline",54220,1.4,"Med"
"Fiat","500","2014","Gasoline",48835,1.4,"Med"
"Fiat","500","2015","Gasoline",64353,1.4,"Aut"
"Fiat","500","2014","Gasoline",56020,1.4,"Aut"
"Fiat","500","2013","Gasoline",51713,1.4,"Aut"
"Fiat","500","2012","Gasoline",47801,1.4,"Aut"
"Fiat","500","2015","Gasoline",47949,1.4,"Med"
"Fiat","500","2014","Gasoline",40881,1.4,"Med"
"Fiat","500","2013","Gasoline",38094,1.4,"Med"
"Fiat","500","2012","Gasoline",32830,1.4,"Med"
"Fiat","500","Zero KM","Gasoline",55485,1.4,"Med"
"Fiat","500","2017","Gasoline",50985,1.4,"Med"
"Fiat","500","2015","Gasoline",47238,1.4,"Med"
"Fiat","500","2014","Gasoline",37905,1.4,"Med"
"Fiat","500","2013","Gasoline",35365,1.4,"Med"
"Fiat","500","2012","Gasoline",31710,1.4,"Med"
"Fiat","500","2010","Gasoline",29771,1.4,"Med"
"Fiat","500","2012","Gasoline",38082,1.4,"Med"
"Fiat","500","2010","Gasoline",32444,1.4,"Med"
"Fiat","500","2014","Gasoline",49524,1.4,"Aut"
"Fiat","500","2013","Gasoline",46681,1.4,"Aut"
"Fiat","500","2012","Gasoline",38737,1.4,"Aut"
"Fiat","500","2010","Gasoline",29576,1.4,"Med"
"Fiat","500","2010","Gasoline",29438,1.4,"Med"
"Fiat","500","2009","Gasoline",28538,1.4,"Med"
"Fiat","500","2008","Gasoline",26687,1.4,"Med"
"Fiat","500","2015","Gasoline",52504,1.4,"Aut"
"Fiat","500","2014","Gasoline",48693,1.4,"Aut"
"Fiat","500","2013","Gasoline",46362,1.4,"Aut"
"Fiat","500","2012","Gasoline",36775,1.4,"Aut"
"Fiat","500","2014","Gasoline",47834,1.4,"Med"
"Fiat","500","2013","Gasoline",38811,1.4,"Med"
"Fiat","500","2012","Gasoline",34709,1.4,"Med"
"Fiat","ARGO","Zero KM","Gasoline",45978,1,"Med"
"Fiat","ARGO","2018","Gasoline",42745,1,"Med"
"Fiat","ARGO","Zero KM","Gasoline",55089,1.3,"Med"
"Fiat","ARGO","2018","Gasoline",52270,1.3,"Med"
"Fiat","ARGO","Zero KM","Gasoline",59213,1.3,"Med"
"Fiat","ARGO","2018","Gasoline",54845,1.3,"Med"
"Fiat","ARGO","Zero KM","Gasoline",70830,1.8,"Aut"
"Fiat","ARGO","2018","Gasoline",65021,1.8,"Aut"
"Fiat","ARGO","Zero KM","Gasoline",62994,1.8,"Med"
"Fiat","ARGO","2018","Gasoline",59515,1.8,"Med"
"Fiat","ARGO","Zero KM","Gasoline",62319,1.8,"Med"
"Fiat","ARGO","2018","Gasoline",57361,1.8,"Med"
"Fiat","ARGO","Zero KM","Gasoline",68071,1.8,"Aut"
"Fiat","ARGO","2018","Gasoline",59583,1.8,"Aut"
"Fiat","Brava","2003","Gasoline",12565,1.6,"Med"
"Fiat","Brava","2002","Gasoline",10651,1.6,"Med"
"Fiat","Brava","2001","Gasoline",9850,1.6,"Med"
"Fiat","Brava","2000","Gasoline",9150,1.6,"Med"
"Fiat","Brava","2003","Gasoline",14035,1.8,"Med"
"Fiat","Brava","2002","Gasoline",12023,1.8,"Med"
"Fiat","Brava","2001","Gasoline",11013,1.8,"Med"
"Fiat","Brava","2000","Gasoline",10065,1.8,"Med"
"Fiat","Brava","2003","Gasoline",10809,1.6,"Med"
"Fiat","Brava","2002","Gasoline",10393,1.6,"Med"
"Fiat","Brava","2001","Gasoline",9141,1.6,"Med"
"Fiat","Brava","2000","Gasoline",8546,1.6,"Med"
"Fiat","Bravo","2012","Gasoline",32290,1.8,"Med"
"Fiat","Bravo","2011","Gasoline",31255,1.8,"Med"
"Fiat","Bravo","2014","Gasoline",39874,1.8,"Med"
"Fiat","Bravo","2013","Gasoline",38528,1.8,"Med"
"Fiat","Bravo","2012","Gasoline",34105,1.8,"Med"
"Fiat","Bravo","2011","Gasoline",31729,1.8,"Med"
"Fiat","Bravo","2016","Gasoline",55312,1.8,"Med"
"Fiat","Bravo","2015","Gasoline",53566,1.8,"Med"
"Fiat","Bravo","2016","Gasoline",54855,1.8,"Med"
"Fiat","Bravo","2015","Gasoline",53145,1.8,"Med"
"Fiat","Bravo","2016","Gasoline",50470,1.8,"Med"
"Fiat","Bravo","2015","Gasoline",48710,1.8,"Med"
"Fiat","Bravo","2014","Gasoline",39500,1.8,"Med"
"Fiat","Bravo","2013","Gasoline",33718,1.8,"Med"
"Fiat","Bravo","2012","Gasoline",32080,1.8,"Med"
"Fiat","Bravo","2011","Gasoline",30693,1.8,"Med"
"Fiat","Bravo","2016","Gasoline",50854,1.8,"Med"
"Fiat","Bravo","2015","Gasoline",49191,1.8,"Med"
"Fiat","Bravo","2014","Gasoline",39866,1.8,"Med"
"Fiat","Bravo","2013","Gasoline",37218,1.8,"Med"
"Fiat","Bravo","2012","Gasoline",32944,1.8,"Med"
"Fiat","Bravo","2011","Gasoline",30748,1.8,"Med"
"Fiat","Bravo","2016","Gasoline",58098,1.8,"Med"
"Fiat","Bravo","2015","Gasoline",55218,1.8,"Med"
"Fiat","Bravo","2014","Gasoline",42791,1.8,"Med"
"Fiat","Bravo","2013","Gasoline",40727,1.8,"Med"
"Fiat","Bravo","2016","Gasoline",56940,1.8,"Med"
"Fiat","Bravo","2015","Gasoline",54586,1.8,"Med"
"Fiat","Bravo","2014","Gasoline",42118,1.8,"Med"
"Fiat","Bravo","2013","Gasoline",40698,1.8,"Med"
"Fiat","Bravo","1999","Gasoline",8900,1.6,"Med"
"Fiat","Bravo","1998","Gasoline",6897,1.6,"Med"
"Fiat","Bravo","2016","Gasoline",62778,1.4,"Med"
"Fiat","Bravo","2015","Gasoline",60331,1.4,"Med"
"Fiat","Bravo","2014","Gasoline",46677,1.4,"Med"
"Fiat","Bravo","2013","Gasoline",43695,1.4,"Med"
"Fiat","Bravo","2012","Gasoline",41072,1.4,"Med"
"Fiat","Bravo","2011","Gasoline",39639,1.4,"Med"
"Fiat","Bravo","2014","Gasoline",47798,1.8,"Med"
"Fiat","Bravo","2014","Gasoline",46277,1.8,"Med"
"Fiat","Cinquecento","1995","Gasoline",3512,0.7,"Med"
"Fiat","CRONOS","Zero KM","Gasoline",54510,1.3,"Med"
"Fiat","CRONOS","2019","Gasoline",48332,1.3,"Med"
"Fiat","CRONOS","Zero KM","Gasoline",56562,1.3,"Med"
"Fiat","CRONOS","2019","Gasoline",51019,1.3,"Med"
"Fiat","CRONOS","2018","Gasoline",48953,1.3,"Med"
"Fiat","CRONOS","Zero KM","Gasoline",61170,1.3,"Med"
"Fiat","CRONOS","2019","Gasoline",54397,1.3,"Med"
"Fiat","CRONOS","2018","Gasoline",52107,1.3,"Med"
"Fiat","CRONOS","Zero KM","Gasoline",70420,1.8,"Aut"
"Fiat","CRONOS","2019","Gasoline",62729,1.8,"Aut"
"Fiat","CRONOS","2018","Gasoline",60009,1.8,"Aut"
"Fiat","CRONOS","Zero KM","Gasoline",63516,1.8,"Med"
"Fiat","CRONOS","2019","Gasoline",56417,1.8,"Med"
"Fiat","Doblo","2011","Gasoline",30626,1.4,"Med"
"Fiat","Doblo","2010","Gasoline",29415,1.4,"Med"
"Fiat","Doblo","2016","Gasoline",43291,1.4,"Med"
"Fiat","Doblo","2015","Gasoline",41945,1.4,"Med"
"Fiat","Doblo","2014","Gasoline",37586,1.4,"Med"
"Fiat","Doblo","2013","Gasoline",33486,1.4,"Med"
"Fiat","Doblo","2012","Gasoline",29629,1.4,"Med"
"Fiat","Doblo","2011","Gasoline",27229,1.4,"Med"
"Fiat","Doblo","2010","Gasoline",24984,1.4,"Med"
"Fiat","Doblo","2014","Gasoline",51109,1.8,"Med"
"Fiat","Doblo","2013","Gasoline",46602,1.8,"Med"
"Fiat","Doblo","2014","Gasoline",52491,1.8,"Med"
"Fiat","Doblo","2013","Gasoline",49807,1.8,"Med"
"Fiat","Doblo","2016","Gasoline",66099,1.8,"Med"
"Fiat","Doblo","Zero KM","Gasoline",92745,1.8,"Med"
"Fiat","Doblo","2018","Gasoline",77802,1.8,"Med"
"Fiat","Doblo","2017","Gasoline",74254,1.8,"Med"
"Fiat","Doblo","2016","Gasoline",64407,1.8,"Med"
"Fiat","Doblo","2015","Gasoline",58473,1.8,"Med"
"Fiat","Doblo","2014","Gasoline",47942,1.8,"Med"
"Fiat","Doblo","2013","Gasoline",41968,1.8,"Med"
"Fiat","Doblo","2012","Gasoline",40126,1.8,"Med"
"Fiat","Doblo","2011","Gasoline",38921,1.8,"Med"
"Fiat","Doblo","2010","Gasoline",37696,1.8,"Med"
"Fiat","Doblo","2009","Gasoline",32178,1.8,"Med"
"Fiat","Doblo","2008","Gasoline",29079,1.8,"Med"
"Fiat","Doblo","2007","Gasoline",26856,1.8,"Med"
"Fiat","Doblo","2006","Gasoline",25928,1.8,"Med"
"Fiat","Doblo","2006","Gasoline",26034,1.8,"Med"
"Fiat","Doblo","2005","Gasoline",24266,1.8,"Med"
"Fiat","Doblo","2004","Gasoline",23295,1.8,"Med"
"Fiat","Doblo","2016","Gasoline",49639,1.4,"Med"
"Fiat","Doblo","2015","Gasoline",47036,1.4,"Med"
"Fiat","Doblo","2014","Gasoline",41965,1.4,"Med"
"Fiat","Doblo","2013","Gasoline",38884,1.4,"Med"
"Fiat","Doblo","2012","Gasoline",36217,1.4,"Med"
"Fiat","Doblo","2006","Gasoline",19200,1.3,"Med"
"Fiat","Doblo","2005","Gasoline",18459,1.3,"Med"
"Fiat","Doblo","2004","Gasoline",17548,1.3,"Med"
"Fiat","Doblo","2003","Gasoline",16785,1.3,"Med"
"Fiat","Doblo","2002","Gasoline",15455,1.3,"Med"
"Fiat","Doblo","2003","Gasoline",18291,1.6,"Med"
"Fiat","Doblo","2002","Gasoline",17383,1.6,"Med"
"Fiat","Doblo","2006","Gasoline",20284,1.8,"Med"
"Fiat","Doblo","2005","Gasoline",19681,1.8,"Med"
"Fiat","Doblo","2004","Gasoline",19010,1.8,"Med"
"Fiat","Doblo","2016","Gasoline",47336,1.8,"Med"
"Fiat","Doblo","2015","Gasoline",45829,1.8,"Med"
"Fiat","Doblo","2014","Gasoline",41156,1.8,"Med"
"Fiat","Doblo","2013","Gasoline",34238,1.8,"Med"
"Fiat","Doblo","2012","Gasoline",33100,1.8,"Med"
"Fiat","Doblo","2011","Gasoline",29883,1.8,"Med"
"Fiat","Doblo","2010","Gasoline",26551,1.8,"Med"
"Fiat","Doblo","2009","Gasoline",22894,1.8,"Med"
"Fiat","Doblo","2008","Gasoline",22194,1.8,"Med"
"Fiat","Doblo","2007","Gasoline",20925,1.8,"Med"
"Fiat","Doblo","2006","Gasoline",20301,1.8,"Med"
"Fiat","Doblo","2011","Gasoline",32638,1.4,"Med"
"Fiat","Doblo","2010","Gasoline",30516,1.4,"Med"
"Fiat","Doblo","2003","Gasoline",19006,1.6,"Med"
"Fiat","Doblo","2002","Gasoline",17951,1.6,"Med"
"Fiat","Doblo","2006","Gasoline",22830,1.8,"Med"
"Fiat","Doblo","2005","Gasoline",21969,1.8,"Med"
"Fiat","Doblo","2004","Gasoline",21302,1.8,"Med"
"Fiat","Doblo","2010","Gasoline",31743,1.8,"Med"
"Fiat","Doblo","2009","Gasoline",27811,1.8,"Med"
"Fiat","Doblo","2008","Gasoline",26751,1.8,"Med"
"Fiat","Doblo","2007","Gasoline",24218,1.8,"Med"
"Fiat","Doblo","2006","Gasoline",23164,1.8,"Med"
"Fiat","Doblo","Zero KM","Gasoline",84600,1.8,"Med"
"Fiat","Doblo","2018","Gasoline",71728,1.8,"Med"
"Fiat","Doblo","2017","Gasoline",68858,1.8,"Med"
"Fiat","Doblo","2016","Gasoline",56628,1.8,"Med"
"Fiat","Doblo","2015","Gasoline",50433,1.8,"Med"
"Fiat","Doblo","2014","Gasoline",45056,1.8,"Med"
"Fiat","Doblo","2013","Gasoline",40721,1.8,"Med"
"Fiat","Doblo","2012","Gasoline",38824,1.8,"Med"
"Fiat","Doblo","2006","Gasoline",21084,1.3,"Med"
"Fiat","Doblo","2005","Gasoline",20455,1.3,"Med"
"Fiat","Doblo","2004","Gasoline",19812,1.3,"Med"
"Fiat","Doblo","2003","Gasoline",19002,1.3,"Med"
"Fiat","Doblo","2002","Gasoline",17922,1.3,"Med"
"Fiat","Doblo","2011","Gasoline",34950,1.8,"Med"
"Fiat","Doblo","2010","Gasoline",32811,1.8,"Med"
"Fiat","Doblo","2009","Gasoline",28326,1.8,"Med"
"Fiat","Doblo","2008","Gasoline",27337,1.8,"Med"
"Fiat","Doblo","2007","Gasoline",24803,1.8,"Med"
"Fiat","Ducato","2009","Diesel",44313,2.8,"Med"
"Fiat","Ducato","2008","Diesel",40058,2.8,"Med"
"Fiat","Ducato","2007","Diesel",38794,2.8,"Med"
"Fiat","Ducato","2006","Diesel",37077,2.8,"Med"
"Fiat","Ducato","2005","Diesel",34461,2.8,"Med"
"Fiat","Ducato","2004","Diesel",32401,2.8,"Med"
"Fiat","Ducato","2003","Diesel",31445,2.8,"Med"
"Fiat","Ducato","Zero KM","Diesel",113838,2.3,"Med"
"Fiat","Ducato","2018","Diesel",100262,2.3,"Med"
"Fiat","Ducato","Zero KM","Diesel",108178,2.3,"Med"
"Fiat","Ducato","2017","Diesel",87710,2.3,"Med"
"Fiat","Ducato","2016","Diesel",84816,2.3,"Med"
"Fiat","Ducato","2015","Diesel",80402,2.3,"Med"
"Fiat","Ducato","2014","Diesel",69864,2.3,"Med"
"Fiat","Ducato","2013","Diesel",66223,2.3,"Med"
"Fiat","Ducato","2012","Diesel",58599,2.3,"Med"
"Fiat","Ducato","2011","Diesel",52346,2.3,"Med"
"Fiat","Ducato","2010","Diesel",48859,2.3,"Med"
"Fiat","Ducato","Zero KM","Diesel",123351,2.3,"Med"
"Fiat","Ducato","2018","Diesel",109505,2.3,"Med"
"Fiat","Ducato","Zero KM","Diesel",108890,2.3,"Med"
"Fiat","Ducato","2018","Diesel",96086,2.3,"Med"
"Fiat","Ducato","2012","Diesel",65196,2.3,"Med"
"Fiat","Ducato","2011","Diesel",59644,2.3,"Med"
"Fiat","Ducato","2010","Diesel",52173,2.3,"Med"
"Fiat","Ducato","2000","Diesel",24551,2.8,"Med"
"Fiat","Ducato","1999","Diesel",23058,2.8,"Med"
"Fiat","Ducato","1998","Diesel",19673,2.8,"Med"
"Fiat","Ducato","2009","Diesel",52262,2.8,"Med"
"Fiat","Ducato","2008","Diesel",48459,2.8,"Med"
"Fiat","Ducato","2007","Diesel",46740,2.8,"Med"
"Fiat","Ducato","2006","Diesel",38019,2.8,"Med"
"Fiat","Ducato","2005","Diesel",36892,2.8,"Med"
"Fiat","Ducato","2004","Diesel",33366,2.8,"Med"
"Fiat","Ducato","2003","Diesel",32300,2.8,"Med"
"Fiat","Ducato","2002","Diesel",31154,2.8,"Med"
"Fiat","Ducato","2001","Diesel",27421,2.8,"Med"
"Fiat","Ducato","2000","Diesel",26428,2.8,"Med"
"Fiat","Ducato","1999","Diesel",25541,2.8,"Med"
"Fiat","Ducato","1998","Diesel",22789,2.8,"Med"
"Fiat","Ducato","2000","Diesel",26498,2.8,"Med"
"Fiat","Ducato","1999","Diesel",25501,2.8,"Med"
"Fiat","Ducato","1998","Diesel",22100,2.8,"Med"
"Fiat","Ducato","2017","Diesel",88845,2.3,"Med"
"Fiat","Ducato","2016","Diesel",86056,2.3,"Med"
"Fiat","Ducato","2015","Diesel",80082,2.3,"Med"
"Fiat","Ducato","2014","Diesel",70000,2.3,"Med"
"Fiat","Ducato","2013","Diesel",63874,2.3,"Med"
"Fiat","Ducato","2012","Diesel",61748,2.3,"Med"
"Fiat","Ducato","2011","Diesel",54483,2.3,"Med"
"Fiat","Ducato","2010","Diesel",47232,2.3,"Med"
"Fiat","Ducato","2017","Diesel",89516,2.3,"Med"
"Fiat","Ducato","2016","Diesel",86215,2.3,"Med"
"Fiat","Ducato","2015","Diesel",80312,2.3,"Med"
"Fiat","Ducato","2014","Diesel",71450,2.3,"Med"
"Fiat","Ducato","2013","Diesel",66508,2.3,"Med"
"Fiat","Ducato","2012","Diesel",63578,2.3,"Med"
"Fiat","Ducato","2011","Diesel",55195,2.3,"Med"
"Fiat","Ducato","2010","Diesel",47889,2.3,"Med"
"Fiat","Ducato","Zero KM","Diesel",128211,2.3,"Med"
"Fiat","Ducato","2018","Diesel",114279,2.3,"Med"
"Fiat","Ducato","2009","Diesel",43973,2.8,"Med"
"Fiat","Ducato","2008","Diesel",42349,2.8,"Med"
"Fiat","Ducato","2007","Diesel",40515,2.8,"Med"
"Fiat","Ducato","2006","Diesel",37894,2.8,"Med"
"Fiat","Ducato","2005","Diesel",36512,2.8,"Med"
"Fiat","Ducato","2004","Diesel",33175,2.8,"Med"
"Fiat","Ducato","2003","Diesel",32000,2.8,"Med"
"Fiat","Ducato","2002","Diesel",29063,2.8,"Med"
"Fiat","Ducato","2001","Diesel",27415,2.8,"Med"
"Fiat","Ducato","2000","Diesel",26503,2.8,"Med"
"Fiat","Ducato","1999","Diesel",25535,2.8,"Med"
"Fiat","Ducato","1998","Diesel",22844,2.8,"Med"
"Fiat","Ducato","Zero KM","Diesel",142077,2.3,"Med"
"Fiat","Ducato","2018","Diesel",125095,2.3,"Med"
"Fiat","Ducato","Zero KM","Diesel",126598,2.3,"Med"
"Fiat","Ducato","2017","Diesel",99454,2.3,"Med"
"Fiat","Ducato","2016","Diesel",93421,2.3,"Med"
"Fiat","Ducato","2015","Diesel",84627,2.3,"Med"
"Fiat","Ducato","2014","Diesel",78448,2.3,"Med"
"Fiat","Ducato","2013","Diesel",72803,2.3,"Med"
"Fiat","Ducato","2012","Diesel",67130,2.3,"Med"
"Fiat","Ducato","2011","Diesel",63209,2.3,"Med"
"Fiat","Ducato","2010","Diesel",59781,2.3,"Med"
"Fiat","Ducato","Zero KM","Diesel",136900,2.3,"Med"
"Fiat","Ducato","2017","Diesel",109524,2.3,"Med"
"Fiat","Ducato","2016","Diesel",105232,2.3,"Med"
"Fiat","Ducato","2015","Diesel",97260,2.3,"Med"
"Fiat","Ducato","2014","Diesel",84740,2.3,"Med"
"Fiat","Ducato","2013","Diesel",79637,2.3,"Med"
"Fiat","Ducato","2012","Diesel",72607,2.3,"Med"
"Fiat","Ducato","2011","Diesel",68326,2.3,"Med"
"Fiat","Ducato","2010","Diesel",59801,2.3,"Med"
"Fiat","Ducato","2000","Diesel",26363,2.8,"Med"
"Fiat","Ducato","1999","Diesel",25502,2.8,"Med"
"Fiat","Ducato","1998","Diesel",23081,2.8,"Med"
"Fiat","Ducato","2009","Diesel",52315,2.8,"Med"
"Fiat","Ducato","2008","Diesel",50500,2.8,"Med"
"Fiat","Ducato","2007","Diesel",47666,2.8,"Med"
"Fiat","Ducato","2006","Diesel",40105,2.8,"Med"
"Fiat","Ducato","2005","Diesel",38842,2.8,"Med"
"Fiat","Ducato","2004","Diesel",37496,2.8,"Med"
"Fiat","Ducato","2003","Diesel",36129,2.8,"Med"
"Fiat","Ducato","2002","Diesel",29900,2.8,"Med"
"Fiat","Ducato","2001","Diesel",27714,2.8,"Med"
"Fiat","Ducato","2000","Diesel",26825,2.8,"Med"
"Fiat","Ducato","1999","Diesel",25878,2.8,"Med"
"Fiat","Ducato","1998","Diesel",24283,2.8,"Med"
"Fiat","Ducato","2009","Diesel",57644,2.8,"Med"
"Fiat","Ducato","2008","Diesel",55319,2.8,"Med"
"Fiat","Ducato","2007","Diesel",53244,2.8,"Med"
"Fiat","Ducato","2006","Diesel",49601,2.8,"Med"
"Fiat","Ducato","2005","Diesel",47148,2.8,"Med"
"Fiat","Ducato","2004","Diesel",38022,2.8,"Med"
"Fiat","Ducato","2003","Diesel",36550,2.8,"Med"
"Fiat","Ducato","2002","Diesel",34455,2.8,"Med"
"Fiat","Ducato","2001","Diesel",28188,2.8,"Med"
"Fiat","Ducato","2008","Diesel",52286,2.8,"Med"
"Fiat","Ducato","2007","Diesel",50438,2.8,"Med"
"Fiat","Ducato","2006","Diesel",44947,2.8,"Med"
"Fiat","Ducato","2005","Diesel",41547,2.8,"Med"
"Fiat","Ducato","2004","Diesel",37811,2.8,"Med"
"Fiat","Ducato","2003","Diesel",31957,2.8,"Med"
"Fiat","Ducato","2002","Diesel",30273,2.8,"Med"
"Fiat","Ducato","2001","Diesel",26964,2.8,"Med"
"Fiat","Ducato","Zero KM","Diesel",130892,2.3,"Med"
"Fiat","Ducato","2018","Diesel",116947,2.3,"Med"
"Fiat","Ducato","Zero KM","Diesel",118661,2.3,"Med"
"Fiat","Ducato","2017","Diesel",99125,2.3,"Med"
"Fiat","Ducato","2016","Diesel",89149,2.3,"Med"
"Fiat","Ducato","2015","Diesel",83958,2.3,"Med"
"Fiat","Ducato","2014","Diesel",78392,2.3,"Med"
"Fiat","Ducato","2013","Diesel",72665,2.3,"Med"
"Fiat","Ducato","2012","Diesel",66815,2.3,"Med"
"Fiat","Ducato","2011","Diesel",62208,2.3,"Med"
"Fiat","Ducato","2010","Diesel",59450,2.3,"Med"
"Fiat","Ducato","1998","Diesel",20453,2.5,"Med"
"Fiat","Ducato-10","1999","Diesel",24120,2.5,"Med"
"Fiat","Ducato-10","1998","Diesel",21217,2.5,"Med"
"Fiat","Ducato-10","1997","Diesel",19847,2.5,"Med"
"Fiat","Ducato-15","2002","Diesel",28098,2.8,"Med"
"Fiat","Ducato-15","2001","Diesel",26398,2.8,"Med"
"Fiat","Ducato-15","2000","Diesel",25616,2.8,"Med"
"Fiat","Ducato-15","1999","Diesel",24710,2.8,"Med"
"Fiat","Ducato-15","1998","Diesel",21968,2.8,"Med"
"Fiat","Ducato-15","2000","Diesel",24762,2.8,"Med"
"Fiat","Ducato-15","1999","Diesel",23774,2.8,"Med"
"Fiat","Ducato-15","1998","Diesel",19336,2.8,"Med"
"Fiat","Ducato-8","1999","Diesel",19446,2.5,"Med"
"Fiat","Ducato-8","1998","Diesel",15828,2.5,"Med"
"Fiat","Ducato-8","1997","Diesel",14068,2.5,"Med"
"Fiat","Duna","1995","Gasoline",6291,1.6,"Med"
"Fiat","Duna","1994","Gasoline",4401,1.6,"Med"
"Fiat","Elba","1996","Gasoline",7603,1.6,"Med"
"Fiat","Elba","1996","Gasoline",7603,1.6,"Med"
"Fiat","Elba","1995","Gasoline",7248,1.6,"Med"
"Fiat","Elba","1994","Gasoline",7028,1.6,"Med"
"Fiat","Elba","1993","Gasoline",6131,1.6,"Med"
"Fiat","Elba","1992","Gasoline",5932,1.6,"Med"
"Fiat","Elba","1991","Gasoline",5453,1.6,"Med"
"Fiat","Elba","1990","Gasoline",4960,1.6,"Med"
"Fiat","Elba","1989","Gasoline",4783,1.6,"Med"
"Fiat","Elba","1988","Gasoline",4607,1.6,"Med"
"Fiat","Elba","1992","Gasoline",5766,1.6,"Med"
"Fiat","Elba","1991","Gasoline",4931,1.6,"Med"
"Fiat","Elba","1990","Gasoline",4475,1.6,"Med"
"Fiat","Elba","1989","Gasoline",4340,1.6,"Med"
"Fiat","Elba","1988","Gasoline",4199,1.6,"Med"
"Fiat","Elba","1987","Gasoline",3807,1.6,"Med"
"Fiat","Elba","1986","Gasoline",3689,1.6,"Med"
"Fiat","Elba","1985","Gasoline",3417,1.6,"Med"
"Fiat","Elba","1992","Gasoline",5347,1.6,"Med"
"Fiat","Elba","1991","Gasoline",4642,1.6,"Med"
"Fiat","Elba","1990","Gasoline",4264,1.6,"Med"
"Fiat","Elba","1989","Gasoline",4136,1.6,"Med"
"Fiat","Elba","1988","Gasoline",3999,1.6,"Med"
"Fiat","Elba","1987","Gasoline",3749,1.6,"Med"
"Fiat","Elba","1986","Gasoline",3594,1.6,"Med"
"Fiat","Elba","1985","Gasoline",3412,1.6,"Med"
"Fiat","Elba","1996","Gasoline",7440,1.5,"Med"
"Fiat","Elba","1996","Gasoline",7440,1.5,"Med"
"Fiat","Elba","1995","Gasoline",6733,1.5,"Med"
"Fiat","Elba","1995","Gasoline",6733,1.5,"Med"
"Fiat","Elba","1994","Gasoline",6487,1.5,"Med"
"Fiat","Elba","1993","Gasoline",5691,1.5,"Med"
"Fiat","Elba","1992","Gasoline",5482,1.5,"Med"
"Fiat","Elba","1991","Gasoline",4910,1.5,"Med"
"Fiat","Fiorino","2013","Gasoline",27230,1.5,"Med"
"Fiat","Fiorino","2012","Gasoline",24730,1.5,"Med"
"Fiat","Fiorino","2011","Gasoline",21897,1.5,"Med"
"Fiat","Fiorino","2010","Gasoline",20950,1.5,"Med"
"Fiat","Fiorino","2009","Gasoline",19745,1.5,"Med"
"Fiat","Fiorino","2008","Gasoline",17956,1.5,"Med"
"Fiat","Fiorino","2007","Gasoline",17150,1.5,"Med"
"Fiat","Fiorino","2006","Gasoline",15651,1.5,"Med"
"Fiat","Fiorino","2005","Gasoline",15170,1.5,"Med"
"Fiat","Fiorino","2004","Gasoline",13998,1.5,"Med"
"Fiat","Fiorino","2003","Gasoline",13495,1.5,"Med"
"Fiat","Fiorino","1994","Gasoline",8692,1.5,"Med"
"Fiat","Fiorino","1993","Gasoline",8415,1.5,"Med"
"Fiat","Fiorino","1992","Gasoline",7174,1.5,"Med"
"Fiat","Fiorino","1991","Gasoline",6769,1.5,"Med"
"Fiat","Fiorino","1990","Gasoline",6094,1.5,"Med"
"Fiat","Fiorino","1989","Gasoline",5603,1.5,"Med"
"Fiat","Fiorino","1988","Gasoline",4759,1.5,"Med"
"Fiat","Fiorino","1987","Gasoline",4605,1.5,"Med"
"Fiat","Fiorino","1986","Gasoline",4280,1.5,"Med"
"Fiat","Fiorino","1997","Gasoline",9745,1,"Med"
"Fiat","Fiorino","1996","Gasoline",9344,1,"Med"
"Fiat","Fiorino","1996","Gasoline",9344,1,"Med"
"Fiat","Fiorino","1995","Gasoline",8528,1,"Med"
"Fiat","Fiorino","1995","Gasoline",8528,1,"Med"
"Fiat","Fiorino","1994","Gasoline",7658,1,"Med"
"Fiat","Fiorino","1993","Gasoline",7210,1,"Med"
"Fiat","Fiorino","2005","Gasoline",20110,1.5,"Med"
"Fiat","Fiorino","2005","Gasoline",20110,1.5,"Med"
"Fiat","Fiorino","2004","Álcool",17231,1.5,"Med"
"Fiat","Fiorino","2003","Álcool",16695,1.5,"Med"
"Fiat","Fiorino","2002","Gasoline",11450,1.5,"Med"
"Fiat","Fiorino","2002","Gasoline",11450,1.5,"Med"
"Fiat","Fiorino","2001","Gasoline",11100,1.5,"Med"
"Fiat","Fiorino","2001","Gasoline",11100,1.5,"Med"
"Fiat","Fiorino","2000","Gasoline",10761,1.5,"Med"
"Fiat","Fiorino","1999","Gasoline",10441,1.5,"Med"
"Fiat","Fiorino","1998","Gasoline",10130,1.5,"Med"
"Fiat","Fiorino","1997","Gasoline",9748,1.5,"Med"
"Fiat","Fiorino","1996","Gasoline",9401,1.5,"Med"
"Fiat","Fiorino","1996","Gasoline",9401,1.5,"Med"
"Fiat","Fiorino","1995","Gasoline",8872,1.5,"Med"
"Fiat","Fiorino","1995","Gasoline",8872,1.5,"Med"
"Fiat","Fiorino","1994","Gasoline",7715,1.5,"Med"
"Fiat","Fiorino","1993","Gasoline",7444,1.5,"Med"
"Fiat","Fiorino","1992","Gasoline",6201,1.5,"Med"
"Fiat","Fiorino","2016","Gasoline",42558,1.4,"Med"
"Fiat","Fiorino","2015","Gasoline",37388,1.4,"Med"
"Fiat","Fiorino","2014","Gasoline",34571,1.4,"Med"
"Fiat","Fiorino","Zero KM","Gasoline",56193,1.4,"Med"
"Fiat","Fiorino","2018","Gasoline",45175,1.4,"Med"
"Fiat","Fiorino","2017","Gasoline",43038,1.4,"Med"
"Fiat","Fiorino","2016","Gasoline",40566,1.4,"Med"
"Fiat","Fiorino","2015","Gasoline",36301,1.4,"Med"
"Fiat","Fiorino","2014","Gasoline",33809,1.4,"Med"
"Fiat","Fiorino","Zero KM","Gasoline",61116,1.4,"Med"
"Fiat","Fiorino","2018","Gasoline",55784,1.4,"Med"
"Fiat","Fiorino","2017","Gasoline",54048,1.4,"Med"
"Fiat","Fiorino","1997","Gasoline",9080,1,"Med"
"Fiat","Fiorino","1996","Gasoline",8279,1,"Med"
"Fiat","Fiorino","1995","Gasoline",7724,1,"Med"
"Fiat","Fiorino","1994","Gasoline",6965,1,"Med"
"Fiat","Fiorino","1993","Gasoline",6225,1,"Med"
"Fiat","Fiorino","1997","Gasoline",9997,1.5,"Med"
"Fiat","Fiorino","1996","Gasoline",9179,1.5,"Med"
"Fiat","Fiorino","1996","Gasoline",9179,1.5,"Med"
"Fiat","Fiorino","1995","Gasoline",8790,1.5,"Med"
"Fiat","Fiorino","1995","Gasoline",8790,1.5,"Med"
"Fiat","Fiorino","1994","Gasoline",7887,1.5,"Med"
"Fiat","Fiorino","1993","Gasoline",7599,1.5,"Med"
"Fiat","Fiorino","1992","Gasoline",6995,1.5,"Med"
"Fiat","Fiorino","1991","Gasoline",5816,1.5,"Med"
"Fiat","Fiorino","1990","Gasoline",5518,1.5,"Med"
"Fiat","Fiorino","1989","Gasoline",5134,1.5,"Med"
"Fiat","Fiorino","1988","Gasoline",4354,1.5,"Med"
"Fiat","Fiorino","1999","Gasoline",10918,1.5,"Med"
"Fiat","Fiorino","1998","Gasoline",10000,1.5,"Med"
"Fiat","Fiorino","1997","Gasoline",9701,1.5,"Med"
"Fiat","Fiorino","1996","Gasoline",9394,1.5,"Med"
"Fiat","Fiorino","1995","Gasoline",8268,1.5,"Med"
"Fiat","Fiorino","1999","Gasoline",11018,1.5,"Med"
"Fiat","Fiorino","1998","Gasoline",10312,1.5,"Med"
"Fiat","Fiorino","1997","Gasoline",9898,1.5,"Med"
"Fiat","Fiorino","1996","Gasoline",7952,1.5,"Med"
"Fiat","FREEMONT","2016","Gasoline",91330,2.4,"Aut"
"Fiat","FREEMONT","2015","Gasoline",81129,2.4,"Aut"
"Fiat","FREEMONT","2014","Gasoline",72543,2.4,"Aut"
"Fiat","FREEMONT","2013","Gasoline",63698,2.4,"Aut"
"Fiat","FREEMONT","2012","Gasoline",53756,2.4,"Aut"
"Fiat","Grand","Zero KM","Gasoline",49327,1.4,"Med"
"Fiat","Grand","2018","Gasoline",45899,1.4,"Med"
"Fiat","Grand","2017","Gasoline",44422,1.4,"Med"
"Fiat","Grand","2016","Gasoline",40493,1.4,"Med"
"Fiat","Grand","2015","Gasoline",38405,1.4,"Med"
"Fiat","Grand","2014","Gasoline",36131,1.4,"Med"
"Fiat","Grand","2013","Gasoline",33522,1.4,"Med"
"Fiat","Grand","2012","Gasoline",30213,1.4,"Med"
"Fiat","Grand","Zero KM","Gasoline",42600,1,"Med"
"Fiat","Grand","2018","Gasoline",40549,1,"Med"
"Fiat","Grand","2017","Gasoline",39155,1,"Med"
"Fiat","Grand","2015","Gasoline",40065,1.6,"Med"
"Fiat","Grand","Zero KM","Gasoline",62775,1.6,"Med"
"Fiat","Grand","2018","Gasoline",56255,1.6,"Med"
"Fiat","Grand","2017","Gasoline",49903,1.6,"Med"
"Fiat","Grand","2016","Gasoline",45342,1.6,"Med"
"Fiat","Grand","2015","Gasoline",41900,1.6,"Med"
"Fiat","Grand","2014","Gasoline",40189,1.6,"Med"
"Fiat","Grand","2013","Gasoline",38387,1.6,"Med"
"Fiat","Grand","Zero KM","Gasoline",66882,1.6,"Med"
"Fiat","Grand","2018","Gasoline",57541,1.6,"Med"
"Fiat","Grand","2017","Gasoline",50605,1.6,"Med"
"Fiat","Grand","2016","Gasoline",45030,1.6,"Med"
"Fiat","Grand","2015","Gasoline",41319,1.6,"Med"
"Fiat","Grand","2014","Gasoline",37859,1.6,"Med"
"Fiat","Grand","Zero KM","Gasoline",54804,1.6,"Med"
"Fiat","Grand","2018","Gasoline",49170,1.6,"Med"
"Fiat","Grand","2017","Gasoline",47410,1.6,"Med"
"Fiat","Grand","2016","Gasoline",43049,1.6,"Med"
"Fiat","Grand","2015","Gasoline",39689,1.6,"Med"
"Fiat","Grand","2014","Gasoline",36341,1.6,"Med"
"Fiat","Grand","2013","Gasoline",34445,1.6,"Med"
"Fiat","Grand","2012","Gasoline",30020,1.6,"Med"
"Fiat","Grand","Zero KM","Gasoline",60833,1.6,"Med"
"Fiat","Grand","2018","Gasoline",55215,1.6,"Med"
"Fiat","Grand","2017","Gasoline",51799,1.6,"Med"
"Fiat","Grand","2016","Gasoline",45005,1.6,"Med"
"Fiat","Grand","2015","Gasoline",41198,1.6,"Med"
"Fiat","Grand","2014","Gasoline",37676,1.6,"Med"
"Fiat","Grand","2013","Gasoline",35098,1.6,"Med"
"Fiat","Grand","2012","Gasoline",30699,1.6,"Med"
"Fiat","Grand","2015","Gasoline",38938,1.6,"Med"
"Fiat","Grand","2016","Gasoline",45400,1.4,"Med"
"Fiat","Grand","2015","Gasoline",40328,1.4,"Med"
"Fiat","Grand","2014","Gasoline",35595,1.4,"Med"
"Fiat","Grand","2013","Gasoline",32758,1.4,"Med"
"Fiat","Idea","2016","Gasoline",59749,1.8,"Med"
"Fiat","Idea","2016","Gasoline",53880,1.8,"Med"
"Fiat","Idea","2015","Gasoline",45798,1.8,"Med"
"Fiat","Idea","2014","Gasoline",41171,1.8,"Med"
"Fiat","Idea","2013","Gasoline",36441,1.8,"Med"
"Fiat","Idea","2012","Gasoline",33478,1.8,"Med"
"Fiat","Idea","2011","Gasoline",31659,1.8,"Med"
"Fiat","Idea","2010","Gasoline",28894,1.8,"Med"
"Fiat","Idea","2016","Gasoline",51315,1.8,"Med"
"Fiat","Idea","2016","Gasoline",50681,1.8,"Med"
"Fiat","Idea","2015","Gasoline",45525,1.8,"Med"
"Fiat","Idea","2014","Gasoline",40660,1.8,"Med"
"Fiat","Idea","2013","Gasoline",36333,1.8,"Med"
"Fiat","Idea","2012","Gasoline",33120,1.8,"Med"
"Fiat","Idea","2011","Gasoline",31450,1.8,"Med"
"Fiat","Idea","2010","Gasoline",28805,1.8,"Med"
"Fiat","Idea","2009","Gasoline",26643,1.8,"Med"
"Fiat","Idea","2008","Gasoline",24528,1.8,"Med"
"Fiat","Idea","2007","Gasoline",23279,1.8,"Med"
"Fiat","Idea","2016","Gasoline",40678,1.4,"Med"
"Fiat","Idea","2015","Gasoline",37600,1.4,"Med"
"Fiat","Idea","2014","Gasoline",34899,1.4,"Med"
"Fiat","Idea","2013","Gasoline",31228,1.4,"Med"
"Fiat","Idea","2012","Gasoline",29662,1.4,"Med"
"Fiat","Idea","2011","Gasoline",27977,1.4,"Med"
"Fiat","Idea","2010","Gasoline",24148,1.4,"Med"
"Fiat","Idea","2009","Gasoline",23332,1.4,"Med"
"Fiat","Idea","2008","Gasoline",21793,1.4,"Med"
"Fiat","Idea","2007","Gasoline",20347,1.4,"Med"
"Fiat","Idea","2006","Gasoline",19672,1.4,"Med"
"Fiat","Idea","2010","Gasoline",24269,1.8,"Med"
"Fiat","Idea","2016","Gasoline",43126,1.6,"Med"
"Fiat","Idea","2015","Gasoline",40471,1.6,"Med"
"Fiat","Idea","2014","Gasoline",35970,1.6,"Med"
"Fiat","Idea","2013","Gasoline",32444,1.6,"Med"
"Fiat","Idea","2012","Gasoline",29715,1.6,"Med"
"Fiat","Idea","2011","Gasoline",28559,1.6,"Med"
"Fiat","Idea","2016","Gasoline",47078,1.6,"Med"
"Fiat","Idea","2015","Gasoline",43331,1.6,"Med"
"Fiat","Idea","2014","Gasoline",36667,1.6,"Med"
"Fiat","Idea","2013","Gasoline",32695,1.6,"Med"
"Fiat","Idea","2012","Gasoline",29779,1.6,"Med"
"Fiat","Idea","2011","Gasoline",27413,1.6,"Med"
"Fiat","Idea","2016","Gasoline",50023,1.6,"Med"
"Fiat","Idea","2015","Gasoline",44085,1.6,"Med"
"Fiat","Idea","2014","Gasoline",42654,1.6,"Med"
"Fiat","Idea","2016","Gasoline",53754,1.6,"Med"
"Fiat","Idea","2015","Gasoline",49433,1.6,"Med"
"Fiat","Idea","2014","Gasoline",45673,1.6,"Med"
"Fiat","Idea","2010","Gasoline",26625,1.8,"Med"
"Fiat","Idea","2009","Gasoline",25785,1.8,"Med"
"Fiat","Idea","2008","Gasoline",22409,1.8,"Med"
"Fiat","Idea","2007","Gasoline",21662,1.8,"Med"
"Fiat","Idea","2006","Gasoline",20144,1.8,"Med"
"Fiat","Idea","2012","Gasoline",31956,1.8,"Med"
"Fiat","Idea","2011","Gasoline",30800,1.8,"Med"
"Fiat","Idea","2012","Gasoline",32900,1.8,"Med"
"Fiat","Idea","2011","Gasoline",31039,1.8,"Med"
"Fiat","LINEA","2011","Gasoline",28204,1.9,"Med"
"Fiat","LINEA","2010","Gasoline",26792,1.9,"Med"
"Fiat","LINEA","2009","Gasoline",25206,1.9,"Med"
"Fiat","LINEA","2011","Gasoline",28366,1.9,"Med"
"Fiat","LINEA","2010","Gasoline",26823,1.9,"Med"
"Fiat","LINEA","2009","Gasoline",25303,1.9,"Med"
"Fiat","LINEA","2016","Gasoline",53797,1.9,"Med"
"Fiat","LINEA","2015","Gasoline",47594,1.9,"Med"
"Fiat","LINEA","2014","Gasoline",44150,1.9,"Med"
"Fiat","LINEA","2013","Gasoline",38270,1.9,"Med"
"Fiat","LINEA","2012","Gasoline",33631,1.9,"Med"
"Fiat","LINEA","2011","Gasoline",30335,1.9,"Med"
"Fiat","LINEA","2010","Gasoline",27531,1.9,"Med"
"Fiat","LINEA","2009","Gasoline",25227,1.9,"Med"
"Fiat","LINEA","2014","Gasoline",43778,1.8,"Med"
"Fiat","LINEA","2013","Gasoline",37322,1.8,"Med"
"Fiat","LINEA","2014","Gasoline",43939,1.8,"Med"
"Fiat","LINEA","2013","Gasoline",37811,1.8,"Med"
"Fiat","LINEA","2016","Gasoline",46529,1.8,"Med"
"Fiat","LINEA","2015","Gasoline",43369,1.8,"Med"
"Fiat","LINEA","2014","Gasoline",39194,1.8,"Med"
"Fiat","LINEA","2013","Gasoline",34967,1.8,"Med"
"Fiat","LINEA","2012","Gasoline",31767,1.8,"Med"
"Fiat","LINEA","2016","Gasoline",52001,1.8,"Med"
"Fiat","LINEA","2015","Gasoline",44321,1.8,"Med"
"Fiat","LINEA","2014","Gasoline",39945,1.8,"Med"
"Fiat","LINEA","2013","Gasoline",35253,1.8,"Med"
"Fiat","LINEA","2012","Gasoline",32286,1.8,"Med"
"Fiat","LINEA","2011","Gasoline",28415,1.9,"Med"
"Fiat","LINEA","2010","Gasoline",26404,1.9,"Med"
"Fiat","LINEA","2011","Gasoline",28593,1.9,"Med"
"Fiat","LINEA","2010","Gasoline",26200,1.9,"Med"
"Fiat","LINEA","2012","Gasoline",37425,1.4,"Med"
"Fiat","LINEA","2011","Gasoline",34370,1.4,"Med"
"Fiat","LINEA","2010","Gasoline",32355,1.4,"Med"
"Fiat","LINEA","2009","Gasoline",26822,1.4,"Med"
"Fiat","Marea","2007","Gasoline",18088,1.8,"Med"
"Fiat","Marea","2006","Gasoline",15945,1.8,"Med"
"Fiat","Marea","2005","Gasoline",15362,1.8,"Med"
"Fiat","Marea","2004","Gasoline",13338,1.8,"Med"
"Fiat","Marea","2003","Gasoline",12495,1.8,"Med"
"Fiat","Marea","2000","Gasoline",9711,2,"Med"
"Fiat","Marea","1999","Gasoline",9385,2,"Med"
"Fiat","Marea","1998","Gasoline",8410,2,"Med"
"Fiat","Marea","2003","Gasoline",13858,2.4,"Med"
"Fiat","Marea","2002","Gasoline",12274,2.4,"Med"
"Fiat","Marea","2001","Gasoline",9971,2.4,"Med"
"Fiat","Marea","2000","Gasoline",10500,2,"Med"
"Fiat","Marea","1999","Gasoline",9787,2,"Med"
"Fiat","Marea","1998","Gasoline",8563,2,"Med"
"Fiat","Marea","2007","Gasoline",20388,2.4,"Aut"
"Fiat","Marea","2006","Gasoline",19701,2.4,"Aut"
"Fiat","Marea","2005","Gasoline",18460,2.4,"Aut"
"Fiat","Marea","2004","Gasoline",16960,2.4,"Aut"
"Fiat","Marea","2003","Gasoline",15473,2.4,"Aut"
"Fiat","Marea","2002","Gasoline",14515,2.4,"Aut"
"Fiat","Marea","2002","Gasoline",13454,2.4,"Med"
"Fiat","Marea","2001","Gasoline",10875,2.4,"Med"
"Fiat","Marea","2007","Gasoline",15712,1.6,"Med"
"Fiat","Marea","2006","Gasoline",15212,1.6,"Med"
"Fiat","Marea","2005","Gasoline",14074,1.8,"Med"
"Fiat","Marea","2004","Gasoline",13193,1.8,"Med"
"Fiat","Marea","2003","Gasoline",12646,1.8,"Med"
"Fiat","Marea","2002","Gasoline",11574,1.8,"Med"
"Fiat","Marea","2001","Gasoline",10065,1.8,"Med"
"Fiat","Marea","2000","Gasoline",8370,1.8,"Med"
"Fiat","Marea","1999","Gasoline",7701,1.8,"Med"
"Fiat","Marea","2000","Gasoline",9462,2,"Med"
"Fiat","Marea","1999","Gasoline",9095,2,"Med"
"Fiat","Marea","1998","Gasoline",6897,2,"Med"
"Fiat","Marea","2007","Gasoline",29355,2,"Med"
"Fiat","Marea","2006","Gasoline",28000,2,"Med"
"Fiat","Marea","2005","Gasoline",23434,2,"Med"
"Fiat","Marea","2004","Gasoline",20469,2,"Med"
"Fiat","Marea","2003","Gasoline",19808,2,"Med"
"Fiat","Marea","2002","Gasoline",19199,2,"Med"
"Fiat","Marea","2001","Gasoline",18019,2,"Med"
"Fiat","Marea","2000","Gasoline",17256,2,"Med"
"Fiat","Marea","1999","Gasoline",14688,2,"Med"
"Fiat","Marea","1998","Gasoline",11934,2,"Med"
"Fiat","Marea","2007","Gasoline",20309,1.8,"Med"
"Fiat","Marea","2006","Gasoline",18217,1.8,"Med"
"Fiat","Marea","2005","Gasoline",17420,1.8,"Med"
"Fiat","Marea","2004","Gasoline",15274,1.8,"Med"
"Fiat","Marea","2003","Gasoline",12842,1.8,"Med"
"Fiat","Marea","2000","Gasoline",10983,2,"Med"
"Fiat","Marea","1999","Gasoline",9998,2,"Med"
"Fiat","Marea","1998","Gasoline",9685,2,"Med"
"Fiat","Marea","2003","Gasoline",13945,2.4,"Med"
"Fiat","Marea","2002","Gasoline",13407,2.4,"Med"
"Fiat","Marea","2001","Gasoline",12746,2.4,"Med"
"Fiat","Marea","2000","Gasoline",10906,2,"Med"
"Fiat","Marea","1999","Gasoline",10024,2,"Med"
"Fiat","Marea","1998","Gasoline",9291,2,"Med"
"Fiat","Marea","2007","Gasoline",23159,2.4,"Aut"
"Fiat","Marea","2006","Gasoline",20309,2.4,"Aut"
"Fiat","Marea","2005","Gasoline",19069,2.4,"Aut"
"Fiat","Marea","2004","Gasoline",17977,2.4,"Aut"
"Fiat","Marea","2003","Gasoline",15601,2.4,"Aut"
"Fiat","Marea","2002","Gasoline",14931,2.4,"Aut"
"Fiat","Marea","2003","Gasoline",14995,2.4,"Med"
"Fiat","Marea","2002","Gasoline",14458,2.4,"Med"
"Fiat","Marea","2001","Gasoline",13367,2.4,"Med"
"Fiat","Marea","2007","Gasoline",19168,1.6,"Med"
"Fiat","Marea","2006","Gasoline",17949,1.6,"Med"
"Fiat","Marea","2005","Gasoline",17204,1.8,"Med"
"Fiat","Marea","2004","Gasoline",12797,1.8,"Med"
"Fiat","Marea","2003","Gasoline",11129,1.8,"Med"
"Fiat","Marea","2002","Gasoline",10744,1.8,"Med"
"Fiat","Marea","2001","Gasoline",10013,1.8,"Med"
"Fiat","Marea","2000","Gasoline",9079,1.8,"Med"
"Fiat","Marea","1999","Gasoline",7972,1.8,"Med"
"Fiat","Marea","2000","Gasoline",11130,2,"Med"
"Fiat","Marea","1999","Gasoline",9616,2,"Med"
"Fiat","Marea","1998","Gasoline",8745,2,"Med"
"Fiat","Marea","2007","Gasoline",29608,2,"Med"
"Fiat","Marea","2006","Gasoline",28324,2,"Med"
"Fiat","Marea","2005","Gasoline",24278,2,"Med"
"Fiat","Marea","2004","Gasoline",22927,2,"Med"
"Fiat","Marea","2003","Gasoline",22090,2,"Med"
"Fiat","Marea","2002","Gasoline",21395,2,"Med"
"Fiat","Marea","2001","Gasoline",19898,2,"Med"
"Fiat","Marea","2000","Gasoline",18564,2,"Med"
"Fiat","Marea","1999","Gasoline",15229,2,"Med"
"Fiat","Marea","1998","Gasoline",13804,2,"Med"
"Fiat","MOBI","Zero KM","Gasoline",39767,1,"Med"
"Fiat","MOBI","2018","Gasoline",37385,1,"Med"
"Fiat","MOBI","2017","Gasoline",36176,1,"Med"
"Fiat","MOBI","Zero KM","Gasoline",32020,1,"Med"
"Fiat","MOBI","2018","Gasoline",29451,1,"Med"
"Fiat","MOBI","2017","Gasoline",28458,1,"Med"
"Fiat","MOBI","2017","Gasoline",33120,1,"Med"
"Fiat","MOBI","Zero KM","Gasoline",37963,1,"Med"
"Fiat","MOBI","2018","Gasoline",34799,1,"Med"
"Fiat","MOBI","2017","Gasoline",33694,1,"Med"
"Fiat","MOBI","2017","Gasoline",36835,1,"Med"
"Fiat","MOBI","Zero KM","Gasoline",39529,1,"Med"
"Fiat","MOBI","2018","Gasoline",36189,1,"Med"
"Fiat","MOBI","2017","Gasoline",35021,1,"Med"
"Fiat","MOBI","2017","Gasoline",39724,1,"Med"
"Fiat","Palio","2014","Gasoline",25478,1,"Med"
"Fiat","Palio","2013","Gasoline",23484,1,"Med"
"Fiat","Palio","2012","Gasoline",22255,1,"Med"
"Fiat","Palio","2011","Gasoline",21250,1,"Med"
"Fiat","Palio","2010","Gasoline",19607,1,"Med"
"Fiat","Palio","2009","Gasoline",18327,1,"Med"
"Fiat","Palio","2014","Gasoline",23350,1,"Med"
"Fiat","Palio","2013","Gasoline",22430,1,"Med"
"Fiat","Palio","2012","Gasoline",21566,1,"Med"
"Fiat","Palio","2011","Gasoline",18935,1,"Med"
"Fiat","Palio","2010","Gasoline",17753,1,"Med"
"Fiat","Palio","2009","Gasoline",16057,1,"Med"
"Fiat","Palio","2014","Gasoline",21311,1,"Med"
"Fiat","Palio","2013","Gasoline",20464,1,"Med"
"Fiat","Palio","2012","Gasoline",19265,1,"Med"
"Fiat","Palio","2011","Gasoline",17794,1,"Med"
"Fiat","Palio","2010","Gasoline",17153,1,"Med"
"Fiat","Palio","2009","Gasoline",15556,1,"Med"
"Fiat","Palio","2014","Gasoline",24211,1,"Med"
"Fiat","Palio","2013","Gasoline",23431,1,"Med"
"Fiat","Palio","2012","Gasoline",22099,1,"Med"
"Fiat","Palio","2011","Gasoline",21201,1,"Med"
"Fiat","Palio","2010","Gasoline",19585,1,"Med"
"Fiat","Palio","2009","Gasoline",18214,1,"Med"
"Fiat","Palio","2016","Gasoline",25275,1,"Med"
"Fiat","Palio","2015","Gasoline",23941,1,"Med"
"Fiat","Palio","2014","Gasoline",22931,1,"Med"
"Fiat","Palio","2009","Gasoline",15583,1,"Med"
"Fiat","Palio","2008","Gasoline",14958,1,"Med"
"Fiat","Palio","2007","Gasoline",14170,1,"Med"
"Fiat","Palio","2006","Gasoline",13218,1,"Med"
"Fiat","Palio","2005","Gasoline",12568,1,"Med"
"Fiat","Palio","2004","Gasoline",11739,1,"Med"
"Fiat","Palio","2003","Gasoline",11187,1,"Med"
"Fiat","Palio","2017","Gasoline",28458,1,"Med"
"Fiat","Palio","2016","Gasoline",27515,1,"Med"
"Fiat","Palio","2015","Gasoline",26632,1,"Med"
"Fiat","Palio","2014","Gasoline",24783,1,"Med"
"Fiat","Palio","2009","Gasoline",18220,1,"Med"
"Fiat","Palio","2008","Gasoline",17635,1,"Med"
"Fiat","Palio","2007","Gasoline",16491,1,"Med"
"Fiat","Palio","2006","Gasoline",14622,1,"Med"
"Fiat","Palio","2005","Gasoline",13977,1,"Med"
"Fiat","Palio","2004","Gasoline",12785,1,"Med"
"Fiat","Palio","2003","Gasoline",12332,1,"Med"
"Fiat","Palio","2003","Álcool",11710,1.5,"Med"
"Fiat","Palio","2002","Álcool",9055,1.5,"Med"
"Fiat","Palio","2003","Álcool",12245,1.5,"Med"
"Fiat","Palio","2002","Álcool",9622,1.5,"Med"
"Fiat","Palio","2000","Gasoline",10244,1.6,"Med"
"Fiat","Palio","1999","Gasoline",9468,1.6,"Med"
"Fiat","Palio","1998","Gasoline",8876,1.6,"Med"
"Fiat","Palio","1997","Gasoline",8611,1.6,"Med"
"Fiat","Palio","1996","Gasoline",7177,1.6,"Med"
"Fiat","Palio","2000","Gasoline",10383,1.6,"Med"
"Fiat","Palio","1999","Gasoline",9893,1.6,"Med"
"Fiat","Palio","1998","Gasoline",9453,1.6,"Med"
"Fiat","Palio","1997","Gasoline",8832,1.6,"Med"
"Fiat","Palio","1996","Gasoline",8269,1.6,"Med"
"Fiat","Palio","2010","Gasoline",25429,1.8,"Med"
"Fiat","Palio","2009","Gasoline",24010,1.8,"Med"
"Fiat","Palio","2008","Gasoline",20540,1.8,"Med"
"Fiat","Palio","2007","Gasoline",19784,1.8,"Med"
"Fiat","Palio","2010","Gasoline",25845,1.8,"Med"
"Fiat","Palio","2009","Gasoline",24895,1.8,"Med"
"Fiat","Palio","2008","Gasoline",22020,1.8,"Med"
"Fiat","Palio","2007","Gasoline",20734,1.8,"Med"
"Fiat","Palio","2006","Gasoline",19652,1.8,"Med"
"Fiat","Palio","2016","Gasoline",35723,1,"Med"
"Fiat","Palio","2015","Gasoline",31766,1,"Med"
"Fiat","Palio","2016","Gasoline",35747,1.4,"Med"
"Fiat","Palio","2015","Gasoline",34190,1.4,"Med"
"Fiat","Palio","2017","Gasoline",39570,1.4,"Med"
"Fiat","Palio","2016","Gasoline",36698,1.4,"Med"
"Fiat","Palio","2015","Gasoline",32632,1.4,"Med"
"Fiat","Palio","2014","Gasoline",31443,1.4,"Med"
"Fiat","Palio","2013","Gasoline",29967,1.4,"Med"
"Fiat","Palio","2012","Gasoline",28015,1.4,"Med"
"Fiat","Palio","2011","Gasoline",23990,1.4,"Med"
"Fiat","Palio","Zero KM","Gasoline",39588,1,"Med"
"Fiat","Palio","2017","Gasoline",36598,1,"Med"
"Fiat","Palio","2016","Gasoline",35269,1,"Med"
"Fiat","Palio","2015","Gasoline",33115,1,"Med"
"Fiat","Palio","2014","Gasoline",30587,1,"Med"
"Fiat","Palio","2013","Gasoline",28494,1,"Med"
"Fiat","Palio","2012","Gasoline",27327,1,"Med"
"Fiat","Palio","2016","Gasoline",27334,1,"Med"
"Fiat","Palio","2015","Gasoline",25298,1,"Med"
"Fiat","Palio","2014","Gasoline",24289,1,"Med"
"Fiat","Palio","2009","Gasoline",17147,1,"Med"
"Fiat","Palio","2008","Gasoline",15489,1,"Med"
"Fiat","Palio","2007","Gasoline",14829,1,"Med"
"Fiat","Palio","2016","Gasoline",28900,1,"Med"
"Fiat","Palio","2015","Gasoline",25589,1,"Med"
"Fiat","Palio","2014","Gasoline",24745,1,"Med"
"Fiat","Palio","2009","Gasoline",19204,1,"Med"
"Fiat","Palio","2008","Gasoline",17215,1,"Med"
"Fiat","Palio","2007","Gasoline",16565,1,"Med"
"Fiat","Palio","2003","Gasoline",12809,1.3,"Med"
"Fiat","Palio","2002","Gasoline",12175,1.3,"Med"
"Fiat","Palio","2001","Gasoline",11396,1.3,"Med"
"Fiat","Palio","2000","Gasoline",10477,1.3,"Med"
"Fiat","Palio","2005","Gasoline",16604,1.3,"Med"
"Fiat","Palio","2004","Gasoline",15696,1.3,"Med"
"Fiat","Palio","2010","Gasoline",21993,1.4,"Med"
"Fiat","Palio","2009","Gasoline",20376,1.4,"Med"
"Fiat","Palio","2008","Gasoline",19423,1.4,"Med"
"Fiat","Palio","2007","Gasoline",17817,1.4,"Med"
"Fiat","Palio","2006","Gasoline",17212,1.4,"Med"
"Fiat","Palio","2001","Gasoline",11894,1.5,"Med"
"Fiat","Palio","2001","Gasoline",11894,1.5,"Med"
"Fiat","Palio","2000","Gasoline",10973,1.5,"Med"
"Fiat","Palio","2000","Gasoline",10973,1.5,"Med"
"Fiat","Palio","1999","Álcool",9657,1.5,"Med"
"Fiat","Palio","1999","Álcool",9657,1.5,"Med"
"Fiat","Palio","2000","Gasoline",11029,1.6,"Med"
"Fiat","Palio","1999","Gasoline",10209,1.6,"Med"
"Fiat","Palio","1998","Gasoline",8958,1.6,"Med"
"Fiat","Palio","2003","Gasoline",13837,1.6,"Med"
"Fiat","Palio","2002","Gasoline",13078,1.6,"Med"
"Fiat","Palio","2001","Gasoline",11796,1.6,"Med"
"Fiat","Palio","2010","Gasoline",22369,1.8,"Med"
"Fiat","Palio","2003","Gasoline",13740,1.8,"Med"
"Fiat","Palio","2010","Gasoline",21527,1.8,"Med"
"Fiat","Palio","2000","Gasoline",10675,1,"Med"
"Fiat","Palio","2000","Gasoline",10675,1,"Med"
"Fiat","Palio","1999","Gasoline",10217,1,"Med"
"Fiat","Palio","1999","Gasoline",10217,1,"Med"
"Fiat","Palio","1998","Álcool",8553,1,"Med"
"Fiat","Palio","1998","Álcool",8553,1,"Med"
"Fiat","Palio","Zero KM","Gasoline",47800,1.6,"Med"
"Fiat","Palio","2017","Gasoline",44056,1.6,"Med"
"Fiat","Palio","2016","Gasoline",41182,1.6,"Med"
"Fiat","Palio","2015","Gasoline",36150,1.6,"Med"
"Fiat","Palio","2014","Gasoline",33789,1.6,"Med"
"Fiat","Palio","2013","Gasoline",31384,1.6,"Med"
"Fiat","Palio","2012","Gasoline",29338,1.6,"Med"
"Fiat","Palio","2011","Gasoline",25215,1.6,"Med"
"Fiat","Palio","2017","Gasoline",47932,1.6,"Med"
"Fiat","Palio","2016","Gasoline",42740,1.6,"Med"
"Fiat","Palio","2015","Gasoline",37146,1.6,"Med"
"Fiat","Palio","2014","Gasoline",34384,1.6,"Med"
"Fiat","Palio","2013","Gasoline",31411,1.6,"Med"
"Fiat","Palio","2012","Gasoline",30302,1.6,"Med"
"Fiat","Palio","2011","Gasoline",25348,1.6,"Med"
"Fiat","Palio","2000","Gasoline",8679,1,"Med"
"Fiat","Palio","2000","Gasoline",8679,1,"Med"
"Fiat","Palio","1999","Gasoline",7909,1,"Med"
"Fiat","Palio","1999","Gasoline",7909,1,"Med"
"Fiat","Palio","1998","Gasoline",6806,1,"Med"
"Fiat","Palio","1998","Gasoline",6806,1,"Med"
"Fiat","Palio","2000","Gasoline",9325,1,"Med"
"Fiat","Palio","2000","Gasoline",9325,1,"Med"
"Fiat","Palio","1999","Gasoline",8749,1,"Med"
"Fiat","Palio","1999","Gasoline",8749,1,"Med"
"Fiat","Palio","1998","Gasoline",8425,1,"Med"
"Fiat","Palio","1998","Gasoline",8425,1,"Med"
"Fiat","Palio","2003","Gasoline",11989,1,"Med"
"Fiat","Palio","2002","Gasoline",11604,1,"Med"
"Fiat","Palio","2001","Gasoline",11041,1,"Med"
"Fiat","Palio","2008","Gasoline",14878,1,"Med"
"Fiat","Palio","2007","Gasoline",13653,1,"Med"
"Fiat","Palio","2006","Gasoline",12893,1,"Med"
"Fiat","Palio","2005","Gasoline",12492,1,"Med"
"Fiat","Palio","2004","Gasoline",11619,1,"Med"
"Fiat","Palio","2003","Gasoline",10695,1,"Med"
"Fiat","Palio","2002","Gasoline",10322,1,"Med"
"Fiat","Palio","2001","Gasoline",10002,1,"Med"
"Fiat","Palio","2004","Gasoline",13461,1.3,"Med"
"Fiat","Palio","2004","Gasoline",13461,1.3,"Med"
"Fiat","Palio","2003","Gasoline",10979,1.3,"Med"
"Fiat","Palio","2003","Gasoline",10979,1.3,"Med"
"Fiat","Palio","2003","Gasoline",13178,1.3,"Med"
"Fiat","Palio","2003","Gasoline",12813,1.8,"Med"
"Fiat","Palio","2003","Gasoline",10862,1,"Med"
"Fiat","Palio","2002","Gasoline",10522,1,"Med"
"Fiat","Palio","2003","Gasoline",12171,1,"Med"
"Fiat","Palio","2002","Gasoline",11174,1,"Med"
"Fiat","Palio","2004","Gasoline",15561,1.8,"Med"
"Fiat","Palio","2007","Gasoline",18425,1.8,"Med"
"Fiat","Palio","2006","Gasoline",17405,1.8,"Med"
"Fiat","Palio","2005","Gasoline",16612,1.8,"Med"
"Fiat","Palio","2004","Gasoline",15613,1.8,"Med"
"Fiat","Palio","2015","Gasoline",40195,1.6,"Med"
"Fiat","Palio","2014","Gasoline",37788,1.6,"Med"
"Fiat","Palio","2013","Gasoline",34951,1.6,"Med"
"Fiat","Palio","2015","Gasoline",43326,1.6,"Med"
"Fiat","Palio","2014","Gasoline",39423,1.6,"Med"
"Fiat","Palio","2013","Gasoline",36551,1.6,"Med"
"Fiat","Palio","Zero KM","Gasoline",50925,1.6,"Med"
"Fiat","Palio","2017","Gasoline",47105,1.6,"Med"
"Fiat","Palio","2016","Gasoline",45101,1.6,"Med"
"Fiat","Palio","2015","Gasoline",41035,1.6,"Med"
"Fiat","Palio","2014","Gasoline",37269,1.6,"Med"
"Fiat","Palio","2013","Gasoline",34202,1.6,"Med"
"Fiat","Palio","2012","Gasoline",32595,1.6,"Med"
"Fiat","Palio","2016","Gasoline",45288,1.6,"Med"
"Fiat","Palio","2016","Gasoline",47550,1.6,"Med"
"Fiat","Palio","Zero KM","Gasoline",54523,1.6,"Med"
"Fiat","Palio","2017","Gasoline",50216,1.6,"Med"
"Fiat","Palio","2016","Gasoline",45588,1.6,"Med"
"Fiat","Palio","2015","Gasoline",41099,1.6,"Med"
"Fiat","Palio","2014","Gasoline",37666,1.6,"Med"
"Fiat","Palio","2013","Gasoline",34532,1.6,"Med"
"Fiat","Palio","2012","Gasoline",32645,1.6,"Med"
"Fiat","Palio","2003","Gasoline",13657,1.6,"Med"
"Fiat","Palio","2002","Gasoline",13010,1.6,"Med"
"Fiat","Palio","2001","Gasoline",12320,1.6,"Med"
"Fiat","Palio","2012","Gasoline",39394,1.8,"Med"
"Fiat","Palio","2012","Gasoline",38695,1.8,"Med"
"Fiat","Palio","2017","Gasoline",32981,1,"Med"
"Fiat","Palio","2016","Gasoline",30110,1,"Med"
"Fiat","Palio","2015","Gasoline",29069,1,"Med"
"Fiat","Palio","2016","Gasoline",30156,1,"Med"
"Fiat","Palio","2015","Gasoline",28810,1,"Med"
"Fiat","Palio","2017","Gasoline",59371,1.8,"Med"
"Fiat","Palio","2016","Gasoline",53649,1.8,"Med"
"Fiat","Palio","2015","Gasoline",45884,1.8,"Med"
"Fiat","Palio","2014","Gasoline",38995,1.8,"Med"
"Fiat","Palio","2013","Gasoline",35854,1.8,"Med"
"Fiat","Palio","2012","Gasoline",33554,1.8,"Med"
"Fiat","Palio","2011","Gasoline",31254,1.8,"Med"
"Fiat","Palio","2012","Gasoline",36965,1.8,"Med"
"Fiat","Palio","Zero KM","Gasoline",76616,1.8,"Med"
"Fiat","Palio","2018","Gasoline",64898,1.8,"Med"
"Fiat","Palio","2017","Gasoline",58915,1.8,"Med"
"Fiat","Palio","2016","Gasoline",52149,1.8,"Med"
"Fiat","Palio","2015","Gasoline",45700,1.8,"Med"
"Fiat","Palio","2014","Gasoline",40801,1.8,"Med"
"Fiat","Palio","2013","Gasoline",35044,1.8,"Med"
"Fiat","Palio","2012","Gasoline",33790,1.8,"Med"
"Fiat","Palio","2011","Gasoline",31838,1.8,"Med"
"Fiat","Palio","2010","Gasoline",28392,1.8,"Med"
"Fiat","Palio","2009","Gasoline",26881,1.8,"Med"
"Fiat","Palio","2008","Gasoline",21695,1.8,"Med"
"Fiat","Palio","2007","Gasoline",20674,1.8,"Med"
"Fiat","Palio","2006","Gasoline",20041,1.8,"Med"
"Fiat","Palio","2005","Gasoline",18496,1.8,"Med"
"Fiat","Palio","2004","Gasoline",16351,1.8,"Med"
"Fiat","Palio","Zero KM","Gasoline",58742,1.4,"Med"
"Fiat","Palio","2018","Gasoline",51095,1.4,"Med"
"Fiat","Palio","2017","Gasoline",42420,1.4,"Med"
"Fiat","Palio","2016","Gasoline",37724,1.4,"Med"
"Fiat","Palio","2015","Gasoline",34936,1.4,"Med"
"Fiat","Palio","2014","Gasoline",33417,1.4,"Med"
"Fiat","Palio","2013","Gasoline",31130,1.4,"Med"
"Fiat","Palio","2012","Gasoline",29421,1.4,"Med"
"Fiat","Palio","2011","Gasoline",26466,1.4,"Med"
"Fiat","Palio","2010","Gasoline",24956,1.4,"Med"
"Fiat","Palio","2012","Gasoline",39664,1.8,"Med"
"Fiat","Palio","2017","Gasoline",60946,1.8,"Med"
"Fiat","Palio","2016","Gasoline",55159,1.8,"Med"
"Fiat","Palio","2015","Gasoline",49054,1.8,"Med"
"Fiat","Palio","2014","Gasoline",41287,1.8,"Med"
"Fiat","Palio","2013","Gasoline",38050,1.8,"Med"
"Fiat","Palio","2012","Gasoline",35346,1.8,"Med"
"Fiat","Palio","2011","Gasoline",32912,1.8,"Med"
"Fiat","Palio","2010","Gasoline",31162,1.8,"Med"
"Fiat","Palio","2000","Gasoline",10142,1,"Med"
"Fiat","Palio","1999","Gasoline",9743,1,"Med"
"Fiat","Palio","2004","Álcool",15312,1.5,"Med"
"Fiat","Palio","2003","Álcool",12458,1.5,"Med"
"Fiat","Palio","2000","Gasoline",11224,1.5,"Med"
"Fiat","Palio","2000","Gasoline",11224,1.5,"Med"
"Fiat","Palio","1999","Gasoline",10318,1.5,"Med"
"Fiat","Palio","1999","Gasoline",10318,1.5,"Med"
"Fiat","Palio","1998","Gasoline",9620,1.5,"Med"
"Fiat","Palio","1998","Gasoline",9620,1.5,"Med"
"Fiat","Palio","1997","Gasoline",8767,1.5,"Med"
"Fiat","Palio","1997","Gasoline",8767,1.5,"Med"
"Fiat","Palio","1999","Gasoline",11098,1.6,"Med"
"Fiat","Palio","1998","Gasoline",10016,1.6,"Med"
"Fiat","Palio","1997","Gasoline",9078,1.6,"Med"
"Fiat","Palio","2016","Gasoline",57951,1.8,"Med"
"Fiat","Palio","2016","Gasoline",54471,1.8,"Med"
"Fiat","Palio","2016","Gasoline",58836,1.8,"Med"
"Fiat","Palio","2016","Gasoline",55739,1.8,"Med"
"Fiat","Palio","2003","Gasoline",15008,1.6,"Med"
"Fiat","Palio","2002","Gasoline",14498,1.6,"Med"
"Fiat","Palio","2001","Gasoline",13916,1.6,"Med"
"Fiat","Palio","2000","Gasoline",11757,1.6,"Med"
"Fiat","Palio","1999","Gasoline",10709,1.6,"Med"
"Fiat","Palio","2004","Gasoline",17933,1.8,"Med"
"Fiat","Palio","2003","Gasoline",16203,1.8,"Med"
"Fiat","Palio","Zero KM","Gasoline",78801,1.8,"Med"
"Fiat","Palio","2018","Gasoline",67032,1.8,"Med"
"Fiat","Palio","2017","Gasoline",60205,1.8,"Med"
"Fiat","Palio","2016","Gasoline",52254,1.8,"Med"
"Fiat","Palio","2015","Gasoline",48000,1.8,"Med"
"Fiat","Palio","2014","Gasoline",40811,1.8,"Med"
"Fiat","Palio","2013","Gasoline",37144,1.8,"Med"
"Fiat","Palio","2012","Gasoline",34451,1.8,"Med"
"Fiat","Palio","2011","Gasoline",33202,1.8,"Med"
"Fiat","Palio","2010","Gasoline",30654,1.8,"Med"
"Fiat","Palio","2009","Gasoline",28800,1.8,"Med"
"Fiat","Palio","2000","Gasoline",10631,1.5,"Med"
"Fiat","Palio","2000","Gasoline",10631,1.5,"Med"
"Fiat","Palio","1999","Álcool",9236,1.5,"Med"
"Fiat","Palio","1999","Álcool",9236,1.5,"Med"
"Fiat","Palio","2003","Gasoline",13010,1,"Med"
"Fiat","Palio","2002","Gasoline",12101,1,"Med"
"Fiat","Palio","2001","Gasoline",11694,1,"Med"
"Fiat","Palio","2003","Gasoline",13089,1.3,"Med"
"Fiat","Palio","2002","Gasoline",12208,1.3,"Med"
"Fiat","Palio","2001","Gasoline",11725,1.3,"Med"
"Fiat","Palio","2000","Gasoline",10281,1.3,"Med"
"Fiat","Palio","2005","Gasoline",17174,1.3,"Med"
"Fiat","Palio","2010","Gasoline",25131,1.4,"Med"
"Fiat","Palio","2009","Gasoline",24261,1.4,"Med"
"Fiat","Palio","2008","Gasoline",21891,1.4,"Med"
"Fiat","Palio","2007","Gasoline",20112,1.4,"Med"
"Fiat","Palio","2006","Gasoline",19425,1.4,"Med"
"Fiat","Palio","2001","Gasoline",12571,1.5,"Med"
"Fiat","Palio","2001","Gasoline",12571,1.5,"Med"
"Fiat","Palio","2000","Gasoline",11505,1.5,"Med"
"Fiat","Palio","2000","Gasoline",11505,1.5,"Med"
"Fiat","Palio","1999","Álcool",10899,1.5,"Med"
"Fiat","Palio","1999","Álcool",10899,1.5,"Med"
"Fiat","Palio","1998","Gasoline",9742,1.5,"Med"
"Fiat","Palio","1998","Gasoline",9742,1.5,"Med"
"Fiat","Palio","2000","Gasoline",11698,1.6,"Med"
"Fiat","Palio","1999","Gasoline",11215,1.6,"Med"
"Fiat","Palio","1998","Gasoline",10606,1.6,"Med"
"Fiat","Palio","2004","Gasoline",15843,1.3,"Med"
"Fiat","Palio","2003","Gasoline",14249,1.3,"Med"
"Fiat","Palio","2000","Gasoline",10658,1.5,"Med"
"Fiat","Palio","2000","Gasoline",10658,1.5,"Med"
"Fiat","Palio","1999","Gasoline",9961,1.5,"Med"
"Fiat","Palio","1999","Gasoline",9961,1.5,"Med"
"Fiat","Palio","2004","Gasoline",15327,1.8,"Med"
"Fiat","Palio","2003","Gasoline",13739,1.8,"Med"
"Fiat","Palio","2008","Gasoline",20558,1.8,"Med"
"Fiat","Palio","2007","Gasoline",19878,1.8,"Med"
"Fiat","Palio","2006","Gasoline",18301,1.8,"Med"
"Fiat","Palio","2005","Gasoline",17128,1.8,"Med"
"Fiat","Palio","2000","Gasoline",11464,1.6,"Med"
"Fiat","Palio","1999","Gasoline",10222,1.6,"Med"
"Fiat","Palio","1998","Gasoline",9501,1.6,"Med"
"Fiat","Palio","1997","Gasoline",8932,1.6,"Med"
"Fiat","Palio","2003","Gasoline",13747,1.6,"Med"
"Fiat","Palio","2002","Gasoline",13140,1.6,"Med"
"Fiat","Palio","2001","Gasoline",12355,1.6,"Med"
"Fiat","Palio","2000","Gasoline",10788,1.6,"Med"
"Fiat","Palio","1999","Gasoline",10212,1.6,"Med"
"Fiat","Palio","1998","Gasoline",9485,1.6,"Med"
"Fiat","Palio","1997","Gasoline",8921,1.6,"Med"
"Fiat","Palio","2005","Gasoline",20031,1.8,"Med"
"Fiat","Palio","2004","Gasoline",15914,1.8,"Med"
"Fiat","Palio","2003","Gasoline",14863,1.8,"Med"
"Fiat","Palio","2011","Gasoline",26196,1.4,"Med"
"Fiat","Palio","2010","Gasoline",25080,1.4,"Med"
"Fiat","Palio","2009","Gasoline",24236,1.4,"Med"
"Fiat","Palio","2016","Gasoline",41208,1.6,"Med"
"Fiat","Palio","2015","Gasoline",37272,1.6,"Med"
"Fiat","Palio","2014","Gasoline",33712,1.6,"Med"
"Fiat","Palio","2013","Gasoline",30519,1.6,"Med"
"Fiat","Palio","2012","Gasoline",29304,1.6,"Med"
"Fiat","Palio","2011","Gasoline",28262,1.6,"Med"
"Fiat","Palio","2010","Gasoline",24544,1.8,"Med"
"Fiat","Palio","2002","Álcool",10934,1,"Med"
"Fiat","Palio","2001","Gasoline",9046,1,"Med"
"Fiat","Palio","2001","Gasoline",9046,1,"Med"
"Fiat","Palio","2002","Gasoline",10698,1,"Med"
"Fiat","Palio","2002","Gasoline",10698,1,"Med"
"Fiat","Palio","2001","Gasoline",10173,1,"Med"
"Fiat","Palio","2001","Gasoline",10173,1,"Med"
"Fiat","Palio","2002","Gasoline",9646,1,"Med"
"Fiat","Palio","2002","Gasoline",10007,1,"Med"
"Fiat","Premio","1994","Gasoline",5658,1.5,"Med"
"Fiat","Premio","1993","Gasoline",5479,1.5,"Med"
"Fiat","Premio","1992","Gasoline",4720,1.5,"Med"
"Fiat","Premio","1991","Gasoline",4500,1.5,"Med"
"Fiat","Premio","1990","Gasoline",4321,1.5,"Med"
"Fiat","Premio","1989","Gasoline",4105,1.5,"Med"
"Fiat","Premio","1988","Gasoline",3420,1.5,"Med"
"Fiat","Premio","1994","Gasoline",5217,1.6,"Med"
"Fiat","Premio","1993","Gasoline",5013,1.6,"Med"
"Fiat","Premio","1992","Gasoline",4172,1.6,"Med"
"Fiat","Premio","1991","Gasoline",3973,1.6,"Med"
"Fiat","Premio","1990","Gasoline",3832,1.6,"Med"
"Fiat","Premio","1989","Gasoline",3676,1.6,"Med"
"Fiat","Premio","1988","Gasoline",3416,1.6,"Med"
"Fiat","Premio","1987","Gasoline",3046,1.6,"Med"
"Fiat","Premio","1986","Gasoline",2944,1.6,"Med"
"Fiat","Premio","1985","Gasoline",2789,1.6,"Med"
"Fiat","Premio","1994","Gasoline",7295,1.6,"Med"
"Fiat","Premio","1993","Gasoline",7001,1.6,"Med"
"Fiat","Premio","1992","Gasoline",5832,1.6,"Med"
"Fiat","Premio","1991","Gasoline",5578,1.6,"Med"
"Fiat","Premio","1990","Gasoline",5411,1.6,"Med"
"Fiat","Premio","1989","Gasoline",5182,1.6,"Med"
"Fiat","Premio","1988","Gasoline",4399,1.6,"Med"
"Fiat","Premio","1994","Gasoline",5710,1.6,"Med"
"Fiat","Premio","1993","Gasoline",5485,1.6,"Med"
"Fiat","Premio","1992","Gasoline",5189,1.6,"Med"
"Fiat","Premio","1991","Gasoline",4826,1.6,"Med"
"Fiat","Premio","1990","Gasoline",4631,1.6,"Med"
"Fiat","Premio","1989","Gasoline",4493,1.6,"Med"
"Fiat","Premio","1988","Gasoline",4171,1.6,"Med"
"Fiat","Premio","1987","Gasoline",3761,1.6,"Med"
"Fiat","Premio","1986","Gasoline",3339,1.6,"Med"
"Fiat","Premio","1993","Gasoline",4426,1.5,"Med"
"Fiat","Premio","1992","Gasoline",3865,1.5,"Med"
"Fiat","Premio","1991","Gasoline",3681,1.5,"Med"
"Fiat","Premio","1990","Gasoline",3485,1.5,"Med"
"Fiat","Premio","1989","Gasoline",3244,1.5,"Med"
"Fiat","Premio","1988","Gasoline",2886,1.5,"Med"
"Fiat","Premio","1987","Gasoline",2651,1.5,"Med"
"Fiat","Premio","1986","Gasoline",2570,1.5,"Med"
"Fiat","Premio","1985","Gasoline",2485,1.5,"Med"
"Fiat","Punto","2011","Gasoline",25563,1.4,"Med"
"Fiat","Punto","2010","Gasoline",24768,1.4,"Med"
"Fiat","Punto","2009","Gasoline",23937,1.4,"Med"
"Fiat","Punto","2008","Gasoline",22181,1.4,"Med"
"Fiat","Punto","2011","Gasoline",26671,1.4,"Med"
"Fiat","Punto","2010","Gasoline",24919,1.4,"Med"
"Fiat","Punto","2009","Gasoline",24047,1.4,"Med"
"Fiat","Punto","2008","Gasoline",22213,1.4,"Med"
"Fiat","Punto","2017","Gasoline",45500,1.4,"Med"
"Fiat","Punto","2016","Gasoline",39302,1.4,"Med"
"Fiat","Punto","2015","Gasoline",38101,1.4,"Med"
"Fiat","Punto","2014","Gasoline",35631,1.4,"Med"
"Fiat","Punto","2013","Gasoline",32555,1.4,"Med"
"Fiat","Punto","2012","Gasoline",29752,1.4,"Med"
"Fiat","Punto","2011","Gasoline",27545,1.4,"Med"
"Fiat","Punto","2017","Gasoline",45530,1.4,"Med"
"Fiat","Punto","2016","Gasoline",39622,1.4,"Med"
"Fiat","Punto","2015","Gasoline",38294,1.4,"Med"
"Fiat","Punto","2013","Gasoline",32561,1.4,"Med"
"Fiat","Punto","2012","Gasoline",30009,1.4,"Med"
"Fiat","Punto","2017","Gasoline",54088,1.8,"Med"
"Fiat","Punto","2016","Gasoline",49294,1.8,"Med"
"Fiat","Punto","2015","Gasoline",45581,1.8,"Med"
"Fiat","Punto","2014","Gasoline",40866,1.8,"Med"
"Fiat","Punto","2017","Gasoline",61651,1.8,"Med"
"Fiat","Punto","2016","Gasoline",52628,1.8,"Med"
"Fiat","Punto","2015","Gasoline",45707,1.8,"Med"
"Fiat","Punto","2014","Gasoline",40935,1.8,"Med"
"Fiat","Punto","2017","Gasoline",49418,1.6,"Med"
"Fiat","Punto","2016","Gasoline",45025,1.6,"Med"
"Fiat","Punto","2015","Gasoline",40079,1.6,"Med"
"Fiat","Punto","2014","Gasoline",35279,1.6,"Med"
"Fiat","Punto","2013","Gasoline",33346,1.6,"Med"
"Fiat","Punto","2012","Gasoline",30745,1.6,"Med"
"Fiat","Punto","2011","Gasoline",28178,1.6,"Med"
"Fiat","Punto","2012","Gasoline",30887,1.8,"Med"
"Fiat","Punto","2011","Gasoline",28312,1.8,"Med"
"Fiat","Punto","2017","Gasoline",51048,1.6,"Med"
"Fiat","Punto","2016","Gasoline",45261,1.6,"Med"
"Fiat","Punto","2015","Gasoline",41332,1.6,"Med"
"Fiat","Punto","2014","Gasoline",35295,1.6,"Med"
"Fiat","Punto","2013","Gasoline",33741,1.6,"Med"
"Fiat","Punto","2012","Gasoline",31515,1.6,"Med"
"Fiat","Punto","2011","Gasoline",28539,1.6,"Med"
"Fiat","Punto","2012","Gasoline",31620,1.8,"Med"
"Fiat","Punto","2011","Gasoline",28699,1.8,"Med"
"Fiat","Punto","2016","Gasoline",45162,1.6,"Med"
"Fiat","Punto","2015","Gasoline",42821,1.6,"Med"
"Fiat","Punto","2014","Gasoline",37651,1.6,"Med"
"Fiat","Punto","2016","Gasoline",48107,1.6,"Med"
"Fiat","Punto","2015","Gasoline",46699,1.6,"Med"
"Fiat","Punto","2014","Gasoline",40169,1.6,"Med"
"Fiat","Punto","2010","Gasoline",23715,1.8,"Med"
"Fiat","Punto","2009","Gasoline",22998,1.8,"Med"
"Fiat","Punto","2008","Gasoline",22259,1.8,"Med"
"Fiat","Punto","2016","Gasoline",46322,1.8,"Med"
"Fiat","Punto","2015","Gasoline",44684,1.8,"Med"
"Fiat","Punto","2014","Gasoline",40017,1.8,"Med"
"Fiat","Punto","2013","Gasoline",36200,1.8,"Med"
"Fiat","Punto","2012","Gasoline",34173,1.8,"Med"
"Fiat","Punto","2011","Gasoline",29412,1.8,"Med"
"Fiat","Punto","2010","Gasoline",28215,1.8,"Med"
"Fiat","Punto","2009","Gasoline",26148,1.8,"Med"
"Fiat","Punto","2008","Gasoline",25185,1.8,"Med"
"Fiat","Punto","2016","Gasoline",48162,1.8,"Med"
"Fiat","Punto","2015","Gasoline",45036,1.8,"Med"
"Fiat","Punto","2014","Gasoline",40964,1.8,"Med"
"Fiat","Punto","2013","Gasoline",36490,1.8,"Med"
"Fiat","Punto","2012","Gasoline",34868,1.8,"Med"
"Fiat","Punto","2011","Gasoline",29584,1.8,"Med"
"Fiat","Punto","2016","Gasoline",54809,1.4,"Med"
"Fiat","Punto","2015","Gasoline",50498,1.4,"Med"
"Fiat","Punto","2014","Gasoline",46991,1.4,"Med"
"Fiat","Punto","2013","Gasoline",44620,1.4,"Med"
"Fiat","Punto","2012","Gasoline",40766,1.4,"Med"
"Fiat","Punto","2011","Gasoline",34722,1.4,"Med"
"Fiat","Punto","2010","Gasoline",33397,1.4,"Med"
"Fiat","Punto","2009","Gasoline",31483,1.4,"Med"
"Fiat","Siena","2000","Gasoline",10071,1,"Med"
"Fiat","Siena","1999","Gasoline",9281,1,"Med"
"Fiat","Siena","2012","Gasoline",22389,1,"Med"
"Fiat","Siena","2011","Gasoline",21514,1,"Med"
"Fiat","Siena","2010","Gasoline",20096,1,"Med"
"Fiat","Siena","2009","Gasoline",19279,1,"Med"
"Fiat","Siena","2008","Gasoline",17935,1,"Med"
"Fiat","Siena","2007","Gasoline",17011,1,"Med"
"Fiat","Siena","2006","Gasoline",15127,1,"Med"
"Fiat","Siena","2005","Gasoline",14156,1,"Med"
"Fiat","Siena","2004","Gasoline",12645,1,"Med"
"Fiat","Siena","2003","Gasoline",11963,1,"Med"
"Fiat","Siena","2002","Gasoline",11427,1,"Med"
"Fiat","Siena","2001","Gasoline",10738,1,"Med"
"Fiat","Siena","2004","Álcool",13762,1.5,"Med"
"Fiat","Siena","2003","Álcool",12787,1.5,"Med"
"Fiat","Siena","2011","Gasoline",21761,1,"Med"
"Fiat","Siena","2011","Gasoline",26277,1.4,"Med"
"Fiat","Siena","2012","Gasoline",22869,1,"Med"
"Fiat","Siena","2011","Gasoline",20445,1,"Med"
"Fiat","Siena","2010","Gasoline",19784,1,"Med"
"Fiat","Siena","2009","Gasoline",19147,1,"Med"
"Fiat","Siena","2008","Gasoline",18045,1,"Med"
"Fiat","Siena","2007","Gasoline",17046,1,"Med"
"Fiat","Siena","2016","Gasoline",33951,1,"Med"
"Fiat","Siena","2015","Gasoline",30856,1,"Med"
"Fiat","Siena","2014","Gasoline",28808,1,"Med"
"Fiat","Siena","2013","Gasoline",26951,1,"Med"
"Fiat","Siena","2012","Gasoline",25613,1,"Med"
"Fiat","Siena","2011","Gasoline",23249,1,"Med"
"Fiat","Siena","2010","Gasoline",21666,1,"Med"
"Fiat","Siena","1999","Gasoline",10323,1.6,"Med"
"Fiat","Siena","1998","Gasoline",9066,1.6,"Med"
"Fiat","Siena","1997","Gasoline",7600,1.6,"Med"
"Fiat","Siena","2000","Gasoline",11435,1.6,"Med"
"Fiat","Siena","1999","Gasoline",10679,1.6,"Med"
"Fiat","Siena","1998","Gasoline",8756,1.6,"Med"
"Fiat","Siena","2016","Gasoline",34285,1,"Med"
"Fiat","Siena","2015","Gasoline",32530,1,"Med"
"Fiat","Siena","2014","Gasoline",29852,1,"Med"
"Fiat","Siena","2013","Gasoline",27469,1,"Med"
"Fiat","Siena","2012","Gasoline",25629,1,"Med"
"Fiat","Siena","2011","Gasoline",24069,1,"Med"
"Fiat","Siena","2010","Gasoline",22426,1,"Med"
"Fiat","Siena","2003","Gasoline",11810,1,"Med"
"Fiat","Siena","2002","Gasoline",11440,1,"Med"
"Fiat","Siena","2001","Gasoline",10751,1,"Med"
"Fiat","Siena","2010","Gasoline",22121,1,"Med"
"Fiat","Siena","2009","Gasoline",21445,1,"Med"
"Fiat","Siena","2008","Gasoline",20095,1,"Med"
"Fiat","Siena","2007","Gasoline",17535,1,"Med"
"Fiat","Siena","2006","Gasoline",16512,1,"Med"
"Fiat","Siena","2005","Gasoline",14636,1,"Med"
"Fiat","Siena","2004","Gasoline",14105,1,"Med"
"Fiat","Siena","2003","Gasoline",12045,1,"Med"
"Fiat","Siena","2005","Gasoline",15884,1.3,"Med"
"Fiat","Siena","2003","Gasoline",14091,1.3,"Med"
"Fiat","Siena","2002","Gasoline",12524,1.3,"Med"
"Fiat","Siena","2001","Gasoline",11806,1.3,"Med"
"Fiat","Siena","2000","Gasoline",10794,1.3,"Med"
"Fiat","Siena","2005","Gasoline",15599,1.3,"Med"
"Fiat","Siena","2004","Gasoline",14510,1.3,"Med"
"Fiat","Siena","2010","Gasoline",24392,1.4,"Med"
"Fiat","Siena","2009","Gasoline",23218,1.4,"Med"
"Fiat","Siena","2008","Gasoline",22152,1.4,"Med"
"Fiat","Siena","2007","Gasoline",18947,1.4,"Med"
"Fiat","Siena","2006","Gasoline",16680,1.4,"Med"
"Fiat","Siena","2000","Gasoline",13525,1.5,"Med"
"Fiat","Siena","2000","Gasoline",13525,1.5,"Med"
"Fiat","Siena","2003","Gasoline",12733,1.6,"Med"
"Fiat","Siena","2002","Gasoline",11975,1.6,"Med"
"Fiat","Siena","2001","Gasoline",11546,1.6,"Med"
"Fiat","Siena","2000","Gasoline",10881,1.6,"Med"
"Fiat","Siena","1999","Gasoline",10520,1.6,"Med"
"Fiat","Siena","1998","Gasoline",9132,1.6,"Med"
"Fiat","Siena","2004","Gasoline",14412,1.8,"Med"
"Fiat","Siena","2003","Gasoline",13633,1.8,"Med"
"Fiat","Siena","2012","Gasoline",29826,1.6,"Med"
"Fiat","Siena","2011","Gasoline",26400,1.6,"Med"
"Fiat","Siena","2012","Gasoline",30241,1.6,"Med"
"Fiat","Siena","2011","Gasoline",26501,1.6,"Med"
"Fiat","Siena","2002","Gasoline",11442,1,"Med"
"Fiat","Siena","2001","Gasoline",10730,1,"Med"
"Fiat","Siena","2004","Gasoline",13784,1.3,"Med"
"Fiat","Siena","2003","Gasoline",12190,1.3,"Med"
"Fiat","Siena","2004","Gasoline",14749,1.8,"Med"
"Fiat","Siena","2003","Gasoline",11681,1.8,"Med"
"Fiat","Siena","1998","Gasoline",9460,1.6,"Med"
"Fiat","Siena","1997","Gasoline",9128,1.6,"Med"
"Fiat","Siena","2010","Gasoline",24010,1.8,"Med"
"Fiat","Siena","2009","Gasoline",22022,1.8,"Med"
"Fiat","Siena","2008","Gasoline",21366,1.8,"Med"
"Fiat","Siena","2007","Gasoline",17859,1.8,"Med"
"Fiat","Siena","2006","Gasoline",17219,1.8,"Med"
"Fiat","Siena","2005","Gasoline",16714,1.8,"Med"
"Fiat","Siena","2004","Gasoline",16195,1.8,"Med"
"Fiat","Siena","2010","Gasoline",24177,1.8,"Med"
"Fiat","Siena","1999","Gasoline",10623,1.6,"Med"
"Fiat","Siena","1998","Gasoline",8827,1.6,"Med"
"Fiat","Siena","2012","Gasoline",26190,1.4,"Med"
"Fiat","Siena","2011","Gasoline",24898,1.4,"Med"
"Fiat","Siena","2010","Gasoline",23799,1.4,"Med"
"Fiat","Siena","2009","Gasoline",23036,1.4,"Med"
"Fiat","Siena","2008","Gasoline",21168,1.4,"Med"
"Fiat","Siena","2007","Gasoline",16884,1.4,"Med"
"Fiat","Stilo","2011","Gasoline",23448,1.8,"Med"
"Fiat","Stilo","2010","Gasoline",22711,1.8,"Med"
"Fiat","Stilo","2007","Gasoline",22573,1.8,"Med"
"Fiat","Stilo","2006","Gasoline",21460,1.8,"Med"
"Fiat","Stilo","2005","Gasoline",19724,1.8,"Med"
"Fiat","Stilo","2011","Gasoline",24998,1.8,"Med"
"Fiat","Stilo","2010","Gasoline",24169,1.8,"Med"
"Fiat","Stilo","2009","Gasoline",23154,1.8,"Med"
"Fiat","Stilo","2008","Gasoline",22441,1.8,"Med"
"Fiat","Stilo","2007","Gasoline",20857,1.8,"Med"
"Fiat","Stilo","2011","Gasoline",29548,1.8,"Med"
"Fiat","Stilo","2010","Gasoline",28362,1.8,"Med"
"Fiat","Stilo","2009","Gasoline",27521,1.8,"Med"
"Fiat","Stilo","2008","Gasoline",25794,1.8,"Med"
"Fiat","Stilo","2007","Gasoline",21931,1.8,"Med"
"Fiat","Stilo","2006","Gasoline",19109,1.8,"Med"
"Fiat","Stilo","2005","Gasoline",18359,1.8,"Med"
"Fiat","Stilo","2004","Gasoline",17653,1.8,"Med"
"Fiat","Stilo","2003","Gasoline",16479,1.8,"Med"
"Fiat","Stilo","2011","Gasoline",24638,1.8,"Med"
"Fiat","Stilo","2010","Gasoline",23559,1.8,"Med"
"Fiat","Stilo","2009","Gasoline",22243,1.8,"Med"
"Fiat","Stilo","2008","Gasoline",21459,1.8,"Med"
"Fiat","Stilo","2007","Gasoline",19298,1.8,"Med"
"Fiat","Stilo","2006","Gasoline",18038,1.8,"Med"
"Fiat","Stilo","2007","Gasoline",20870,1.8,"Med"
"Fiat","Stilo","2006","Gasoline",19325,1.8,"Med"
"Fiat","Stilo","2005","Gasoline",18558,1.8,"Med"
"Fiat","Stilo","2004","Gasoline",17924,1.8,"Med"
"Fiat","Stilo","2003","Gasoline",16491,1.8,"Med"
"Fiat","Stilo","2009","Gasoline",45268,2.4,"Med"
"Fiat","Stilo","2008","Gasoline",39282,2.4,"Med"
"Fiat","Stilo","2007","Gasoline",33229,2.4,"Med"
"Fiat","Stilo","2006","Gasoline",29645,2.4,"Med"
"Fiat","Stilo","2005","Gasoline",27667,2.4,"Med"
"Fiat","Stilo","2004","Gasoline",23869,2.4,"Med"
"Fiat","Stilo","2003","Gasoline",17200,2.4,"Med"
"Fiat","Stilo","2011","Gasoline",31100,1.8,"Med"
"Fiat","Stilo","2010","Gasoline",30008,1.8,"Med"
"Fiat","Stilo","2009","Gasoline",28429,1.8,"Med"
"Fiat","Stilo","2011","Gasoline",25588,1.8,"Med"
"Fiat","Stilo","2010","Gasoline",24205,1.8,"Med"
"Fiat","Stilo","2009","Gasoline",23414,1.8,"Med"
"Fiat","Stilo","2008","Gasoline",22491,1.8,"Med"
"Fiat","Stilo","2011","Gasoline",28554,1.8,"Med"
"Fiat","Stilo","2010","Gasoline",27155,1.8,"Med"
"Fiat","Stilo","2009","Gasoline",24306,1.8,"Med"
"Fiat","Stilo","2008","Gasoline",22588,1.8,"Med"
"Fiat","Stilo","2011","Gasoline",29668,1.8,"Med"
"Fiat","Stilo","2010","Gasoline",28406,1.8,"Med"
"Fiat","Stilo","2009","Gasoline",27536,1.8,"Med"
"Fiat","Stilo","2008","Gasoline",25890,1.8,"Med"
"Fiat","Stilo","2011","Gasoline",25501,1.8,"Med"
"Fiat","Stilo","2010","Gasoline",24159,1.8,"Med"
"Fiat","Strada","2005","Gasoline",17408,1.3,"Med"
"Fiat","Strada","2004","Gasoline",16633,1.3,"Med"
"Fiat","Strada","2003","Gasoline",16134,1.3,"Med"
"Fiat","Strada","2005","Gasoline",16019,1.3,"Med"
"Fiat","Strada","2004","Gasoline",15425,1.3,"Med"
"Fiat","Strada","2003","Gasoline",14559,1.3,"Med"
"Fiat","Strada","2012","Gasoline",25070,1.4,"Med"
"Fiat","Strada","2011","Gasoline",24198,1.4,"Med"
"Fiat","Strada","2010","Gasoline",23344,1.4,"Med"
"Fiat","Strada","2009","Gasoline",22505,1.4,"Med"
"Fiat","Strada","2008","Gasoline",21798,1.4,"Med"
"Fiat","Strada","2007","Gasoline",21089,1.4,"Med"
"Fiat","Strada","2006","Gasoline",18450,1.4,"Med"
"Fiat","Strada","2012","Gasoline",23713,1.4,"Med"
"Fiat","Strada","2011","Gasoline",23005,1.4,"Med"
"Fiat","Strada","2010","Gasoline",21696,1.4,"Med"
"Fiat","Strada","2009","Gasoline",20290,1.4,"Med"
"Fiat","Strada","2008","Gasoline",19627,1.4,"Med"
"Fiat","Strada","2007","Gasoline",18143,1.4,"Med"
"Fiat","Strada","2006","Gasoline",17482,1.4,"Med"
"Fiat","Strada","2016","Gasoline",55482,1.8,"Med"
"Fiat","Strada","2017","Gasoline",60464,1.8,"Med"
"Fiat","Strada","2016","Gasoline",52533,1.8,"Med"
"Fiat","Strada","2016","Gasoline",55587,1.8,"Med"
"Fiat","Strada","2013","Gasoline",49294,1.8,"Med"
"Fiat","Strada","2013","Gasoline",49898,1.8,"Med"
"Fiat","Strada","2016","Gasoline",55140,1.8,"Med"
"Fiat","Strada","2015","Gasoline",53252,1.8,"Med"
"Fiat","Strada","2014","Gasoline",49548,1.8,"Med"
"Fiat","Strada","2012","Gasoline",26435,1.4,"Med"
"Fiat","Strada","2011","Gasoline",25497,1.4,"Med"
"Fiat","Strada","2012","Gasoline",25527,1.4,"Med"
"Fiat","Strada","2011","Gasoline",23522,1.4,"Med"
"Fiat","Strada","2010","Gasoline",21946,1.4,"Med"
"Fiat","Strada","2002","Gasoline",17326,1.6,"Med"
"Fiat","Strada","2001","Gasoline",15886,1.6,"Med"
"Fiat","Strada","2000","Gasoline",14333,1.6,"Med"
"Fiat","Strada","1999","Gasoline",13264,1.6,"Med"
"Fiat","Strada","2001","Gasoline",15272,1.6,"Med"
"Fiat","Strada","2000","Gasoline",14018,1.6,"Med"
"Fiat","Strada","1999","Gasoline",13336,1.6,"Med"
"Fiat","Strada","2012","Gasoline",32480,1.8,"Med"
"Fiat","Strada","2011","Gasoline",29205,1.8,"Med"
"Fiat","Strada","2013","Gasoline",39456,1.6,"Med"
"Fiat","Strada","2012","Gasoline",27368,1.4,"Med"
"Fiat","Strada","2011","Gasoline",26398,1.4,"Med"
"Fiat","Strada","2010","Gasoline",25272,1.4,"Med"
"Fiat","Strada","2009","Gasoline",24485,1.4,"Med"
"Fiat","Strada","2008","Gasoline",22453,1.4,"Med"
"Fiat","Strada","2007","Gasoline",21416,1.4,"Med"
"Fiat","Strada","2006","Gasoline",19411,1.4,"Med"
"Fiat","Strada","2012","Gasoline",24837,1.4,"Med"
"Fiat","Strada","2011","Gasoline",24036,1.4,"Med"
"Fiat","Strada","2010","Gasoline",22334,1.4,"Med"
"Fiat","Strada","2009","Gasoline",21534,1.4,"Med"
"Fiat","Strada","2008","Gasoline",20113,1.4,"Med"
"Fiat","Strada","2007","Gasoline",19448,1.4,"Med"
"Fiat","Strada","2006","Gasoline",17877,1.4,"Med"
"Fiat","Strada","2016","Gasoline",52546,1.6,"Med"
"Fiat","Strada","2015","Gasoline",50021,1.6,"Med"
"Fiat","Strada","2014","Gasoline",47580,1.6,"Med"
"Fiat","Strada","2013","Gasoline",39842,1.6,"Med"
"Fiat","Strada","2013","Gasoline",32161,1.6,"Med"
"Fiat","Strada","2013","Gasoline",29915,1.6,"Med"
"Fiat","Strada","2016","Gasoline",50290,1.6,"Med"
"Fiat","Strada","2015","Gasoline",48153,1.6,"Med"
"Fiat","Strada","2014","Gasoline",45819,1.6,"Med"
"Fiat","Strada","2000","Gasoline",11931,1.6,"Med"
"Fiat","Strada","1999","Gasoline",11336,1.6,"Med"
"Fiat","Strada","2010","Gasoline",27773,1.8,"Med"
"Fiat","Strada","2009","Gasoline",25037,1.8,"Med"
"Fiat","Strada","2008","Gasoline",23891,1.8,"Med"
"Fiat","Strada","2007","Gasoline",22549,1.8,"Med"
"Fiat","Strada","2006","Gasoline",20871,1.8,"Med"
"Fiat","Strada","2005","Gasoline",18425,1.8,"Med"
"Fiat","Strada","2012","Gasoline",28638,1.8,"Med"
"Fiat","Strada","2011","Gasoline",27511,1.8,"Med"
"Fiat","Strada","2010","Gasoline",25147,1.8,"Med"
"Fiat","Strada","2009","Gasoline",24138,1.8,"Med"
"Fiat","Strada","2008","Gasoline",21002,1.8,"Med"
"Fiat","Strada","2007","Gasoline",20347,1.8,"Med"
"Fiat","Strada","2006","Gasoline",18671,1.8,"Med"
"Fiat","Strada","2005","Gasoline",16969,1.8,"Med"
"Fiat","Strada","2004","Gasoline",16332,1.8,"Med"
"Fiat","Strada","2016","Gasoline",46215,1.4,"Med"
"Fiat","Strada","2015","Gasoline",44778,1.4,"Med"
"Fiat","Strada","2014","Gasoline",42556,1.4,"Med"
"Fiat","Strada","2013","Gasoline",37285,1.4,"Med"
"Fiat","Strada","2012","Gasoline",35311,1.4,"Med"
"Fiat","Strada","2011","Gasoline",33201,1.4,"Med"
"Fiat","Strada","2010","Gasoline",31945,1.4,"Med"
"Fiat","Strada","2016","Gasoline",41221,1.4,"Med"
"Fiat","Strada","2015","Gasoline",37251,1.4,"Med"
"Fiat","Strada","2014","Gasoline",35226,1.4,"Med"
"Fiat","Strada","2013","Gasoline",31622,1.4,"Med"
"Fiat","Strada","2012","Gasoline",29475,1.4,"Med"
"Fiat","Strada","2011","Gasoline",28270,1.4,"Med"
"Fiat","Strada","2010","Gasoline",26300,1.4,"Med"
"Fiat","Strada","Zero KM","Gasoline",44904,1.4,"Med"
"Fiat","Strada","2018","Gasoline",41658,1.4,"Med"
"Fiat","Strada","2017","Gasoline",39855,1.4,"Med"
"Fiat","Strada","2016","Gasoline",37362,1.4,"Med"
"Fiat","Strada","2015","Gasoline",34396,1.4,"Med"
"Fiat","Strada","2014","Gasoline",31854,1.4,"Med"
"Fiat","Strada","2013","Gasoline",27982,1.4,"Med"
"Fiat","Strada","2012","Gasoline",25840,1.4,"Med"
"Fiat","Strada","2011","Gasoline",24196,1.4,"Med"
"Fiat","Strada","2010","Gasoline",22042,1.4,"Med"
"Fiat","Strada","2001","Gasoline",14500,1.6,"Med"
"Fiat","Strada","2002","Gasoline",14851,1.6,"Med"
"Fiat","Strada","2004","Gasoline",17252,1.8,"Med"
"Fiat","Strada","2003","Gasoline",15403,1.8,"Med"
"Fiat","Strada","2004","Gasoline",16316,1.8,"Med"
"Fiat","Strada","2003","Gasoline",14438,1.8,"Med"
"Fiat","Strada","2016","Gasoline",48335,1.4,"Med"
"Fiat","Strada","2015","Gasoline",46130,1.4,"Med"
"Fiat","Strada","2014","Gasoline",43229,1.4,"Med"
"Fiat","Strada","2013","Gasoline",37981,1.4,"Med"
"Fiat","Strada","2012","Gasoline",35940,1.4,"Med"
"Fiat","Strada","2011","Gasoline",34548,1.4,"Med"
"Fiat","Strada","2010","Gasoline",32820,1.4,"Med"
"Fiat","Strada","2016","Gasoline",43189,1.4,"Med"
"Fiat","Strada","2015","Gasoline",39105,1.4,"Med"
"Fiat","Strada","2014","Gasoline",37123,1.4,"Med"
"Fiat","Strada","2013","Gasoline",31947,1.4,"Med"
"Fiat","Strada","2012","Gasoline",30874,1.4,"Med"
"Fiat","Strada","2011","Gasoline",28790,1.4,"Med"
"Fiat","Strada","2016","Gasoline",39003,1.4,"Med"
"Fiat","Strada","2015","Gasoline",35716,1.4,"Med"
"Fiat","Strada","2014","Gasoline",33238,1.4,"Med"
"Fiat","Strada","2013","Gasoline",28653,1.4,"Med"
"Fiat","Strada","2012","Gasoline",26925,1.4,"Med"
"Fiat","Strada","Zero KM","Gasoline",64399,1.4,"Med"
"Fiat","Strada","2018","Gasoline",54890,1.4,"Med"
"Fiat","Strada","2017","Gasoline",49683,1.4,"Med"
"Fiat","Strada","2016","Gasoline",47106,1.4,"Med"
"Fiat","Strada","2015","Gasoline",45100,1.4,"Med"
"Fiat","Strada","Zero KM","Gasoline",60654,1.4,"Med"
"Fiat","Strada","2018","Gasoline",49684,1.4,"Med"
"Fiat","Strada","2017","Gasoline",46918,1.4,"Med"
"Fiat","Strada","2016","Gasoline",42411,1.4,"Med"
"Fiat","Strada","2015","Gasoline",38125,1.4,"Med"
"Fiat","Strada","Zero KM","Gasoline",53551,1.4,"Med"
"Fiat","Strada","2018","Gasoline",45010,1.4,"Med"
"Fiat","Strada","2017","Gasoline",40402,1.4,"Med"
"Fiat","Strada","2016","Gasoline",38622,1.4,"Med"
"Fiat","Strada","2015","Gasoline",36923,1.4,"Med"
"Fiat","Strada","2017","Gasoline",40074,1.4,"Med"
"Fiat","Strada/","2004","Álcool",17285,1.5,"Med"
"Fiat","Strada/","2003","Álcool",16028,1.5,"Med"
"Fiat","Strada/","2002","Gasoline",15092,1.5,"Med"
"Fiat","Strada/","2002","Gasoline",15092,1.5,"Med"
"Fiat","Strada/","2001","Gasoline",14010,1.5,"Med"
"Fiat","Strada/","2001","Gasoline",14010,1.5,"Med"
"Fiat","Strada/","2000","Gasoline",13525,1.5,"Med"
"Fiat","Strada/","2000","Gasoline",13525,1.5,"Med"
"Fiat","Strada/","1999","Gasoline",12997,1.5,"Med"
"Fiat","Strada/","1999","Gasoline",12997,1.5,"Med"
"Fiat","Strada/","2004","Álcool",16225,1.5,"Med"
"Fiat","Strada/","2003","Álcool",15590,1.5,"Med"
"Fiat","Strada/","2002","Gasoline",14699,1.5,"Med"
"Fiat","Strada/","2002","Gasoline",14699,1.5,"Med"
"Fiat","Strada/","2001","Gasoline",13649,1.5,"Med"
"Fiat","Strada/","2001","Gasoline",13649,1.5,"Med"
"Fiat","Strada/","2000","Gasoline",12776,1.5,"Med"
"Fiat","Strada/","2000","Gasoline",12776,1.5,"Med"
"Fiat","Strada/","1999","Gasoline",11947,1.5,"Med"
"Fiat","Strada/","1999","Gasoline",11947,1.5,"Med"
"Fiat","Tempra","1996","Gasoline",7129,2,"Med"
"Fiat","Tempra","1996","Gasoline",7129,2,"Med"
"Fiat","Tempra","1995","Gasoline",6693,2,"Med"
"Fiat","Tempra","1995","Gasoline",6693,2,"Med"
"Fiat","Tempra","1994","Gasoline",6354,2,"Med"
"Fiat","Tempra","1996","Gasoline",7120,2,"Med"
"Fiat","Tempra","1996","Gasoline",7120,2,"Med"
"Fiat","Tempra","1995","Gasoline",6510,2,"Med"
"Fiat","Tempra","1995","Gasoline",6510,2,"Med"
"Fiat","Tempra","1994","Gasoline",6192,2,"Med"
"Fiat","Tempra","1999","Gasoline",8293,2,"Med"
"Fiat","Tempra","1999","Gasoline",10043,2,"Med"
"Fiat","Tempra","1998","Gasoline",8181,2,"Med"
"Fiat","Tempra","1997","Gasoline",7906,2,"Med"
"Fiat","Tempra","1996","Gasoline",7506,2,"Med"
"Fiat","Tempra","1994","Gasoline",5508,2,"Med"
"Fiat","Tempra","1993","Gasoline",4808,2,"Med"
"Fiat","Tempra","1992","Gasoline",4139,2,"Med"
"Fiat","Tempra","1998","Gasoline",9758,2,"Med"
"Fiat","Tempra","1997","Gasoline",9439,2,"Med"
"Fiat","Tempra","1996","Gasoline",9050,2,"Med"
"Fiat","Tempra","1995","Gasoline",7570,2,"Med"
"Fiat","Tempra","1997","Gasoline",7601,2,"Med"
"Fiat","Tempra","1996","Gasoline",7018,2,"Med"
"Fiat","Tempra","1995","Gasoline",6129,2,"Med"
"Fiat","Tempra","1998","Gasoline",7829,2,"Med"
"Fiat","Tempra","1997","Gasoline",7598,2,"Med"
"Fiat","Tempra","1996","Gasoline",6615,2,"Med"
"Fiat","Tempra","1999","Gasoline",8921,2,"Med"
"Fiat","Tempra","1998","Gasoline",7819,2,"Med"
"Fiat","Tempra","1997","Gasoline",7493,2,"Med"
"Fiat","Tempra","1996","Gasoline",6335,2,"Med"
"Fiat","Tempra","1997","Gasoline",8852,2,"Med"
"Fiat","Tempra","1996","Gasoline",7963,2,"Med"
"Fiat","Tempra","1995","Gasoline",7130,2,"Med"
"Fiat","Tempra","1994","Gasoline",6883,2,"Med"
"Fiat","Tipo","1995","Gasoline",5979,1.6,"Med"
"Fiat","Tipo","1994","Gasoline",5559,1.6,"Med"
"Fiat","Tipo","1993","Gasoline",4323,1.6,"Med"
"Fiat","Tipo","1997","Gasoline",5606,1.6,"Med"
"Fiat","Tipo","1996","Gasoline",5432,1.6,"Med"
"Fiat","Tipo","1995","Gasoline",8244,2,"Med"
"Fiat","Tipo","1996","Gasoline",7556,2,"Med"
"Fiat","Tipo","1995","Gasoline",6789,2,"Med"
"Fiat","Tipo","1994","Gasoline",5724,2,"Med"
"Fiat","Toro","Zero KM","Gasoline",114505,2.4,"Med"
"Fiat","Toro","2019","Gasoline",102970,2.4,"Med"
"Fiat","Toro","2018","Gasoline",99901,2.4,"Med"
"Fiat","Toro","Zero KM","Gasoline",90355,1.8,"Aut"
"Fiat","Toro","2019","Gasoline",81188,1.8,"Aut"
"Fiat","Toro","Zero KM","Gasoline",94252,1.8,"Aut"
"Fiat","Toro","2019","Gasoline",84913,1.8,"Aut"
"Fiat","Toro","2018","Gasoline",79229,1.8,"Aut"
"Fiat","Toro","2017","Gasoline",76643,1.8,"Aut"
"Fiat","Toro","2016","Gasoline",74212,1.8,"Aut"
"Fiat","Toro","Zero KM","Diesel",103137,2,"Med"
"Fiat","Toro","2018","Diesel",95295,2,"Med"
"Fiat","Toro","2017","Diesel",92202,2,"Med"
"Fiat","Toro","2016","Diesel",89326,2,"Med"
"Fiat","Toro","Zero KM","Diesel",121687,2,"Aut"
"Fiat","Toro","2019","Diesel",108093,2,"Aut"
"Fiat","Toro","2018","Diesel",104400,2,"Aut"
"Fiat","Toro","Zero KM","Diesel",111490,2,"Med"
"Fiat","Toro","2018","Diesel",97824,2,"Med"
"Fiat","Toro","2017","Diesel",92573,2,"Med"
"Fiat","Toro","2016","Diesel",89706,2,"Med"
"Fiat","Toro","Zero KM","Gasoline",98000,2.4,"Aut"
"Fiat","Toro","2018","Gasoline",88599,2.4,"Aut"
"Fiat","Toro","2017","Gasoline",85612,2.4,"Aut"
"Fiat","Toro","Zero KM","Gasoline",95450,1.8,"Aut"
"Fiat","Toro","2018","Gasoline",83921,1.8,"Aut"
"Fiat","Toro","Zero KM","Gasoline",107750,2.4,"Aut"
"Fiat","Toro","2018","Gasoline",95413,2.4,"Aut"
"Fiat","Toro","2017","Gasoline",78042,1.8,"Aut"
"Fiat","Toro","Zero KM","Diesel",136520,2,"Aut"
"Fiat","Toro","2019","Diesel",119445,2,"Aut"
"Fiat","Toro","2018","Diesel",113620,2,"Aut"
"Fiat","Toro","2017","Diesel",109458,2,"Aut"
"Fiat","Toro","2016","Diesel",105998,2,"Aut"
"Fiat","Toro","Zero KM","Gasoline",113158,2.4,"Aut"
"Fiat","Toro","2019","Gasoline",103707,2.4,"Aut"
"Fiat","Uno","1997","Gasoline",8577,1.6,"Med"
"Fiat","Uno","1996","Gasoline",8314,1.6,"Med"
"Fiat","Uno","1995","Gasoline",8030,1.6,"Med"
"Fiat","Uno","1994","Gasoline",7775,1.6,"Med"
"Fiat","Uno","1994","Gasoline",8865,1.6,"Med"
"Fiat","Uno","1993","Gasoline",7408,1.6,"Med"
"Fiat","Uno","1992","Gasoline",6856,1.6,"Med"
"Fiat","Uno","1991","Gasoline",6608,1.6,"Med"
"Fiat","Uno","1990","Gasoline",5595,1.6,"Med"
"Fiat","Uno","1989","Gasoline",5315,1.6,"Med"
"Fiat","Uno","1988","Gasoline",3814,1.6,"Med"
"Fiat","Uno","1987","Gasoline",3648,1.6,"Med"
"Fiat","UNO","2012","Gasoline",22771,1.4,"Med"
"Fiat","UNO","2012","Gasoline",25427,1.4,"Med"
"Fiat","UNO","2011","Gasoline",23497,1.4,"Med"
"Fiat","UNO","2016","Gasoline",33202,1,"Med"
"Fiat","UNO","2015","Gasoline",31458,1,"Med"
"Fiat","UNO","2017","Gasoline",35303,1,"Med"
"Fiat","UNO","2012","Gasoline",22362,1.4,"Med"
"Fiat","UNO","2012","Gasoline",24760,1.4,"Med"
"Fiat","UNO","2011","Gasoline",23262,1.4,"Med"
"Fiat","Uno","2001","Gasoline",9088,1,"Med"
"Fiat","Uno","2001","Gasoline",9088,1,"Med"
"Fiat","Uno","2000","Gasoline",8780,1,"Med"
"Fiat","Uno","2000","Gasoline",8780,1,"Med"
"Fiat","Uno","1999","Gasoline",8481,1,"Med"
"Fiat","Uno","1999","Gasoline",8481,1,"Med"
"Fiat","Uno","1997","Gasoline",7766,1.5,"Med"
"Fiat","Uno","1996","Gasoline",6860,1.5,"Med"
"Fiat","Uno","1996","Gasoline",6860,1.5,"Med"
"Fiat","Uno","1995","Gasoline",6500,1.5,"Med"
"Fiat","Uno","1995","Gasoline",6500,1.5,"Med"
"Fiat","Uno","1994","Gasoline",6265,1.5,"Med"
"Fiat","Uno","1993","Gasoline",5871,1.5,"Med"
"Fiat","Uno","1992","Gasoline",5654,1.5,"Med"
"Fiat","Uno","1991","Gasoline",5328,1.5,"Med"
"Fiat","Uno","1990","Gasoline",4476,1.5,"Med"
"Fiat","Uno","1989","Gasoline",4335,1.5,"Med"
"Fiat","Uno","1988","Gasoline",3751,1.5,"Med"
"Fiat","Uno","1987","Gasoline",3602,1.5,"Med"
"Fiat","Uno","1986","Gasoline",3443,1.5,"Med"
"Fiat","Uno","1985","Gasoline",2952,1.5,"Med"
"Fiat","Uno","1996","Gasoline",8018,1.5,"Med"
"Fiat","Uno","1996","Gasoline",8018,1.5,"Med"
"Fiat","Uno","1995","Gasoline",7740,1.5,"Med"
"Fiat","Uno","1995","Gasoline",7740,1.5,"Med"
"Fiat","Uno","1994","Gasoline",6901,1.5,"Med"
"Fiat","Uno","1993","Gasoline",6436,1.5,"Med"
"Fiat","Uno","1993","Gasoline",6700,1.6,"Med"
"Fiat","Uno","1992","Gasoline",6186,1.6,"Med"
"Fiat","Uno","1991","Gasoline",5300,1.6,"Med"
"Fiat","UNO","Zero KM","Gasoline",41402,1,"Med"
"Fiat","UNO","2018","Gasoline",37328,1,"Med"
"Fiat","UNO","2013","Gasoline",23506,1.4,"Med"
"Fiat","UNO","2012","Gasoline",22196,1.4,"Med"
"Fiat","UNO","2014","Gasoline",26936,1.4,"Med"
"Fiat","UNO","2013","Gasoline",26052,1.4,"Med"
"Fiat","UNO","2012","Gasoline",24566,1.4,"Med"
"Fiat","UNO","2016","Gasoline",36516,1.4,"Med"
"Fiat","UNO","2015","Gasoline",34561,1.4,"Med"
"Fiat","UNO","2016","Gasoline",31758,1,"Med"
"Fiat","UNO","2015","Gasoline",25843,1,"Med"
"Fiat","UNO","2014","Gasoline",24757,1,"Med"
"Fiat","Uno","2013","Gasoline",17322,1.3,"Med"
"Fiat","Uno","2012","Gasoline",15165,1.3,"Med"
"Fiat","Uno","2011","Gasoline",14627,1.3,"Med"
"Fiat","Uno","2010","Gasoline",13667,1.3,"Med"
"Fiat","Uno","2009","Gasoline",12979,1.3,"Med"
"Fiat","Uno","2008","Gasoline",12541,1.3,"Med"
"Fiat","Uno","2007","Gasoline",11989,1.3,"Med"
"Fiat","Uno","2006","Gasoline",10976,1.3,"Med"
"Fiat","Uno","2005","Gasoline",10545,1.3,"Med"
"Fiat","Uno","2004","Gasoline",9832,1.3,"Med"
"Fiat","Uno","2003","Gasoline",8709,1.3,"Med"
"Fiat","Uno","2002","Gasoline",10027,1.5,"Med"
"Fiat","Uno","2001","Gasoline",8787,1.5,"Med"
"Fiat","Uno","2000","Gasoline",7798,1.5,"Med"
"Fiat","Uno","1999","Gasoline",7280,1.5,"Med"
"Fiat","Uno","1998","Gasoline",6113,1.5,"Med"
"Fiat","Uno","1997","Gasoline",5299,1.5,"Med"
"Fiat","Uno","1996","Gasoline",5127,1.5,"Med"
"Fiat","Uno","1996","Gasoline",5127,1.5,"Med"
"Fiat","Uno","1995","Gasoline",4695,1.5,"Med"
"Fiat","Uno","1995","Gasoline",4695,1.5,"Med"
"Fiat","Uno","1994","Gasoline",4459,1.5,"Med"
"Fiat","Uno","1993","Gasoline",3971,1.5,"Med"
"Fiat","Uno","1993","Gasoline",4059,1.5,"Med"
"Fiat","Uno","1992","Gasoline",3623,1.5,"Med"
"Fiat","Uno","1991","Gasoline",3387,1.5,"Med"
"Fiat","Uno","1990","Gasoline",2878,1.5,"Med"
"Fiat","Uno","1989","Gasoline",2768,1.5,"Med"
"Fiat","Uno","1988","Gasoline",2466,1.5,"Med"
"Fiat","Uno","1996","Gasoline",7149,1,"Med"
"Fiat","Uno","1995","Gasoline",6863,1,"Med"
"Fiat","Uno","1994","Gasoline",6522,1,"Med"
"Fiat","Uno","1993","Gasoline",5820,1,"Med"
"Fiat","Uno","2013","Gasoline",16799,1,"Med"
"Fiat","Uno","2012","Gasoline",16227,1,"Med"
"Fiat","Uno","2011","Gasoline",15581,1,"Med"
"Fiat","Uno","2010","Gasoline",14572,1,"Med"
"Fiat","Uno","2009","Gasoline",13931,1,"Med"
"Fiat","Uno","2008","Gasoline",12604,1,"Med"
"Fiat","Uno","2007","Gasoline",12052,1,"Med"
"Fiat","Uno","2006","Gasoline",11683,1,"Med"
"Fiat","Uno","2005","Gasoline",11324,1,"Med"
"Fiat","Uno","2004","Gasoline",10737,1,"Med"
"Fiat","Uno","2003","Gasoline",9993,1,"Med"
"Fiat","Uno","2002","Gasoline",9179,1,"Med"
"Fiat","Uno","2013","Gasoline",19625,1,"Med"
"Fiat","Uno","2012","Gasoline",18865,1,"Med"
"Fiat","Uno","2011","Gasoline",18055,1,"Med"
"Fiat","Uno","2010","Gasoline",16573,1,"Med"
"Fiat","Uno","2009","Gasoline",15954,1,"Med"
"Fiat","Uno","2008","Gasoline",14699,1,"Med"
"Fiat","Uno","2007","Gasoline",14183,1,"Med"
"Fiat","Uno","2006","Gasoline",13330,1,"Med"
"Fiat","Uno","2005","Gasoline",12413,1,"Med"
"Fiat","Uno","2004","Gasoline",11220,1,"Med"
"Fiat","Uno","2003","Gasoline",10884,1,"Med"
"Fiat","Uno","2002","Gasoline",10539,1,"Med"
"Fiat","Uno","1997","Gasoline",7125,1,"Med"
"Fiat","Uno","1996","Gasoline",6897,1,"Med"
"Fiat","Uno","1995","Gasoline",6661,1,"Med"
"Fiat","Uno","1994","Gasoline",6457,1,"Med"
"Fiat","Uno","1993","Gasoline",5991,1,"Med"
"Fiat","Uno","1992","Gasoline",5801,1,"Med"
"Fiat","Uno","1991","Gasoline",5199,1,"Med"
"Fiat","Uno","1990","Gasoline",4059,1,"Med"
"Fiat","Uno","2013","Gasoline",21272,1,"Med"
"Fiat","Uno","2012","Gasoline",19362,1,"Med"
"Fiat","Uno","2011","Gasoline",17088,1,"Med"
"Fiat","Uno","2010","Gasoline",15923,1,"Med"
"Fiat","Uno","2009","Gasoline",14663,1,"Med"
"Fiat","Uno","1994","Gasoline",6039,1,"Med"
"Fiat","Uno","2013","Gasoline",23191,1,"Med"
"Fiat","Uno","2012","Gasoline",21567,1,"Med"
"Fiat","Uno","2011","Gasoline",20892,1,"Med"
"Fiat","Uno","2010","Gasoline",18524,1,"Med"
"Fiat","Uno","2009","Gasoline",17123,1,"Med"
"Fiat","Uno","2013","Gasoline",21433,1,"Med"
"Fiat","Uno","2012","Gasoline",18748,1,"Med"
"Fiat","Uno","2011","Gasoline",17835,1,"Med"
"Fiat","Uno","2010","Gasoline",16120,1,"Med"
"Fiat","Uno","2009","Gasoline",15204,1,"Med"
"Fiat","Uno","2008","Gasoline",14042,1,"Med"
"Fiat","Uno","2013","Gasoline",21961,1,"Med"
"Fiat","Uno","2012","Gasoline",20465,1,"Med"
"Fiat","Uno","2011","Gasoline",18201,1,"Med"
"Fiat","Uno","2010","Gasoline",17007,1,"Med"
"Fiat","Uno","2009","Gasoline",15802,1,"Med"
"Fiat","Uno","2008","Gasoline",15021,1,"Med"
"Fiat","Uno","2013","Gasoline",26749,1,"Med"
"Fiat","Uno","1999","Álcool",7478,1,"Med"
"Fiat","Uno","1999","Álcool",7478,1,"Med"
"Fiat","Uno","1998","Gasoline",6800,1,"Med"
"Fiat","Uno","1998","Gasoline",6800,1,"Med"
"Fiat","UNO","2013","Gasoline",24033,1,"Med"
"Fiat","Uno","2013","Gasoline",19832,1,"Med"
"Fiat","Uno","2012","Gasoline",17958,1,"Med"
"Fiat","Uno","2011","Gasoline",16831,1,"Med"
"Fiat","Uno","2010","Gasoline",15576,1,"Med"
"Fiat","Uno","2009","Gasoline",14423,1,"Med"
"Fiat","Uno","2013","Gasoline",21175,1,"Med"
"Fiat","Uno","2012","Gasoline",20358,1,"Med"
"Fiat","Uno","2011","Gasoline",19563,1,"Med"
"Fiat","Uno","2010","Gasoline",18107,1,"Med"
"Fiat","Uno","2009","Gasoline",16910,1,"Med"
"Fiat","Uno","1994","Gasoline",7629,1.5,"Med"
"Fiat","Uno","1993","Gasoline",6478,1.5,"Med"
"Fiat","Uno","1992","Gasoline",5967,1.5,"Med"
"Fiat","Uno","1991","Gasoline",5581,1.5,"Med"
"Fiat","Uno","1990","Gasoline",5261,1.5,"Med"
"Fiat","Uno","1989","Gasoline",4919,1.5,"Med"
"Fiat","Uno","1988","Gasoline",4150,1.5,"Med"
"Fiat","Uno","1987","Gasoline",3642,1.5,"Med"
"Fiat","Uno","1986","Gasoline",3430,1.5,"Med"
"Fiat","Uno","1985","Gasoline",2751,1.5,"Med"
"Fiat","UNO","2016","Gasoline",41309,1.4,"Med"
"Fiat","UNO","2014","Gasoline",31614,1.4,"Med"
"Fiat","UNO","2013","Gasoline",29396,1.4,"Med"
"Fiat","UNO","Zero KM","Gasoline",50558,1.3,"Med"
"Fiat","UNO","2018","Gasoline",45411,1.3,"Med"
"Fiat","UNO","2017","Gasoline",44010,1.3,"Med"
"Fiat","UNO","2016","Gasoline",40554,1.4,"Med"
"Fiat","UNO","2012","Gasoline",25526,1.4,"Med"
"Fiat","UNO","2016","Gasoline",38748,1.4,"Med"
"Fiat","UNO","2015","Gasoline",37541,1.4,"Med"
"Fiat","UNO","2014","Gasoline",33309,1.4,"Med"
"Fiat","UNO","2013","Gasoline",30852,1.4,"Med"
"Fiat","UNO","2012","Gasoline",28297,1.4,"Med"
"Fiat","UNO","2011","Gasoline",25255,1.4,"Med"
"Fiat","UNO","Zero KM","Gasoline",56815,1.3,"Med"
"Fiat","UNO","2018","Gasoline",49330,1.3,"Med"
"Fiat","UNO","2017","Gasoline",47438,1.3,"Med"
"Fiat","UNO","2016","Gasoline",42438,1.4,"Med"
"Fiat","UNO","2015","Gasoline",39206,1.4,"Med"
"Fiat","Uno","1996","Gasoline",14308,1.4,"Med"
"Fiat","Uno","1995","Gasoline",12203,1.4,"Med"
"Fiat","Uno","1994","Gasoline",11330,1.4,"Med"
"Fiat","UNO","2016","Gasoline",26854,1,"Med"
"Fiat","UNO","2015","Gasoline",25153,1,"Med"
"Fiat","UNO","2014","Gasoline",21787,1,"Med"
"Fiat","UNO","2013","Gasoline",21110,1,"Med"
"Fiat","UNO","2012","Gasoline",20275,1,"Med"
"Fiat","UNO","2016","Gasoline",27816,1,"Med"
"Fiat","UNO","2015","Gasoline",26841,1,"Med"
"Fiat","UNO","2014","Gasoline",24280,1,"Med"
"Fiat","UNO","2013","Gasoline",23475,1,"Med"
"Fiat","UNO","2012","Gasoline",22411,1,"Med"
"Fiat","UNO","2016","Gasoline",29148,1,"Med"
"Fiat","UNO","2015","Gasoline",27688,1,"Med"
"Fiat","UNO","2014","Gasoline",26073,1,"Med"
"Fiat","UNO","2013","Gasoline",25171,1,"Med"
"Fiat","UNO","2012","Gasoline",23558,1,"Med"
"Fiat","UNO","2011","Gasoline",21575,1,"Med"
"Fiat","UNO","2014","Gasoline",26809,1,"Med"
"Fiat","UNO","2015","Gasoline",28477,1,"Med"
"Fiat","UNO","2013","Gasoline",25896,1,"Med"
"Fiat","UNO","2016","Gasoline",26967,1,"Med"
"Fiat","UNO","2015","Gasoline",26119,1,"Med"
"Fiat","UNO","2014","Gasoline",23867,1,"Med"
"Fiat","UNO","2013","Gasoline",23001,1,"Med"
"Fiat","UNO","2012","Gasoline",22153,1,"Med"
"Fiat","UNO","2011","Gasoline",21467,1,"Med"
"Fiat","UNO","2013","Gasoline",21116,1,"Med"
"Fiat","UNO","2012","Gasoline",20451,1,"Med"
"Fiat","UNO","2016","Gasoline",32942,1,"Med"
"Fiat","UNO","2015","Gasoline",31512,1,"Med"
"Fiat","UNO","2014","Gasoline",28202,1,"Med"
"Fiat","UNO","2013","Gasoline",25608,1,"Med"
"Fiat","UNO","2012","Gasoline",24233,1,"Med"
"Fiat","UNO","2011","Gasoline",22489,1,"Med"
"Fiat","UNO","Zero KM","Gasoline",43130,1,"Med"
"Fiat","UNO","2018","Gasoline",38451,1,"Med"
"Fiat","UNO","2017","Gasoline",37102,1,"Med"
"Fiat","UNO","Zero KM","Gasoline",48120,1.3,"Med"
"Fiat","UNO","2018","Gasoline",44115,1.3,"Med"
"Fiat","UNO","2017","Gasoline",42299,1.3,"Med"
"Fiat","UNO","2013","Gasoline",24263,1.4,"Med"
"Fiat","UNO","2012","Gasoline",20600,1.4,"Med"
"Fiat","UNO","2016","Gasoline",35413,1.4,"Med"
"Fiat","UNO","2015","Gasoline",34326,1.4,"Med"
"Fiat","UNO","2014","Gasoline",30052,1.4,"Med"
"Fiat","UNO","2013","Gasoline",28379,1.4,"Med"
"Fiat","UNO","2012","Gasoline",25366,1.4,"Med"
"Fiat","UNO","2011","Gasoline",24375,1.4,"Med"
"Fiat","UNO","2012","Gasoline",22477,1,"Med"
"Fiat","UNO","2015","Gasoline",31692,1,"Med"
"Fiat","UNO","2014","Gasoline",28316,1,"Med"
"Fiat","UNO","2013","Gasoline",25691,1,"Med"
"Fiat","UNO","2012","Gasoline",24399,1,"Med"
"Fiat","UNO","2011","Gasoline",22592,1,"Med"
"Fiat","UNO","2012","Gasoline",24627,1.4,"Med"
"Fiat","UNO","2014","Gasoline",30087,1.4,"Med"
"Fiat","UNO","2013","Gasoline",28574,1.4,"Med"
"Fiat","UNO","2012","Gasoline",25784,1.4,"Med"
"Fiat","UNO","2011","Gasoline",24657,1.4,"Med"
"Fiat","UNO","Zero KM","Gasoline",53516,1.3,"Med"
"Fiat","UNO","2018","Gasoline",48010,1.3,"Med"
"Fiat","UNO","2017","Gasoline",46208,1.3,"Med"
"Fiat","UNO","2016","Gasoline",29939,1,"Med"
"Fiat","UNO","2015","Gasoline",27782,1,"Med"
"Fiat","UNO","2014","Gasoline",27851,1,"Med"
"Fiat","UNO","2013","Gasoline",26308,1,"Med"
"Fiat","UNO","2014","Gasoline",30837,1.4,"Med"
"Fiat","UNO","2013","Gasoline",29692,1.4,"Med"
"Fibravan","Buggy","2017","Gasoline",39882,1.8,"Med"
"Fibravan","Buggy","2016","Gasoline",33421,1.8,"Med"
"Fibravan","Buggy","2015","Gasoline",31221,1.8,"Med"
"Fibravan","Buggy","2014","Gasoline",30121,1.8,"Med"
"Fibravan","Buggy","2013","Gasoline",28446,1.8,"Med"
"Fibravan","Buggy","2012","Gasoline",24331,1.8,"Med"
"Fibravan","Buggy","2011","Gasoline",21450,1.8,"Med"
"Fibravan","Buggy","2010","Gasoline",19937,1.8,"Med"
"Fibravan","Buggy","2009","Gasoline",17106,1.8,"Med"
"Fibravan","Buggy","2017","Gasoline",33777,1.6,"Med"
"Fibravan","Buggy","2016","Gasoline",31503,1.6,"Med"
"Fibravan","Buggy","2015","Gasoline",27294,1.6,"Med"
"Fibravan","Buggy","2014","Gasoline",26481,1.6,"Med"
"Fibravan","Buggy","2013","Gasoline",25640,1.6,"Med"
"Fibravan","Buggy","2012","Gasoline",24011,1.6,"Med"
"Fibravan","Buggy","2011","Gasoline",19992,1.6,"Med"
"Fibravan","Buggy","2010","Gasoline",15859,1.6,"Med"
"Fibravan","Buggy","2009","Gasoline",14271,1.6,"Med"
"Fibravan","Buggy","2008","Gasoline",12842,1.6,"Med"
"Fibravan","Buggy","2007","Gasoline",11598,1.6,"Med"
"Fibravan","Buggy","2006","Gasoline",11248,1.6,"Med"
"Fibravan","Buggy","2005","Gasoline",9891,1.6,"Med"
"Fibravan","Buggy","2004","Gasoline",9297,1.6,"Med"
"Fibravan","Buggy","2003","Gasoline",8542,1.6,"Med"
"Fibravan","Buggy","2002","Gasoline",6953,1.6,"Med"
"Fibravan","Buggy","2001","Gasoline",6713,1.6,"Med"
"Fibravan","Buggy","2000","Gasoline",6458,1.6,"Med"
"Fibravan","Buggy","1999","Gasoline",6123,1.6,"Med"
"Fibravan","Buggy","1998","Gasoline",5367,1.6,"Med"
"Fibravan","Buggy","1997","Gasoline",5209,1.6,"Med"
"Fibravan","Buggy","1996","Gasoline",5048,1.6,"Med"
"Fibravan","Buggy","1995","Gasoline",4758,1.6,"Med"
"Fibravan","Buggy","1994","Gasoline",4407,1.6,"Med"
"Fibravan","Buggy","1993","Gasoline",4254,1.6,"Med"
"Fibravan","Buggy","1992","Gasoline",3950,1.6,"Med"
"Fibravan","Buggy","1991","Gasoline",3815,1.6,"Med"
"Fibravan","Buggy","1990","Gasoline",3661,1.6,"Med"
"Fibravan","Buggy","1989","Gasoline",3526,1.6,"Med"
"Fibravan","Buggy","2015","Gasoline",32097,1.6,"Med"
"Fibravan","Buggy","2014","Gasoline",30987,1.6,"Med"
"Fibravan","Buggy","2013","Gasoline",29352,1.6,"Med"
"Fibravan","Buggy","2012","Gasoline",24999,1.6,"Med"
"Fibravan","Buggy","2011","Gasoline",22699,1.6,"Med"
"Fibravan","Buggy","2010","Gasoline",20008,1.6,"Med"
"Fibravan","Buggy","2009","Gasoline",18565,1.6,"Med"
"Fibravan","Buggy","2008","Gasoline",16649,1.6,"Med"
"Fibravan","Buggy","2007","Gasoline",14564,1.6,"Med"
"Fibravan","Buggy","2017","Gasoline",36749,1.8,"Med"
"Fibravan","Buggy","2015","Gasoline",29400,1.8,"Med"
"Fibravan","Buggy","2014","Gasoline",28489,1.8,"Med"
"Fibravan","Buggy","2013","Gasoline",27505,1.8,"Med"
"Fibravan","Buggy","2012","Gasoline",24276,1.8,"Med"
"Fibravan","Buggy","2011","Gasoline",20827,1.8,"Med"
"Fibravan","Buggy","2010","Gasoline",19536,1.8,"Med"
"Fibravan","Buggy","2009","Gasoline",16268,1.8,"Med"
"Fibravan","Buggy","2008","Gasoline",15029,1.8,"Med"
"Fibravan","Buggy","2007","Gasoline",13004,1.8,"Med"
"Fibravan","Buggy","2006","Gasoline",12585,1.8,"Med"
"Ford","Aerostar","1995","Gasoline",15109,3.8,"Med"
"Ford","Aerostar","1994","Gasoline",13323,3.8,"Med"
"Ford","Aerostar","1993","Gasoline",12695,3.8,"Med"
"Ford","Aerostar","1992","Gasoline",12190,3.8,"Med"
"Ford","Aerostar","1991","Gasoline",11735,3.8,"Med"
"Ford","Aerostar","1990","Gasoline",11233,3.8,"Med"
"Ford","Aspire","1995","Gasoline",5035,1.3,"Med"
"Ford","Belina","1986","Gasoline",4166,1.8,"Med"
"Ford","Belina","1985","Gasoline",3849,1.8,"Med"
"Ford","Belina","1986","Gasoline",3165,1.8,"Med"
"Ford","Belina","1985","Gasoline",3041,1.8,"Med"
"Ford","Club","1996","Gasoline",27986,4.9,"Med"
"Ford","Club","1995","Gasoline",25591,4.9,"Med"
"Ford","Contour","1995","Gasoline",10359,2,"Med"
"Ford","Contour","1995","Gasoline",11185,2.5,"Med"
"Ford","Courier","2000","Gasoline",10785,1.3,"Med"
"Ford","Courier","1999","Gasoline",10081,1.3,"Med"
"Ford","Courier","1998","Gasoline",8665,1.3,"Med"
"Ford","Courier","1997","Gasoline",8268,1.3,"Med"
"Ford","Courier","2013","Gasoline",25115,1.6,"Med"
"Ford","Courier","2012","Gasoline",21555,1.6,"Med"
"Ford","Courier","2011","Gasoline",20704,1.6,"Med"
"Ford","Courier","2010","Gasoline",18597,1.6,"Med"
"Ford","Courier","2009","Gasoline",17548,1.6,"Med"
"Ford","Courier","2008","Gasoline",16662,1.6,"Med"
"Ford","Courier","2007","Gasoline",15998,1.6,"Med"
"Ford","Courier","2006","Gasoline",15520,1.6,"Med"
"Ford","Courier","2005","Gasoline",14689,1.6,"Med"
"Ford","Courier","2004","Gasoline",14250,1.6,"Med"
"Ford","Courier","2003","Gasoline",13825,1.6,"Med"
"Ford","Courier","2002","Gasoline",13325,1.6,"Med"
"Ford","Courier","2001","Gasoline",12815,1.6,"Med"
"Ford","Courier","2000","Gasoline",12190,1.6,"Med"
"Ford","Courier","1999","Gasoline",11688,1.4,"Med"
"Ford","Courier","1998","Gasoline",10330,1.4,"Med"
"Ford","Courier","2000","Gasoline",11158,1.4,"Med"
"Ford","Courier","1999","Gasoline",10500,1.4,"Med"
"Ford","Courier","1998","Gasoline",9683,1.4,"Med"
"Ford","Courier","1997","Gasoline",8787,1.4,"Med"
"Ford","Courier","2001","Gasoline",13780,1.6,"Med"
"Ford","Courier","2012","Gasoline",23383,1.6,"Med"
"Ford","Courier","2011","Gasoline",22600,1.6,"Med"
"Ford","Courier","2010","Gasoline",21433,1.6,"Med"
"Ford","Courier","2009","Gasoline",18289,1.6,"Med"
"Ford","Courier","2008","Gasoline",16997,1.6,"Med"
"Ford","Courier","2007","Gasoline",16346,1.6,"Med"
"Ford","Courier","2013","Gasoline",29594,1.6,"Med"
"Ford","Courier","2012","Gasoline",23476,1.6,"Med"
"Ford","Courier","2011","Gasoline",22465,1.6,"Med"
"Ford","Courier","2010","Gasoline",21083,1.6,"Med"
"Ford","Courier","2009","Gasoline",19694,1.6,"Med"
"Ford","Courier","2008","Gasoline",18866,1.6,"Med"
"Ford","Courier","2007","Gasoline",18102,1.6,"Med"
"Ford","Courier","2006","Gasoline",17552,1.6,"Med"
"Ford","Courier","2005","Gasoline",15965,1.6,"Med"
"Ford","Courier","2004","Gasoline",15432,1.6,"Med"
"Ford","Courier","2003","Gasoline",14954,1.6,"Med"
"Ford","Courier","2002","Gasoline",14491,1.6,"Med"
"Ford","Courier","2001","Gasoline",13900,1.6,"Med"
"Ford","Courier","2000","Gasoline",13386,1.6,"Med"
"Ford","Crown","1992","Gasoline",19604,4.6,"Med"
"Ford","Crown","1991","Gasoline",14336,4.6,"Med"
"Ford","Del","1991","Gasoline",7403,1.8,"Med"
"Ford","Del","1990","Gasoline",7145,1.8,"Med"
"Ford","Del","1989","Gasoline",5842,1.8,"Med"
"Ford","Del","1988","Gasoline",5146,1.8,"Med"
"Ford","Del","1987","Gasoline",4972,1.8,"Med"
"Ford","Del","1986","Gasoline",4441,1.8,"Med"
"Ford","Del","1985","Gasoline",3226,1.8,"Med"
"Ford","Del","1991","Gasoline",6779,1.6,"Med"
"Ford","Del","1990","Gasoline",6380,1.6,"Med"
"Ford","Del","1989","Gasoline",5768,1.6,"Med"
"Ford","Del","1988","Gasoline",5129,1.6,"Med"
"Ford","Del","1987","Gasoline",4622,1.6,"Med"
"Ford","Del","1986","Gasoline",4079,1.6,"Med"
"Ford","Del","1985","Gasoline",2903,1.6,"Med"
"Ford","Del","1991","Gasoline",4752,1.8,"Med"
"Ford","Del","1990","Gasoline",4591,1.8,"Med"
"Ford","Del","1989","Gasoline",4034,1.8,"Med"
"Ford","Del","1988","Gasoline",3728,1.8,"Med"
"Ford","Del","1987","Gasoline",3257,1.8,"Med"
"Ford","Del","1986","Gasoline",2744,1.8,"Med"
"Ford","Del","1985","Gasoline",2411,1.8,"Med"
"Ford","EcoSport","2012","Gasoline",35266,2,"Med"
"Ford","EcoSport","2011","Gasoline",33301,2,"Med"
"Ford","EcoSport","2010","Gasoline",32305,2,"Med"
"Ford","EcoSport","2009","Gasoline",29511,2,"Med"
"Ford","EcoSport","2008","Gasoline",28125,2,"Med"
"Ford","EcoSport","2007","Gasoline",26718,2,"Med"
"Ford","EcoSport","2006","Gasoline",22832,2,"Med"
"Ford","EcoSport","2005","Gasoline",21288,2,"Med"
"Ford","EcoSport","2004","Gasoline",20549,2,"Med"
"Ford","EcoSport","Zero KM","Gasoline",87179,1.5,"Aut"
"Ford","EcoSport","2019","Gasoline",81155,1.5,"Aut"
"Ford","EcoSport","2018","Gasoline",78305,1.5,"Aut"
"Ford","EcoSport","Zero KM","Gasoline",80759,1.5,"Med"
"Ford","EcoSport","2019","Gasoline",75020,1.5,"Med"
"Ford","EcoSport","2018","Gasoline",72665,1.5,"Med"
"Ford","EcoSport","2017","Gasoline",68596,1.6,"Med"
"Ford","EcoSport","2016","Gasoline",62429,1.6,"Med"
"Ford","EcoSport","2015","Gasoline",53125,1.6,"Med"
"Ford","EcoSport","2014","Gasoline",47413,1.6,"Med"
"Ford","EcoSport","2013","Gasoline",43995,1.6,"Med"
"Ford","EcoSport","2012","Gasoline",38221,1.6,"Med"
"Ford","EcoSport","2017","Gasoline",70101,1.6,"Aut"
"Ford","EcoSport","2016","Gasoline",64236,1.6,"Aut"
"Ford","EcoSport","2017","Gasoline",74119,2,"Med"
"Ford","EcoSport","2016","Gasoline",65950,2,"Med"
"Ford","EcoSport","2015","Gasoline",54100,2,"Med"
"Ford","EcoSport","2014","Gasoline",52020,2,"Med"
"Ford","EcoSport","2013","Gasoline",49148,2,"Med"
"Ford","EcoSport","2014","Gasoline",49809,2,"Med"
"Ford","EcoSport","2013","Gasoline",47015,2,"Med"
"Ford","EcoSport","2016","Gasoline",64303,2,"Aut"
"Ford","EcoSport","2015","Gasoline",53161,2,"Aut"
"Ford","EcoSport","Zero KM","Gasoline",90773,1.5,"Aut"
"Ford","EcoSport","2019","Gasoline",82807,1.5,"Aut"
"Ford","EcoSport","2015","Gasoline",48094,1.6,"Med"
"Ford","EcoSport","2014","Gasoline",46312,1.6,"Med"
"Ford","EcoSport","2013","Gasoline",43656,1.6,"Med"
"Ford","EcoSport","Zero KM","Gasoline",79671,1.5,"Aut"
"Ford","EcoSport","2019","Gasoline",74015,1.5,"Aut"
"Ford","EcoSport","2018","Gasoline",71830,1.5,"Aut"
"Ford","EcoSport","Zero KM","Gasoline",74678,1.5,"Med"
"Ford","EcoSport","2019","Gasoline",69578,1.5,"Med"
"Ford","EcoSport","2018","Gasoline",66810,1.5,"Med"
"Ford","EcoSport","2017","Gasoline",62145,1.6,"Aut"
"Ford","EcoSport","2016","Gasoline",59989,1.6,"Aut"
"Ford","EcoSport","2017","Gasoline",62087,1.6,"Med"
"Ford","EcoSport","2016","Gasoline",57810,1.6,"Med"
"Ford","EcoSport","2015","Gasoline",52665,1.6,"Med"
"Ford","EcoSport","2014","Gasoline",48178,1.6,"Med"
"Ford","EcoSport","2013","Gasoline",44831,1.6,"Med"
"Ford","EcoSport","2017","Gasoline",67832,2,"Aut"
"Ford","EcoSport","2016","Gasoline",57998,2,"Aut"
"Ford","EcoSport","2015","Gasoline",53500,2,"Aut"
"Ford","EcoSport","2014","Gasoline",50944,2,"Aut"
"Ford","EcoSport","2013","Gasoline",47453,2,"Aut"
"Ford","EcoSport","2017","Gasoline",58696,1.6,"Aut"
"Ford","EcoSport","Zero KM","Gasoline",98857,2,"Aut"
"Ford","EcoSport","2019","Gasoline",88287,2,"Aut"
"Ford","EcoSport","2018","Gasoline",84607,2,"Aut"
"Ford","EcoSport","2015","Gasoline",54853,1.6,"Med"
"Ford","EcoSport","2014","Gasoline",51135,1.6,"Med"
"Ford","EcoSport","2013","Gasoline",49061,1.6,"Med"
"Ford","EcoSport","2015","Gasoline",58850,2,"Med"
"Ford","EcoSport","2014","Gasoline",53787,2,"Med"
"Ford","EcoSport","2013","Gasoline",50379,2,"Med"
"Ford","EcoSport","Zero KM","Gasoline",94519,2,"Aut"
"Ford","EcoSport","2019","Gasoline",85899,2,"Aut"
"Ford","EcoSport","2018","Gasoline",81566,2,"Aut"
"Ford","EcoSport","2017","Gasoline",72672,2,"Aut"
"Ford","EcoSport","2016","Gasoline",63080,2,"Aut"
"Ford","EcoSport","2015","Gasoline",59100,2,"Aut"
"Ford","EcoSport","2014","Gasoline",53845,2,"Aut"
"Ford","EcoSport","2013","Gasoline",51477,2,"Aut"
"Ford","EcoSport","2012","Gasoline",32465,1.6,"Med"
"Ford","EcoSport","2011","Gasoline",31215,1.6,"Med"
"Ford","EcoSport","2010","Gasoline",27896,1.6,"Med"
"Ford","EcoSport","2009","Gasoline",26101,1.6,"Med"
"Ford","EcoSport","2008","Gasoline",25180,1.6,"Med"
"Ford","EcoSport","2007","Gasoline",23745,1.6,"Med"
"Ford","EcoSport","2006","Gasoline",22563,1.6,"Med"
"Ford","EcoSport","2005","Gasoline",21659,1.6,"Med"
"Ford","EcoSport","2004","Gasoline",20398,1.6,"Med"
"Ford","EcoSport","2003","Gasoline",19580,1.6,"Med"
"Ford","EcoSport","2006","Gasoline",22829,1,"Med"
"Ford","EcoSport","2005","Gasoline",19595,1,"Med"
"Ford","EcoSport","2004","Gasoline",18826,1,"Med"
"Ford","EcoSport","2003","Gasoline",17442,1,"Med"
"Ford","EcoSport","2012","Gasoline",32940,1.6,"Med"
"Ford","EcoSport","2011","Gasoline",31698,1.6,"Med"
"Ford","EcoSport","2010","Gasoline",29622,1.6,"Med"
"Ford","EcoSport","2009","Gasoline",27892,1.6,"Med"
"Ford","EcoSport","2008","Gasoline",26568,1.6,"Med"
"Ford","EcoSport","2007","Gasoline",23792,1.6,"Med"
"Ford","EcoSport","2006","Gasoline",23010,1.6,"Med"
"Ford","EcoSport","2005","Gasoline",22128,1.6,"Med"
"Ford","EcoSport","2004","Gasoline",21322,1.6,"Med"
"Ford","EcoSport","2003","Gasoline",20415,1.6,"Med"
"Ford","EcoSport","2012","Gasoline",34830,2,"Aut"
"Ford","EcoSport","2011","Gasoline",33202,2,"Aut"
"Ford","EcoSport","2010","Gasoline",32079,2,"Aut"
"Ford","EcoSport","2009","Gasoline",29293,2,"Aut"
"Ford","EcoSport","2008","Gasoline",27589,2,"Aut"
"Ford","EcoSport","2007","Gasoline",25418,2,"Aut"
"Ford","EcoSport","2007","Gasoline",25041,1.6,"Med"
"Ford","EcoSport","2006","Gasoline",24169,1.6,"Med"
"Ford","EcoSport","2012","Gasoline",33549,1.6,"Med"
"Ford","EcoSport","2011","Gasoline",32401,1.6,"Med"
"Ford","EcoSport","2010","Gasoline",31439,1.6,"Med"
"Ford","EcoSport","2009","Gasoline",29138,1.6,"Med"
"Ford","EcoSport","2008","Gasoline",27298,1.6,"Med"
"Ford","EcoSport","2007","Gasoline",25324,1.6,"Med"
"Ford","EcoSport","2006","Gasoline",23335,1.6,"Med"
"Ford","EcoSport","2005","Gasoline",22155,1.6,"Med"
"Ford","EcoSport","2004","Gasoline",21147,1.6,"Med"
"Ford","EcoSport","2003","Gasoline",20307,1.6,"Med"
"Ford","EcoSport","2012","Gasoline",35020,2,"Aut"
"Ford","EcoSport","2011","Gasoline",33298,2,"Aut"
"Ford","EcoSport","2010","Gasoline",32272,2,"Aut"
"Ford","EcoSport","2009","Gasoline",29506,2,"Aut"
"Ford","EcoSport","2008","Gasoline",27643,2,"Aut"
"Ford","EcoSport","2007","Gasoline",25704,2,"Aut"
"Ford","EcoSport","2012","Gasoline",34701,2,"Med"
"Ford","EcoSport","2011","Gasoline",32766,2,"Med"
"Ford","EcoSport","2010","Gasoline",31647,2,"Med"
"Ford","EcoSport","2009","Gasoline",29220,2,"Med"
"Ford","EcoSport","2008","Gasoline",27401,2,"Med"
"Ford","EcoSport","2007","Gasoline",25345,2,"Med"
"Ford","EcoSport","2006","Gasoline",23426,2,"Med"
"Ford","EcoSport","2005","Gasoline",22187,2,"Med"
"Ford","EcoSport","2004","Gasoline",21219,2,"Med"
"Ford","EcoSport","2003","Gasoline",20324,2,"Med"
"Ford","EcoSport","2012","Gasoline",34695,1.6,"Med"
"Ford","EcoSport","2011","Gasoline",33098,1.6,"Med"
"Ford","EcoSport","2010","Gasoline",31440,1.6,"Med"
"Ford","EcoSport","2009","Gasoline",29121,1.6,"Med"
"Ford","EcoSport","2008","Gasoline",27496,1.6,"Med"
"Ford","EcoSport","2007","Gasoline",25411,1.6,"Med"
"Ford","EcoSport","2012","Gasoline",33527,2,"Med"
"Ford","EcoSport","2011","Gasoline",31928,2,"Med"
"Ford","EcoSport","2010","Gasoline",30945,2,"Med"
"Ford","EcoSport","2009","Gasoline",27392,2,"Med"
"Ford","EDGE","2015","Gasoline",123192,3.5,"Aut"
"Ford","EDGE","2014","Gasoline",99111,3.5,"Aut"
"Ford","EDGE","2013","Gasoline",80137,3.5,"Aut"
"Ford","EDGE","2012","Gasoline",77381,3.5,"Aut"
"Ford","EDGE","2011","Gasoline",69482,3.5,"Aut"
"Ford","EDGE","2010","Gasoline",59935,3.5,"Aut"
"Ford","EDGE","2009","Gasoline",46858,3.5,"Aut"
"Ford","EDGE","2013","Gasoline",77462,3.5,"Aut"
"Ford","EDGE","2012","Gasoline",68051,3.5,"Aut"
"Ford","EDGE","2015","Gasoline",112553,3.5,"Aut"
"Ford","EDGE","2014","Gasoline",89996,3.5,"Aut"
"Ford","EDGE","2013","Gasoline",75148,3.5,"Aut"
"Ford","EDGE","2012","Gasoline",67221,3.5,"Aut"
"Ford","EDGE","2012","Gasoline",69533,3.5,"Aut"
"Ford","EDGE","2011","Gasoline",63689,3.5,"Aut"
"Ford","EDGE","2010","Gasoline",59793,3.5,"Aut"
"Ford","EDGE","2009","Gasoline",46103,3.5,"Aut"
"Ford","EDGE","Zero KM","Gasoline",241354,3.5,"Aut"
"Ford","EDGE","2018","Gasoline",220376,3.5,"Aut"
"Ford","EDGE","2017","Gasoline",213694,3.5,"Aut"
"Ford","EDGE","2016","Gasoline",198835,3.5,"Aut"
"Ford","Escort","1996","Gasoline",7941,2,"Med"
"Ford","Escort","1995","Álcool",6413,1.8,"Med"
"Ford","Escort","1995","Álcool",6413,1.8,"Med"
"Ford","Escort","1994","Gasoline",6530,1.8,"Med"
"Ford","Escort","1993","Gasoline",6292,1.8,"Med"
"Ford","Escort","1992","Gasoline",5576,1.8,"Med"
"Ford","Escort","1991","Gasoline",5395,1.8,"Med"
"Ford","Escort","1990","Gasoline",5190,1.8,"Med"
"Ford","Escort","1989","Gasoline",4772,1.8,"Med"
"Ford","Escort","1988","Gasoline",4101,1.8,"Med"
"Ford","Escort","1987","Gasoline",3817,1.8,"Med"
"Ford","Escort","1986","Gasoline",3687,1.8,"Med"
"Ford","Escort","1985","Gasoline",3317,1.8,"Med"
"Ford","Escort","1995","Álcool",7140,2,"Med"
"Ford","Escort","1995","Álcool",7140,2,"Med"
"Ford","Escort","1994","Gasoline",7965,2,"Med"
"Ford","Escort","1993","Gasoline",6652,2,"Med"
"Ford","Escort","2002","Gasoline",10301,1.6,"Med"
"Ford","Escort","2001","Gasoline",9540,1.6,"Med"
"Ford","Escort","2000","Gasoline",9069,1.6,"Med"
"Ford","Escort","1996","Gasoline",6556,1.6,"Med"
"Ford","Escort","1996","Gasoline",6556,1.6,"Med"
"Ford","Escort","1995","Álcool",5868,1.6,"Med"
"Ford","Escort","1995","Álcool",5868,1.6,"Med"
"Ford","Escort","1994","Gasoline",6121,1.6,"Med"
"Ford","Escort","1993","Gasoline",5871,1.6,"Med"
"Ford","Escort","1992","Gasoline",5496,1.6,"Med"
"Ford","Escort","1991","Gasoline",5285,1.6,"Med"
"Ford","Escort","1990","Gasoline",5104,1.6,"Med"
"Ford","Escort","1989","Gasoline",4605,1.6,"Med"
"Ford","Escort","1988","Gasoline",4098,1.6,"Med"
"Ford","Escort","1987","Gasoline",3677,1.6,"Med"
"Ford","Escort","1986","Gasoline",3551,1.6,"Med"
"Ford","Escort","1985","Gasoline",3376,1.6,"Med"
"Ford","Escort","1996","Álcool",6569,1.8,"Med"
"Ford","Escort","1996","Álcool",6569,1.8,"Med"
"Ford","Escort","1995","Álcool",6256,1.8,"Med"
"Ford","Escort","1995","Álcool",6256,1.8,"Med"
"Ford","Escort","1994","Gasoline",6399,1.8,"Med"
"Ford","Escort","1993","Gasoline",6132,1.8,"Med"
"Ford","Escort","1992","Gasoline",5898,1.8,"Med"
"Ford","Escort","1991","Gasoline",5659,1.8,"Med"
"Ford","Escort","1990","Gasoline",5352,1.8,"Med"
"Ford","Escort","1989","Gasoline",4663,1.8,"Med"
"Ford","Escort","1999","Gasoline",8161,1.8,"Med"
"Ford","Escort","1998","Gasoline",7901,1.8,"Med"
"Ford","Escort","1997","Gasoline",7492,1.8,"Med"
"Ford","Escort","2003","Gasoline",11699,1.8,"Med"
"Ford","Escort","2002","Gasoline",10827,1.8,"Med"
"Ford","Escort","2001","Gasoline",9861,1.8,"Med"
"Ford","Escort","2000","Gasoline",9090,1.8,"Med"
"Ford","Escort","1999","Gasoline",8569,1.8,"Med"
"Ford","Escort","1998","Gasoline",8008,1.8,"Med"
"Ford","Escort","1997","Gasoline",7537,1.8,"Med"
"Ford","Escort","1996","Álcool",6768,1.6,"Med"
"Ford","Escort","1996","Álcool",6768,1.6,"Med"
"Ford","Escort","1995","Álcool",6277,1.6,"Med"
"Ford","Escort","1995","Álcool",6277,1.6,"Med"
"Ford","Escort","1994","Gasoline",6421,1.6,"Med"
"Ford","Escort","2001","Gasoline",10500,1.8,"Med"
"Ford","Escort","2000","Gasoline",9762,1.8,"Med"
"Ford","Escort","1999","Gasoline",9078,1.8,"Med"
"Ford","Escort","1998","Gasoline",8097,1.8,"Med"
"Ford","Escort","1997","Gasoline",7520,1.8,"Med"
"Ford","Escort","1996","Álcool",7121,1.8,"Med"
"Ford","Escort","1996","Álcool",7121,1.8,"Med"
"Ford","Escort","1995","Álcool",6845,1.8,"Med"
"Ford","Escort","1995","Álcool",6845,1.8,"Med"
"Ford","Escort","1994","Gasoline",6696,1.8,"Med"
"Ford","Escort","1993","Gasoline",5838,1.8,"Med"
"Ford","Escort","1992","Gasoline",5339,1.8,"Med"
"Ford","Escort","1991","Gasoline",4737,1.8,"Med"
"Ford","Escort","1996","Gasoline",6487,1,"Med"
"Ford","Escort","1995","Gasoline",6221,1,"Med"
"Ford","Escort","1994","Gasoline",5526,1,"Med"
"Ford","Escort","1993","Gasoline",4932,1,"Med"
"Ford","Escort","1995","Gasoline",6534,1.6,"Med"
"Ford","Escort","1994","Gasoline",5679,1.6,"Med"
"Ford","Escort","1993","Gasoline",5511,1.6,"Med"
"Ford","Escort","1994","Gasoline",6845,1.8,"Med"
"Ford","Escort","1993","Gasoline",5784,1.8,"Med"
"Ford","Escort","1992","Gasoline",5261,1.8,"Med"
"Ford","Escort","1991","Gasoline",5002,1.8,"Med"
"Ford","Escort","1994","Gasoline",6012,1.6,"Med"
"Ford","Escort","1993","Gasoline",5737,1.6,"Med"
"Ford","Escort","1992","Gasoline",5257,1.6,"Med"
"Ford","Escort","1991","Gasoline",4896,1.6,"Med"
"Ford","Escort","1990","Gasoline",4744,1.6,"Med"
"Ford","Escort","1989","Gasoline",4295,1.6,"Med"
"Ford","Escort","1988","Gasoline",3909,1.6,"Med"
"Ford","Escort","1987","Gasoline",3277,1.6,"Med"
"Ford","Escort","1986","Gasoline",3143,1.6,"Med"
"Ford","Escort","1985","Gasoline",2676,1.6,"Med"
"Ford","Escort","2000","Gasoline",11882,1.8,"Med"
"Ford","Escort","1999","Gasoline",11294,1.8,"Med"
"Ford","Escort","1998","Gasoline",9626,1.8,"Med"
"Ford","Escort","2003","Gasoline",10814,1.8,"Med"
"Ford","Escort","2002","Gasoline",10294,1.8,"Med"
"Ford","Escort","2001","Gasoline",9355,1.8,"Med"
"Ford","Escort","2000","Gasoline",9060,1.8,"Med"
"Ford","Escort","1999","Gasoline",7822,1.8,"Med"
"Ford","Escort","1998","Gasoline",7173,1.8,"Med"
"Ford","Escort","1997","Gasoline",6914,1.8,"Med"
"Ford","Escort","2002","Gasoline",11650,1.8,"Med"
"Ford","Escort","2001","Gasoline",10515,1.8,"Med"
"Ford","Escort","2000","Gasoline",10032,1.8,"Med"
"Ford","Escort","1999","Gasoline",8824,1.8,"Med"
"Ford","Escort","1998","Gasoline",7863,1.8,"Med"
"Ford","Escort","1997","Gasoline",6943,1.8,"Med"
"Ford","Escort","1995","Gasoline",8285,1.9,"Med"
"Ford","Escort","2003","Gasoline",12615,1.6,"Med"
"Ford","Escort","2003","Gasoline",12615,1.6,"Med"
"Ford","Escort","2002","Gasoline",10310,1.6,"Med"
"Ford","Escort","2002","Gasoline",10310,1.6,"Med"
"Ford","Escort","2001","Gasoline",9593,1.6,"Med"
"Ford","Escort","2001","Gasoline",9593,1.6,"Med"
"Ford","Escort","2000","Gasoline",8788,1.6,"Med"
"Ford","Escort","1992","Gasoline",7864,1.8,"Med"
"Ford","Escort","1991","Gasoline",7489,1.8,"Med"
"Ford","Escort","1990","Gasoline",6988,1.8,"Med"
"Ford","Escort","1989","Gasoline",6741,1.8,"Med"
"Ford","Escort","1988","Gasoline",5653,1.8,"Med"
"Ford","Escort","1987","Gasoline",4457,1.8,"Med"
"Ford","Escort","1986","Gasoline",4279,1.8,"Med"
"Ford","Escort","1985","Gasoline",3379,1.8,"Med"
"Ford","Escort","1992","Gasoline",14683,1.8,"Med"
"Ford","Escort","1991","Gasoline",12007,1.8,"Med"
"Ford","Escort","1990","Gasoline",11483,1.8,"Med"
"Ford","Escort","1989","Gasoline",8312,1.8,"Med"
"Ford","Escort","1988","Gasoline",6923,1.8,"Med"
"Ford","Escort","1987","Gasoline",6027,1.8,"Med"
"Ford","Escort","1986","Gasoline",5759,1.8,"Med"
"Ford","Escort","1985","Gasoline",4024,1.8,"Med"
"Ford","Escort","1996","Gasoline",7541,2,"Med"
"Ford","Escort","1995","Gasoline",7306,2,"Med"
"Ford","Escort","1995","Gasoline",7306,2,"Med"
"Ford","Escort","1994","Gasoline",7089,2,"Med"
"Ford","Escort","1993","Gasoline",6574,2,"Med"
"Ford","Escort","1995","Gasoline",17694,2,"Med"
"Ford","Escort","1995","Gasoline",17694,2,"Med"
"Ford","Escort","1994","Gasoline",16407,2,"Med"
"Ford","Escort","1993","Gasoline",15850,2,"Med"
"Ford","Expedition","1999","Gasoline",36575,5.4,"Med"
"Ford","Expedition","1998","Gasoline",32283,5.4,"Med"
"Ford","Expedition","1997","Gasoline",25637,5.4,"Med"
"Ford","Explorer","2005","Gasoline",44300,4,"Med"
"Ford","Explorer","2001","Gasoline",26395,5,"Med"
"Ford","Explorer","2000","Gasoline",24596,5,"Med"
"Ford","Explorer","1999","Gasoline",23506,5,"Med"
"Ford","Explorer","1998","Gasoline",19301,5,"Med"
"Ford","Explorer","1996","Gasoline",18175,4,"Med"
"Ford","Explorer","1995","Gasoline",16978,4,"Med"
"Ford","Explorer","1994","Gasoline",14640,4,"Med"
"Ford","Explorer","1996","Gasoline",13464,4,"Med"
"Ford","Explorer","1995","Gasoline",12212,4,"Med"
"Ford","Explorer","1994","Gasoline",10613,4,"Med"
"Ford","Explorer","1993","Gasoline",10220,4,"Med"
"Ford","Explorer","1992","Gasoline",9843,4,"Med"
"Ford","Explorer","1991","Gasoline",8002,4,"Med"
"Ford","Explorer","1996","Gasoline",14000,4,"Med"
"Ford","Explorer","1995","Gasoline",12902,4,"Med"
"Ford","Explorer","1994","Gasoline",11238,4,"Med"
"Ford","Explorer","1993","Gasoline",10620,4,"Med"
"Ford","Explorer","1992","Gasoline",10136,4,"Med"
"Ford","Explorer","1991","Gasoline",9544,4,"Med"
"Ford","Explorer","1997","Gasoline",18599,4,"Med"
"Ford","Explorer","1996","Gasoline",17155,4,"Med"
"Ford","Explorer","1995","Gasoline",14557,4,"Med"
"Ford","Explorer","1994","Gasoline",13527,4,"Med"
"Ford","Explorer","1993","Gasoline",12639,4,"Med"
"Ford","Explorer","1992","Gasoline",11686,4,"Med"
"Ford","Explorer","1991","Gasoline",11005,4,"Med"
"Ford","Explorer","1999","Gasoline",21559,4,"Med"
"Ford","Explorer","1998","Gasoline",20451,4,"Med"
"Ford","Explorer","1997","Gasoline",19502,4,"Med"
"Ford","Explorer","1996","Gasoline",17275,4,"Med"
"Ford","Explorer","1995","Gasoline",16622,4,"Med"
"Ford","Explorer","1994","Gasoline",14306,4,"Med"
"Ford","Explorer","1993","Gasoline",13307,4,"Med"
"Ford","F-100","1986","Gasoline",6468,2.3,"Med"
"Ford","F-100","1985","Gasoline",5493,2.3,"Med"
"Ford","F-100","1986","Gasoline",8047,2.3,"Med"
"Ford","F-100","1985","Gasoline",7248,2.3,"Med"
"Ford","F-100","1986","Gasoline",8103,2.3,"Med"
"Ford","F-100","1985","Gasoline",7225,2.3,"Med"
"Ford","F-100","1986","Gasoline",7704,2.3,"Med"
"Ford","F-100","1985","Gasoline",6707,2.3,"Med"
"Ford","F-100","1986","Gasoline",8360,2.3,"Med"
"Ford","F-100","1985","Gasoline",7439,2.3,"Med"
"Ford","F-1000","1995","Álcool",18510,3.6,"Med"
"Ford","F-1000","1995","Álcool",18510,3.6,"Med"
"Ford","F-1000","1994","Gasoline",15985,3.6,"Med"
"Ford","F-1000","1993","Gasoline",15419,3.6,"Med"
"Ford","F-1000","1992","Gasoline",13106,3.6,"Med"
"Ford","F-1000","1991","Gasoline",11851,3.6,"Med"
"Ford","F-1000","1990","Gasoline",11481,3.6,"Med"
"Ford","F-1000","1989","Gasoline",11120,3.6,"Med"
"Ford","F-1000","1988","Gasoline",10749,3.6,"Med"
"Ford","F-1000","1987","Gasoline",10330,3.6,"Med"
"Ford","F-1000","1986","Gasoline",10001,3.6,"Med"
"Ford","F-1000","1985","Gasoline",9685,3.6,"Med"
"Ford","F-1000","1995","Diesel",36591,3.9,"Med"
"Ford","F-1000","1994","Diesel",34968,3.9,"Med"
"Ford","F-1000","1993","Diesel",33886,3.9,"Med"
"Ford","F-1000","1992","Diesel",32082,3.9,"Med"
"Ford","F-1000","1991","Diesel",27712,3.9,"Med"
"Ford","F-1000","1990","Diesel",26894,3.9,"Med"
"Ford","F-1000","1989","Diesel",25898,3.9,"Med"
"Ford","F-1000","1988","Diesel",25121,3.9,"Med"
"Ford","F-1000","1987","Diesel",24215,3.9,"Med"
"Ford","F-1000","1986","Diesel",23298,3.9,"Med"
"Ford","F-1000","1985","Diesel",19676,3.9,"Med"
"Ford","F-1000","1998","Gasoline",16190,4.9,"Med"
"Ford","F-1000","1995","Gasoline",15157,4.9,"Med"
"Ford","F-1000","1998","Gasoline",27016,4.9,"Med"
"Ford","F-1000","1997","Gasoline",24264,4.9,"Med"
"Ford","F-1000","1996","Gasoline",17255,3.6,"Med"
"Ford","F-1000","1996","Gasoline",17255,3.6,"Med"
"Ford","F-1000","1995","Gasoline",16714,3.6,"Med"
"Ford","F-1000","1995","Gasoline",16714,3.6,"Med"
"Ford","F-1000","1994","Gasoline",15966,3.6,"Med"
"Ford","F-1000","1993","Gasoline",14408,3.6,"Med"
"Ford","F-1000","1992","Gasoline",11896,3.6,"Med"
"Ford","F-1000","1991","Gasoline",10486,3.6,"Med"
"Ford","F-1000","1990","Gasoline",10130,3.6,"Med"
"Ford","F-1000","1989","Gasoline",9805,3.6,"Med"
"Ford","F-1000","1988","Gasoline",9491,3.6,"Med"
"Ford","F-1000","1987","Gasoline",8858,3.6,"Med"
"Ford","F-1000","1986","Gasoline",8519,3.6,"Med"
"Ford","F-1000","1985","Gasoline",7136,3.6,"Med"
"Ford","F-1000","1996","Álcool",18733,4.9,"Med"
"Ford","F-1000","1996","Álcool",18733,4.9,"Med"
"Ford","F-1000","1995","Gasoline",18938,4.9,"Med"
"Ford","F-1000","1995","Gasoline",18938,4.9,"Med"
"Ford","F-1000","1994","Gasoline",18275,4.9,"Med"
"Ford","F-1000","1993","Gasoline",14718,4.9,"Med"
"Ford","F-1000","1996","Diesel",34866,3.9,"Med"
"Ford","F-1000","1995","Diesel",33519,3.9,"Med"
"Ford","F-1000","1994","Diesel",32298,3.9,"Med"
"Ford","F-1000","1993","Diesel",28979,3.9,"Med"
"Ford","F-1000","1996","Gasoline",20256,4.9,"Med"
"Ford","F-1000","1996","Gasoline",20256,4.9,"Med"
"Ford","F-1000","1995","Gasoline",19169,4.9,"Med"
"Ford","F-1000","1995","Gasoline",19169,4.9,"Med"
"Ford","F-1000","1994","Gasoline",16720,4.9,"Med"
"Ford","F-1000","1993","Gasoline",13686,4.9,"Med"
"Ford","F-1000","1996","Diesel",37602,3.9,"Med"
"Ford","F-1000","1995","Diesel",36261,3.9,"Med"
"Ford","F-1000","1994","Diesel",34935,3.9,"Med"
"Ford","F-1000","1993","Diesel",30085,3.9,"Med"
"Ford","F-1000","1995","Diesel",35890,3.9,"Med"
"Ford","F-1000","1994","Diesel",33139,3.9,"Med"
"Ford","F-1000","1998","Gasoline",23207,4.9,"Med"
"Ford","F-1000","1997","Gasoline",20395,4.9,"Med"
"Ford","F-1000","1996","Gasoline",18790,4.9,"Med"
"Ford","F-1000","1998","Diesel",44920,2.5,"Med"
"Ford","F-1000","1997","Diesel",39140,2.5,"Med"
"Ford","F-1000","1996","Diesel",34177,2.5,"Med"
"Ford","F-1000","1995","Diesel",32196,2.5,"Med"
"Ford","F-1000","1994","Diesel",30631,2.5,"Med"
"Ford","F-1000","1998","Gasoline",31727,4.9,"Med"
"Ford","F-1000","1997","Gasoline",28006,4.9,"Med"
"Ford","F-1000","1996","Gasoline",23124,4.9,"Med"
"Ford","F-1000","1998","Diesel",32894,2.5,"Med"
"Ford","F-1000","1997","Diesel",30020,2.5,"Med"
"Ford","F-1000","1996","Diesel",25489,2.5,"Med"
"Ford","F-1000","1998","Gasoline",20310,4.9,"Med"
"Ford","F-1000","1997","Gasoline",18599,4.9,"Med"
"Ford","F-1000","1996","Gasoline",17998,4.9,"Med"
"Ford","F-1000","1998","Gasoline",20714,4.9,"Med"
"Ford","F-1000","1997","Gasoline",19115,4.9,"Med"
"Ford","F-1000","1996","Gasoline",17329,4.9,"Med"
"Ford","F-1000","1998","Diesel",39878,2.5,"Med"
"Ford","F-1000","1997","Diesel",35109,2.5,"Med"
"Ford","F-1000","1996","Diesel",29885,2.5,"Med"
"Ford","F-1000","1998","Gasoline",30556,4.9,"Med"
"Ford","F-1000","1997","Gasoline",27833,4.9,"Med"
"Ford","F-1000","1996","Gasoline",21158,4.9,"Med"
"Ford","F-1000","1998","Gasoline",23267,4.9,"Med"
"Ford","F-1000","1997","Gasoline",20424,4.9,"Med"
"Ford","F-150","2002","Gasoline",35915,4.3,"Med"
"Ford","F-150","1998","Gasoline",22141,4.3,"Med"
"Ford","F-150","1997","Gasoline",20243,4.3,"Med"
"Ford","F-150","1996","Gasoline",18358,4.3,"Med"
"Ford","F-150","2002","Gasoline",43633,4.3,"Med"
"Ford","F-150","1999","Gasoline",30522,4.3,"Med"
"Ford","F-150","1998","Gasoline",29335,4.3,"Med"
"Ford","F-150","1997","Gasoline",28445,4.3,"Med"
"Ford","F-150","1996","Gasoline",21395,4.3,"Med"
"Ford","F-150","1999","Gasoline",39672,4.6,"Med"
"Ford","F-150","1998","Gasoline",37482,4.6,"Med"
"Ford","F-150","1997","Gasoline",35987,4.6,"Med"
"Ford","F-150","1999","Gasoline",40101,5.8,"Med"
"Ford","F-150","1998","Gasoline",38623,5.8,"Med"
"Ford","F-150","1997","Gasoline",36809,5.8,"Med"
"Ford","F-150","1995","Gasoline",28097,5.8,"Med"
"Ford","F-150","1994","Gasoline",21458,5.8,"Med"
"Ford","F-250","2011","Diesel",132579,3.9,"Med"
"Ford","F-250","2010","Diesel",127449,3.9,"Med"
"Ford","F-250","2012","Diesel",122643,3.9,"Med"
"Ford","F-250","2011","Diesel",107773,3.9,"Med"
"Ford","F-250","2010","Diesel",103618,3.9,"Med"
"Ford","F-250","2009","Diesel",93238,3.9,"Med"
"Ford","F-250","2008","Diesel",79336,3.9,"Med"
"Ford","F-250","2007","Diesel",74688,3.9,"Med"
"Ford","F-250","2012","Diesel",100276,3.9,"Med"
"Ford","F-250","2011","Diesel",97112,3.9,"Med"
"Ford","F-250","2010","Diesel",93402,3.9,"Med"
"Ford","F-250","2009","Diesel",75196,3.9,"Med"
"Ford","F-250","2008","Diesel",72484,3.9,"Med"
"Ford","F-250","2007","Diesel",60571,3.9,"Med"
"Ford","F-250","1999","Diesel",49171,3.9,"Med"
"Ford","F-250","1998","Diesel",41835,3.9,"Med"
"Ford","F-250","2006","Diesel",80337,4.2,"Med"
"Ford","F-250","2005","Diesel",73132,4.2,"Med"
"Ford","F-250","2004","Diesel",70751,4.2,"Med"
"Ford","F-250","2003","Diesel",65940,4.2,"Med"
"Ford","F-250","2002","Diesel",63686,4.2,"Med"
"Ford","F-250","2001","Diesel",57950,4.2,"Med"
"Ford","F-250","2000","Diesel",55625,4.2,"Med"
"Ford","F-250","1999","Diesel",52707,4.2,"Med"
"Ford","F-250","1998","Diesel",43770,4.2,"Med"
"Ford","F-250","1999","Gasoline",36515,4.2,"Med"
"Ford","F-250","1998","Gasoline",29277,4.2,"Med"
"Ford","F-250","2011","Diesel",110486,3.9,"Med"
"Ford","F-250","2010","Diesel",97623,3.9,"Med"
"Ford","F-250","2009","Diesel",85438,3.9,"Med"
"Ford","F-250","2008","Diesel",77313,3.9,"Med"
"Ford","F-250","2007","Diesel",72967,3.9,"Med"
"Ford","F-250","2011","Diesel",112751,3.9,"Med"
"Ford","F-250","2010","Diesel",105943,3.9,"Med"
"Ford","F-250","2009","Diesel",90335,3.9,"Med"
"Ford","F-250","2008","Diesel",87018,3.9,"Med"
"Ford","F-250","2007","Diesel",78079,3.9,"Med"
"Ford","F-250","2011","Diesel",126422,3.9,"Med"
"Ford","F-250","2010","Diesel",116103,3.9,"Med"
"Ford","F-250","2009","Diesel",105291,3.9,"Med"
"Ford","F-250","2008","Diesel",94372,3.9,"Med"
"Ford","F-250","2007","Diesel",86325,3.9,"Med"
"Ford","F-250","2011","Diesel",120086,3.9,"Med"
"Ford","F-250","2010","Diesel",111482,3.9,"Med"
"Ford","F-250","2009","Diesel",98325,3.9,"Med"
"Ford","F-250","2008","Diesel",89552,3.9,"Med"
"Ford","F-250","2007","Diesel",85598,3.9,"Med"
"Ford","F-250","2011","Diesel",70492,3.9,"Med"
"Ford","F-250","2010","Diesel",67584,3.9,"Med"
"Ford","F-250","2009","Diesel",64746,3.9,"Med"
"Ford","F-250","2008","Diesel",62255,3.9,"Med"
"Ford","F-250","2007","Diesel",57822,3.9,"Med"
"Ford","F-250","2000","Diesel",49668,3.9,"Med"
"Ford","F-250","1999","Diesel",45077,3.9,"Med"
"Ford","F-250","1998","Diesel",35451,3.9,"Med"
"Ford","F-250","2011","Diesel",71905,3.9,"Med"
"Ford","F-250","2010","Diesel",69196,3.9,"Med"
"Ford","F-250","2009","Diesel",66413,3.9,"Med"
"Ford","F-250","2008","Diesel",63241,3.9,"Med"
"Ford","F-250","2007","Diesel",61148,3.9,"Med"
"Ford","F-250","2011","Diesel",89248,3.9,"Med"
"Ford","F-250","2010","Diesel",72930,3.9,"Med"
"Ford","F-250","2009","Diesel",70087,3.9,"Med"
"Ford","F-250","2008","Diesel",65779,3.9,"Med"
"Ford","F-250","2007","Diesel",62643,3.9,"Med"
"Ford","F-250","2006","Diesel",65429,4.2,"Med"
"Ford","F-250","2005","Diesel",62753,4.2,"Med"
"Ford","F-250","2004","Diesel",59296,4.2,"Med"
"Ford","F-250","2006","Diesel",64396,4.2,"Med"
"Ford","F-250","2005","Diesel",60664,4.2,"Med"
"Ford","F-250","2004","Diesel",58349,4.2,"Med"
"Ford","F-250","2003","Diesel",55984,4.2,"Med"
"Ford","F-250","2002","Diesel",54202,4.2,"Med"
"Ford","F-250","2001","Diesel",50621,4.2,"Med"
"Ford","F-250","2000","Diesel",48898,4.2,"Med"
"Ford","F-250","1999","Diesel",47269,4.2,"Med"
"Ford","F-250","2003","Gasoline",33998,4.2,"Med"
"Ford","F-250","2002","Gasoline",32839,4.2,"Med"
"Ford","F-250","2001","Gasoline",31020,4.2,"Med"
"Ford","F-250","2000","Gasoline",29978,4.2,"Med"
"Ford","F-250","1999","Gasoline",28273,4.2,"Med"
"Ford","F-250","1998","Gasoline",22159,4.2,"Med"
"Ford","F-250","2000","Diesel",44802,3.9,"Med"
"Ford","F-250","1999","Diesel",39341,3.9,"Med"
"Ford","F-250","1998","Diesel",34091,3.9,"Med"
"Ford","F-250","2002","Diesel",39784,4.2,"Med"
"Ford","F-250","2001","Diesel",38459,4.2,"Med"
"Ford","F-250","2000","Gasoline",31490,4.2,"Med"
"Ford","F-250","1999","Gasoline",29876,4.2,"Med"
"Ford","F-250","1998","Gasoline",22402,4.2,"Med"
"Ford","F-250","2010","Diesel",82331,3.9,"Med"
"Ford","F-250","2009","Diesel",76701,3.9,"Med"
"Ford","F-250","2008","Diesel",73792,3.9,"Med"
"Ford","F-250","2007","Diesel",71333,3.9,"Med"
"Ford","F-250","2011","Diesel",85136,3.9,"Med"
"Ford","F-250","2010","Diesel",80462,3.9,"Med"
"Ford","F-250","2009","Diesel",75831,3.9,"Med"
"Ford","F-250","2008","Diesel",73297,3.9,"Med"
"Ford","F-250","2007","Diesel",65073,3.9,"Med"
"Ford","F-250","2001","Diesel",50213,3.9,"Med"
"Ford","F-250","2000","Diesel",48500,3.9,"Med"
"Ford","F-250","1999","Diesel",46637,3.9,"Med"
"Ford","F-250","1998","Diesel",38654,3.9,"Med"
"Ford","F-250","2011","Diesel",110400,3.9,"Med"
"Ford","F-250","2010","Diesel",97571,3.9,"Med"
"Ford","F-250","2009","Diesel",91298,3.9,"Med"
"Ford","F-250","2008","Diesel",84475,3.9,"Med"
"Ford","F-250","2007","Diesel",81907,3.9,"Med"
"Ford","F-250","2011","Diesel",97490,3.9,"Med"
"Ford","F-250","2010","Diesel",91003,3.9,"Med"
"Ford","F-250","2009","Diesel",83360,3.9,"Med"
"Ford","F-250","2008","Diesel",80906,3.9,"Med"
"Ford","F-250","2007","Diesel",72315,3.9,"Med"
"Ford","F-250","2006","Diesel",79096,4.2,"Med"
"Ford","F-250","2005","Diesel",73880,4.2,"Med"
"Ford","F-250","2004","Diesel",70899,4.2,"Med"
"Ford","F-250","2006","Diesel",74682,4.2,"Med"
"Ford","F-250","2005","Diesel",71776,4.2,"Med"
"Ford","F-250","2004","Diesel",68632,4.2,"Med"
"Ford","F-250","2003","Diesel",66448,4.2,"Med"
"Ford","F-250","2002","Diesel",61941,4.2,"Med"
"Ford","F-250","2001","Diesel",57388,4.2,"Med"
"Ford","F-250","2000","Diesel",54981,4.2,"Med"
"Ford","F-250","1999","Diesel",51204,4.2,"Med"
"Ford","F-250","2003","Gasoline",49217,4.2,"Med"
"Ford","F-250","2002","Gasoline",40998,4.2,"Med"
"Ford","F-250","2001","Gasoline",38627,4.2,"Med"
"Ford","F-250","2000","Gasoline",37289,4.2,"Med"
"Ford","F-250","1999","Gasoline",36013,4.2,"Med"
"Ford","F-250","1998","Gasoline",25123,4.2,"Med"
"Ford","Fiesta","2013","Gasoline",23161,1,"Med"
"Ford","Fiesta","2012","Gasoline",21939,1,"Med"
"Ford","Fiesta","2011","Gasoline",20801,1,"Med"
"Ford","Fiesta","2010","Gasoline",20120,1,"Med"
"Ford","Fiesta","2009","Gasoline",18708,1,"Med"
"Ford","Fiesta","2008","Gasoline",17426,1,"Med"
"Ford","Fiesta","2007","Gasoline",15581,1,"Med"
"Ford","Fiesta","2000","Gasoline",9400,1,"Med"
"Ford","Fiesta","1999","Gasoline",7500,1,"Med"
"Ford","Fiesta","1998","Gasoline",7200,1,"Med"
"Ford","Fiesta","1997","Gasoline",6706,1,"Med"
"Ford","Fiesta","1996","Gasoline",5935,1,"Med"
"Ford","Fiesta","1996","Gasoline",6037,1.3,"Med"
"Ford","Fiesta","1995","Gasoline",5169,1.3,"Med"
"Ford","Fiesta","2016","Gasoline",41508,1.5,"Med"
"Ford","Fiesta","2015","Gasoline",36295,1.5,"Med"
"Ford","Fiesta","2014","Gasoline",34812,1.5,"Med"
"Ford","Fiesta","2013","Gasoline",31441,1.5,"Med"
"Ford","Fiesta","2016","Gasoline",45656,1.6,"Aut"
"Ford","Fiesta","2015","Gasoline",41682,1.6,"Aut"
"Ford","Fiesta","2014","Gasoline",36967,1.6,"Aut"
"Ford","Fiesta","2013","Gasoline",35669,1.6,"Aut"
"Ford","Fiesta","2016","Gasoline",42685,1.6,"Med"
"Ford","Fiesta","2015","Gasoline",38811,1.6,"Med"
"Ford","Fiesta","2014","Gasoline",35054,1.6,"Med"
"Ford","Fiesta","2013","Gasoline",32335,1.6,"Med"
"Ford","Fiesta","2013","Gasoline",27245,1.6,"Med"
"Ford","Fiesta","2012","Gasoline",25310,1.6,"Med"
"Ford","Fiesta","2011","Gasoline",23975,1.6,"Med"
"Ford","Fiesta","2010","Gasoline",22562,1.6,"Med"
"Ford","Fiesta","2009","Gasoline",21378,1.6,"Med"
"Ford","Fiesta","2008","Gasoline",19067,1.6,"Med"
"Ford","Fiesta","2007","Gasoline",18222,1.6,"Med"
"Ford","Fiesta","2006","Gasoline",16740,1.6,"Med"
"Ford","Fiesta","2005","Gasoline",15708,1.6,"Med"
"Ford","Fiesta","2000","Gasoline",9067,1,"Med"
"Ford","Fiesta","1999","Gasoline",8001,1,"Med"
"Ford","Fiesta","1998","Gasoline",7279,1,"Med"
"Ford","Fiesta","2000","Gasoline",9139,1,"Med"
"Ford","Fiesta","1999","Gasoline",7997,1,"Med"
"Ford","Fiesta","1998","Gasoline",7705,1,"Med"
"Ford","Fiesta","2004","Gasoline",15276,1.6,"Med"
"Ford","Fiesta","2003","Gasoline",14692,1.6,"Med"
"Ford","Fiesta","1999","Gasoline",8000,1.3,"Med"
"Ford","Fiesta","1998","Gasoline",7748,1.3,"Med"
"Ford","Fiesta","1997","Gasoline",7091,1.3,"Med"
"Ford","Fiesta","1996","Gasoline",6558,1.3,"Med"
"Ford","Fiesta","1999","Gasoline",8481,1.3,"Med"
"Ford","Fiesta","1998","Gasoline",8086,1.3,"Med"
"Ford","Fiesta","1997","Gasoline",7193,1.3,"Med"
"Ford","Fiesta","1996","Gasoline",6904,1.3,"Med"
"Ford","Fiesta","2000","Gasoline",11775,1.4,"Med"
"Ford","Fiesta","1999","Gasoline",9046,1.4,"Med"
"Ford","Fiesta","1998","Gasoline",8710,1.4,"Med"
"Ford","Fiesta","1997","Gasoline",7426,1.4,"Med"
"Ford","Fiesta","1996","Gasoline",7179,1.4,"Med"
"Ford","Fiesta","2002","Gasoline",9316,1,"Med"
"Ford","Fiesta","2001","Gasoline",8462,1,"Med"
"Ford","Fiesta","2000","Gasoline",7659,1,"Med"
"Ford","Fiesta","2002","Gasoline",10029,1,"Med"
"Ford","Fiesta","2001","Gasoline",9540,1,"Med"
"Ford","Fiesta","2000","Gasoline",9133,1,"Med"
"Ford","Fiesta","2002","Gasoline",10031,1,"Med"
"Ford","Fiesta","2001","Gasoline",9621,1,"Med"
"Ford","Fiesta","2000","Gasoline",9311,1,"Med"
"Ford","Fiesta","2002","Gasoline",12817,1.6,"Med"
"Ford","Fiesta","2001","Gasoline",12369,1.6,"Med"
"Ford","Fiesta","2000","Gasoline",10575,1.6,"Med"
"Ford","Fiesta","2002","Gasoline",12869,1.6,"Med"
"Ford","Fiesta","2001","Gasoline",12422,1.6,"Med"
"Ford","Fiesta","2000","Gasoline",10822,1.6,"Med"
"Ford","Fiesta","2007","Gasoline",16575,1,"Med"
"Ford","Fiesta","2006","Gasoline",14591,1,"Med"
"Ford","Fiesta","2005","Gasoline",14110,1,"Med"
"Ford","Fiesta","2004","Gasoline",13598,1,"Med"
"Ford","Fiesta","2003","Gasoline",13125,1,"Med"
"Ford","Fiesta","2014","Gasoline",25905,1,"Med"
"Ford","Fiesta","2014","Gasoline",26049,1,"Med"
"Ford","Fiesta","Zero KM","Gasoline",53697,1.6,"Med"
"Ford","Fiesta","2018","Gasoline",46891,1.6,"Med"
"Ford","Fiesta","2017","Gasoline",45488,1.6,"Med"
"Ford","Fiesta","2013","Gasoline",33792,1.6,"Med"
"Ford","Fiesta","2012","Gasoline",31699,1.6,"Med"
"Ford","Fiesta","2011","Gasoline",29161,1.6,"Med"
"Ford","Fiesta","2014","Gasoline",28917,1.6,"Med"
"Ford","Fiesta","Zero KM","Gasoline",59858,1.6,"Aut"
"Ford","Fiesta","2018","Gasoline",55451,1.6,"Aut"
"Ford","Fiesta","Zero KM","Gasoline",54588,1.6,"Aut"
"Ford","Fiesta","2017","Gasoline",50202,1.6,"Aut"
"Ford","Fiesta","Zero KM","Gasoline",56734,1.6,"Med"
"Ford","Fiesta","2018","Gasoline",52027,1.6,"Med"
"Ford","Fiesta","2017","Gasoline",50168,1.6,"Med"
"Ford","Fiesta","2013","Gasoline",27285,1.6,"Med"
"Ford","Fiesta","2012","Gasoline",25802,1.6,"Med"
"Ford","Fiesta","2011","Gasoline",24714,1.6,"Med"
"Ford","Fiesta","2010","Gasoline",22943,1.6,"Med"
"Ford","Fiesta","2009","Gasoline",21149,1.6,"Med"
"Ford","Fiesta","2008","Gasoline",19126,1.6,"Med"
"Ford","Fiesta","2007","Gasoline",18339,1.6,"Med"
"Ford","Fiesta","2006","Gasoline",17045,1.6,"Med"
"Ford","Fiesta","2005","Gasoline",16501,1.6,"Med"
"Ford","Fiesta","2007","Gasoline",16589,1,"Med"
"Ford","Fiesta","2006","Gasoline",14860,1,"Med"
"Ford","Fiesta","2005","Gasoline",14390,1,"Med"
"Ford","Fiesta","2006","Gasoline",15098,1,"Med"
"Ford","Fiesta","2005","Gasoline",14495,1,"Med"
"Ford","Fiesta","Zero KM","Gasoline",75740,1.6,"Aut"
"Ford","Fiesta","2017","Gasoline",66538,1.6,"Aut"
"Ford","Fiesta","2016","Gasoline",58688,1.6,"Aut"
"Ford","Fiesta","2015","Gasoline",49321,1.6,"Aut"
"Ford","Fiesta","2014","Gasoline",44222,1.6,"Aut"
"Ford","Fiesta","2013","Gasoline",25102,1,"Med"
"Ford","Fiesta","2012","Gasoline",24185,1,"Med"
"Ford","Fiesta","2011","Gasoline",23003,1,"Med"
"Ford","Fiesta","2010","Gasoline",21234,1,"Med"
"Ford","Fiesta","2009","Gasoline",19817,1,"Med"
"Ford","Fiesta","2008","Gasoline",19062,1,"Med"
"Ford","Fiesta","2007","Gasoline",17251,1,"Med"
"Ford","Fiesta","2016","Gasoline",52748,1.6,"Aut"
"Ford","Fiesta","2015","Gasoline",44215,1.6,"Aut"
"Ford","Fiesta","2014","Gasoline",40054,1.6,"Aut"
"Ford","Fiesta","2016","Gasoline",46765,1.6,"Med"
"Ford","Fiesta","2015","Gasoline",41412,1.6,"Med"
"Ford","Fiesta","2014","Gasoline",38022,1.6,"Med"
"Ford","Fiesta","2014","Gasoline",27400,1,"Med"
"Ford","Fiesta","2014","Gasoline",25856,1,"Med"
"Ford","Fiesta","2014","Gasoline",37784,1.6,"Med"
"Ford","Fiesta","2013","Gasoline",35200,1.6,"Med"
"Ford","Fiesta","2012","Gasoline",31761,1.6,"Med"
"Ford","Fiesta","2011","Gasoline",30555,1.6,"Med"
"Ford","Fiesta","2014","Gasoline",29866,1.6,"Med"
"Ford","Fiesta","Zero KM","Gasoline",69080,1.6,"Aut"
"Ford","Fiesta","2017","Gasoline",63341,1.6,"Aut"
"Ford","Fiesta","Zero KM","Gasoline",64358,1.6,"Med"
"Ford","Fiesta","2017","Gasoline",57108,1.6,"Med"
"Ford","Fiesta","2004","Gasoline",14345,1,"Med"
"Ford","Fiesta","2003","Gasoline",12161,1,"Med"
"Ford","Fiesta","2002","Gasoline",10836,1,"Med"
"Ford","Fiesta","2004","Gasoline",14398,1.6,"Med"
"Ford","Fiesta","2003","Gasoline",13477,1.6,"Med"
"Ford","Fiesta","2002","Gasoline",12440,1.6,"Med"
"Ford","Fiesta","2015","Gasoline",48958,1.6,"Med"
"Ford","Fiesta","2014","Gasoline",44184,1.6,"Med"
"Ford","Fiesta","Zero KM","Gasoline",64110,1,"Aut"
"Ford","Fiesta","2017","Gasoline",56630,1,"Aut"
"Ford","Fiesta","Zero KM","Gasoline",62378,1.6,"Aut"
"Ford","Fiesta","2018","Gasoline",58802,1.6,"Aut"
"Ford","Fiesta","2017","Gasoline",55516,1.6,"Aut"
"Ford","Fiesta","Zero KM","Gasoline",58459,1.6,"Med"
"Ford","Fiesta","2018","Gasoline",54833,1.6,"Med"
"Ford","Fiesta","2017","Gasoline",53022,1.6,"Med"
"Ford","Fiesta","Zero KM","Gasoline",66616,1,"Med"
"Ford","Fiesta","2018","Gasoline",61757,1,"Med"
"Ford","Fiesta","Zero KM","Gasoline",56990,1.6,"Med"
"Ford","Fiesta","2017","Gasoline",52768,1.6,"Med"
"Ford","Fiesta","2000","Gasoline",10005,1,"Med"
"Ford","Fiesta","2016","Gasoline",47205,1.6,"Med"
"Ford","Fiesta","2015","Gasoline",45774,1.6,"Med"
"Ford","Fiesta","2000","Gasoline",12714,1.6,"Med"
"Ford","Fiesta","2003","Gasoline",10084,1,"Med"
"Ford","Fiesta","2002","Gasoline",9514,1,"Med"
"Ford","Fiesta","2001","Gasoline",9210,1,"Med"
"Ford","Fiesta","2004","Gasoline",13448,1.6,"Med"
"Ford","Fiesta","2003","Gasoline",11805,1.6,"Med"
"Ford","Fiesta","2002","Gasoline",11310,1.6,"Med"
"Ford","Fiesta","2007","Gasoline",14716,1,"Med"
"Ford","Fiesta","2006","Gasoline",12706,1,"Med"
"Ford","Fiesta","2005","Gasoline",11675,1,"Med"
"Ford","Fiesta","2004","Gasoline",11320,1,"Med"
"Ford","Fiesta","2003","Gasoline",10322,1,"Med"
"Ford","Fiesta","2002","Gasoline",9701,1,"Med"
"Ford","Fiesta","2006","Gasoline",14897,1,"Med"
"Ford","Fiesta","2005","Gasoline",14440,1,"Med"
"Ford","Fiesta","2004","Gasoline",14002,1,"Med"
"Ford","Fiesta","2003","Gasoline",13363,1,"Med"
"Ford","Fiesta","Zero KM","Gasoline",70039,1.6,"Aut"
"Ford","Fiesta","2018","Gasoline",65055,1.6,"Aut"
"Ford","Fiesta","2017","Gasoline",61908,1.6,"Aut"
"Ford","Fiesta","2016","Gasoline",56833,1.6,"Aut"
"Ford","Fiesta","2015","Gasoline",47226,1.6,"Aut"
"Ford","Fiesta","2014","Gasoline",43580,1.6,"Aut"
"Ford","Fiesta","2013","Gasoline",42254,1.6,"Aut"
"Ford","Fiesta","Zero KM","Gasoline",70741,1,"Aut"
"Ford","Fiesta","2017","Gasoline",61092,1,"Aut"
"Ford","Fiesta","2016","Gasoline",58185,1,"Aut"
"Ford","Fiesta","Zero KM","Gasoline",64854,1.6,"Med"
"Ford","Fiesta","2017","Gasoline",59682,1.6,"Med"
"Ford","Fiesta","2016","Gasoline",57600,1.6,"Med"
"Ford","Fiesta","2015","Gasoline",47811,1.6,"Med"
"Ford","Fiesta","2014","Gasoline",44179,1.6,"Med"
"Ford","Fiesta","2013","Gasoline",40973,1.6,"Med"
"Ford","Fiesta","2010","Gasoline",21004,1,"Med"
"Ford","Fiesta","2009","Gasoline",20319,1,"Med"
"Ford","Fiesta","2008","Gasoline",19496,1,"Med"
"Ford","Fiesta","2010","Gasoline",22601,1.6,"Med"
"Ford","Fiesta","2009","Gasoline",21605,1.6,"Med"
"Ford","Fiesta","2008","Gasoline",19733,1.6,"Med"
"Ford","Focus","2016","Gasoline",63595,1.6,"Med"
"Ford","Focus","2015","Gasoline",51995,1.6,"Med"
"Ford","Focus","2014","Gasoline",50250,1.6,"Med"
"Ford","Focus","Zero KM","Gasoline",76841,1.6,"Med"
"Ford","Focus","2018","Gasoline",69560,1.6,"Med"
"Ford","Focus","2017","Gasoline",66945,1.6,"Med"
"Ford","Focus","2016","Gasoline",63228,1.6,"Med"
"Ford","Focus","2015","Gasoline",51652,1.6,"Med"
"Ford","Focus","2014","Gasoline",49714,1.6,"Med"
"Ford","Focus","2013","Gasoline",35742,1.6,"Med"
"Ford","Focus","2012","Gasoline",33047,1.6,"Med"
"Ford","Focus","2011","Gasoline",31795,1.6,"Med"
"Ford","Focus","2010","Gasoline",29613,1.6,"Med"
"Ford","Focus","2009","Gasoline",22140,1.6,"Med"
"Ford","Focus","2008","Gasoline",20100,1.6,"Med"
"Ford","Focus","2007","Gasoline",19357,1.6,"Med"
"Ford","Focus","2006","Gasoline",17758,1.6,"Med"
"Ford","Focus","2005","Gasoline",16952,1.6,"Med"
"Ford","Focus","2004","Gasoline",15240,1.6,"Med"
"Ford","Focus","2003","Gasoline",13794,1.6,"Med"
"Ford","Focus","2003","Gasoline",14820,1.8,"Med"
"Ford","Focus","2002","Gasoline",14039,1.8,"Med"
"Ford","Focus","2001","Gasoline",13165,1.8,"Med"
"Ford","Focus","2013","Gasoline",37159,2,"Med"
"Ford","Focus","2012","Gasoline",33956,2,"Med"
"Ford","Focus","2011","Gasoline",32022,2,"Med"
"Ford","Focus","2010","Gasoline",29775,2,"Med"
"Ford","Focus","2009","Gasoline",28682,2,"Med"
"Ford","Focus","2008","Gasoline",20803,2,"Med"
"Ford","Focus","2007","Gasoline",19559,2,"Med"
"Ford","Focus","2006","Gasoline",18667,2,"Med"
"Ford","Focus","2005","Gasoline",16983,2,"Med"
"Ford","Focus","2004","Gasoline",16199,2,"Med"
"Ford","Focus","2003","Gasoline",15522,2,"Med"
"Ford","Focus","2002","Gasoline",15038,2,"Med"
"Ford","Focus","2001","Gasoline",14402,2,"Med"
"Ford","Focus","Zero KM","Gasoline",85503,2,"Aut"
"Ford","Focus","2018","Gasoline",78658,2,"Aut"
"Ford","Focus","2017","Gasoline",71234,2,"Aut"
"Ford","Focus","2016","Gasoline",65366,2,"Aut"
"Ford","Focus","2015","Gasoline",55544,2,"Aut"
"Ford","Focus","2014","Gasoline",51366,2,"Aut"
"Ford","Focus","2013","Gasoline",39217,2,"Aut"
"Ford","Focus","2012","Gasoline",35466,2,"Aut"
"Ford","Focus","2011","Gasoline",32306,2,"Aut"
"Ford","Focus","2010","Gasoline",31188,2,"Aut"
"Ford","Focus","2009","Gasoline",28615,2,"Aut"
"Ford","Focus","2008","Gasoline",21849,2,"Aut"
"Ford","Focus","2007","Gasoline",20310,2,"Aut"
"Ford","Focus","2006","Gasoline",19447,2,"Aut"
"Ford","Focus","2005","Gasoline",18720,2,"Aut"
"Ford","Focus","2004","Gasoline",16286,2,"Aut"
"Ford","Focus","Zero KM","Gasoline",83970,2,"Aut"
"Ford","Focus","2018","Gasoline",74517,2,"Aut"
"Ford","Focus","2017","Gasoline",67610,2,"Aut"
"Ford","Focus","2016","Gasoline",65120,2,"Aut"
"Ford","Focus","Zero KM","Gasoline",95402,2,"Aut"
"Ford","Focus","2018","Gasoline",86102,2,"Aut"
"Ford","Focus","2017","Gasoline",79398,2,"Aut"
"Ford","Focus","2016","Gasoline",69388,2,"Aut"
"Ford","Focus","2011","Gasoline",34351,2,"Med"
"Ford","Focus","2010","Gasoline",31880,2,"Med"
"Ford","Focus","2009","Gasoline",30920,2,"Med"
"Ford","Focus","2008","Gasoline",24474,2,"Med"
"Ford","Focus","2007","Gasoline",21493,2,"Med"
"Ford","Focus","2006","Gasoline",20362,2,"Med"
"Ford","Focus","2005","Gasoline",19625,2,"Med"
"Ford","Focus","2004","Gasoline",17365,2,"Med"
"Ford","Focus","2003","Gasoline",16700,2,"Med"
"Ford","Focus","2011","Gasoline",32981,2,"Med"
"Ford","Focus","2010","Gasoline",31567,2,"Med"
"Ford","Focus","2009","Gasoline",28925,2,"Med"
"Ford","Focus","2008","Gasoline",23428,2,"Med"
"Ford","Focus","2007","Gasoline",21445,2,"Med"
"Ford","Focus","2006","Gasoline",20200,2,"Med"
"Ford","Focus","2005","Gasoline",18717,2,"Med"
"Ford","Focus","2004","Gasoline",16958,2,"Med"
"Ford","Focus","2003","Gasoline",16395,2,"Med"
"Ford","Focus","2002","Gasoline",15602,2,"Med"
"Ford","Focus","2001","Gasoline",14906,2,"Med"
"Ford","Focus","2011","Gasoline",34430,2,"Med"
"Ford","Focus","2010","Gasoline",32587,2,"Med"
"Ford","Focus","2009","Gasoline",31027,2,"Med"
"Ford","Focus","2008","Gasoline",24512,2,"Med"
"Ford","Focus","2007","Gasoline",22287,2,"Med"
"Ford","Focus","2006","Gasoline",20522,2,"Med"
"Ford","Focus","2005","Gasoline",19854,2,"Med"
"Ford","Focus","2004","Gasoline",17583,2,"Med"
"Ford","Focus","2003","Gasoline",17030,2,"Med"
"Ford","Focus","2002","Gasoline",16469,2,"Med"
"Ford","Focus","2011","Gasoline",32361,2,"Med"
"Ford","Focus","2010","Gasoline",31395,2,"Med"
"Ford","Focus","2009","Gasoline",28512,2,"Med"
"Ford","Focus","2008","Gasoline",23416,2,"Med"
"Ford","Focus","2007","Gasoline",20640,2,"Med"
"Ford","Focus","2006","Gasoline",19070,2,"Med"
"Ford","Focus","2005","Gasoline",18259,2,"Med"
"Ford","Focus","2004","Gasoline",16284,2,"Med"
"Ford","Focus","2003","Gasoline",15802,2,"Med"
"Ford","Focus","2002","Gasoline",15324,2,"Med"
"Ford","Focus","2001","Gasoline",14090,2,"Med"
"Ford","Focus","2015","Gasoline",65311,2,"Med"
"Ford","Focus","2014","Gasoline",62246,2,"Med"
"Ford","Focus","2013","Gasoline",43744,2,"Med"
"Ford","Focus","2012","Gasoline",41044,2,"Med"
"Ford","Focus","2011","Gasoline",38403,2,"Med"
"Ford","Focus","2014","Gasoline",50010,1.6,"Aut"
"Ford","Focus","2014","Gasoline",49820,1.6,"Med"
"Ford","Focus","2013","Gasoline",35822,1.6,"Med"
"Ford","Focus","2012","Gasoline",33568,1.6,"Med"
"Ford","Focus","2011","Gasoline",31836,1.6,"Med"
"Ford","Focus","2010","Gasoline",29810,1.6,"Med"
"Ford","Focus","2009","Gasoline",22209,1.6,"Med"
"Ford","Focus","2008","Gasoline",20136,1.6,"Med"
"Ford","Focus","2007","Gasoline",19371,1.6,"Med"
"Ford","Focus","2006","Gasoline",17827,1.6,"Med"
"Ford","Focus","2005","Gasoline",17004,1.6,"Med"
"Ford","Focus","2004","Gasoline",15520,1.6,"Med"
"Ford","Focus","2004","Gasoline",15095,1.8,"Med"
"Ford","Focus","2003","Gasoline",14578,1.8,"Med"
"Ford","Focus","2013","Gasoline",37314,2,"Med"
"Ford","Focus","2012","Gasoline",34257,2,"Med"
"Ford","Focus","2011","Gasoline",32040,2,"Med"
"Ford","Focus","2010","Gasoline",30029,2,"Med"
"Ford","Focus","2009","Gasoline",28768,2,"Med"
"Ford","Focus","2008","Gasoline",21770,2,"Med"
"Ford","Focus","2007","Gasoline",20459,2,"Med"
"Ford","Focus","2006","Gasoline",19104,2,"Med"
"Ford","Focus","2005","Gasoline",17724,2,"Med"
"Ford","Focus","2004","Gasoline",16439,2,"Med"
"Ford","Focus","2003","Gasoline",15952,2,"Med"
"Ford","Focus","2002","Gasoline",15378,2,"Med"
"Ford","Focus","2001","Gasoline",14495,2,"Med"
"Ford","Focus","2016","Gasoline",65112,2,"Aut"
"Ford","Focus","2015","Gasoline",58601,2,"Aut"
"Ford","Focus","2014","Gasoline",53864,2,"Aut"
"Ford","Focus","2013","Gasoline",39329,2,"Aut"
"Ford","Focus","2012","Gasoline",35471,2,"Aut"
"Ford","Focus","2011","Gasoline",32510,2,"Aut"
"Ford","Focus","2010","Gasoline",31292,2,"Aut"
"Ford","Focus","2009","Gasoline",28919,2,"Aut"
"Ford","Focus","2008","Gasoline",23609,2,"Aut"
"Ford","Focus","2007","Gasoline",20700,2,"Aut"
"Ford","Focus","2006","Gasoline",20010,2,"Aut"
"Ford","Focus","2005","Gasoline",19034,2,"Aut"
"Ford","Focus","2004","Gasoline",17683,2,"Aut"
"Ford","Focus","2003","Gasoline",16481,2,"Aut"
"Ford","Focus","Zero KM","Gasoline",100792,2,"Aut"
"Ford","Focus","2018","Gasoline",89633,2,"Aut"
"Ford","Focus","2017","Gasoline",79402,2,"Aut"
"Ford","Focus","2016","Gasoline",70724,2,"Aut"
"Ford","Focus","2015","Gasoline",65112,2,"Aut"
"Ford","Focus","2014","Gasoline",62196,2,"Aut"
"Ford","Focus","2013","Gasoline",43174,2,"Aut"
"Ford","Focus","2012","Gasoline",39137,2,"Aut"
"Ford","Focus","2011","Gasoline",37521,2,"Aut"
"Ford","Focus","2010","Gasoline",35308,2,"Aut"
"Ford","Focus","2013","Gasoline",42946,2,"Med"
"Ford","Focus","2012","Gasoline",38495,2,"Med"
"Ford","Focus","2011","Gasoline",36502,2,"Med"
"Ford","Focus","2010","Gasoline",33748,2,"Med"
"Ford","Furglaine","1986","Gasoline",7587,3.6,"Med"
"Ford","Furglaine","1985","Gasoline",7165,3.6,"Med"
"Ford","Furglaine","1991","Diesel",19934,3.9,"Med"
"Ford","Furglaine","1990","Diesel",18673,3.9,"Med"
"Ford","Furglaine","1989","Diesel",17945,3.9,"Med"
"Ford","Furglaine","1988","Diesel",17008,3.9,"Med"
"Ford","Furglaine","1987","Diesel",15405,3.9,"Med"
"Ford","Furglaine","1986","Diesel",13566,3.9,"Med"
"Ford","Furglaine","1985","Diesel",12185,3.9,"Med"
"Ford","Furglaine","1991","Diesel",28838,3.9,"Med"
"Ford","Furglaine","1990","Diesel",24068,3.9,"Med"
"Ford","Furglaine","1989","Diesel",23254,3.9,"Med"
"Ford","Furglaine","1988","Diesel",21668,3.9,"Med"
"Ford","Furglaine","1987","Diesel",20511,3.9,"Med"
"Ford","Furglaine","1986","Diesel",15669,3.9,"Med"
"Ford","Furglaine","1985","Diesel",13851,3.9,"Med"
"Ford","Fusion","2016","Gasoline",77695,2.5,"Aut"
"Ford","Fusion","2015","Gasoline",75402,2.5,"Aut"
"Ford","Fusion","2014","Gasoline",70530,2.5,"Aut"
"Ford","Fusion","2013","Gasoline",66036,2.5,"Aut"
"Ford","Fusion","2012","Gasoline",63594,2.5,"Aut"
"Ford","Fusion","2011","Gasoline",59710,2.5,"Aut"
"Ford","Fusion","2010","Gasoline",57700,2.5,"Aut"
"Ford","Fusion","Zero KM","Gasoline",113284,2.5,"Aut"
"Ford","Fusion","2018","Gasoline",106752,2.5,"Aut"
"Ford","Fusion","2017","Gasoline",103585,2.5,"Aut"
"Ford","Fusion","Zero KM","Gasoline",124321,2,"Aut"
"Ford","Fusion","2018","Gasoline",115150,2,"Aut"
"Ford","Fusion","2017","Gasoline",111507,2,"Aut"
"Ford","Fusion","2009","Gasoline",31152,2.3,"Aut"
"Ford","Fusion","2008","Gasoline",29833,2.3,"Aut"
"Ford","Fusion","2007","Gasoline",28940,2.3,"Aut"
"Ford","Fusion","2006","Gasoline",28035,2.3,"Aut"
"Ford","Fusion","2012","Gasoline",45813,2.5,"Aut"
"Ford","Fusion","2011","Gasoline",43324,2.5,"Aut"
"Ford","Fusion","2010","Gasoline",39845,2.5,"Aut"
"Ford","Fusion","2012","Gasoline",47212,3,"Aut"
"Ford","Fusion","2011","Gasoline",45173,3,"Aut"
"Ford","Fusion","2012","Gasoline",49212,3,"Aut"
"Ford","Fusion","2011","Gasoline",44590,3,"Aut"
"Ford","Fusion","2010","Gasoline",40094,3,"Aut"
"Ford","Fusion","Zero KM","Gasoline",148840,2,"Aut"
"Ford","Fusion","2018","Gasoline",137610,2,"Aut"
"Ford","Fusion","2017","Gasoline",132405,2,"Aut"
"Ford","Fusion","2016","Gasoline",115847,2,"Aut"
"Ford","Fusion","2015","Gasoline",94883,2,"Aut"
"Ford","Fusion","2014","Gasoline",81252,2,"Aut"
"Ford","Fusion","2013","Gasoline",74897,2,"Aut"
"Ford","Fusion","Zero KM","Gasoline",133006,2,"Aut"
"Ford","Fusion","2018","Gasoline",123652,2,"Aut"
"Ford","Fusion","2017","Gasoline",119625,2,"Aut"
"Ford","Fusion","2016","Gasoline",94697,2,"Aut"
"Ford","Fusion","2015","Gasoline",91179,2,"Aut"
"Ford","Fusion","2014","Gasoline",78184,2,"Aut"
"Ford","Fusion","2013","Gasoline",72391,2,"Aut"
"Ford","Fusion","Zero KM","Gasoline",154675,2,"Aut"
"Ford","Fusion","2018","Gasoline",142401,2,"Aut"
"Ford","Fusion","2017","Gasoline",136205,2,"Aut"
"Ford","Fusion","2016","Gasoline",116527,2,"Aut"
"Ford","Fusion","2015","Gasoline",106401,2,"Aut"
"Ford","Fusion","2014","Gasoline",91680,2,"Aut"
"Ford","Fusion","2013","Gasoline",81212,2,"Aut"
"Ford","Ibiza","1989","Diesel",20465,3.9,"Med"
"Ford","Ibiza","1988","Diesel",16777,3.9,"Med"
"Ford","Ibiza","1987","Diesel",16210,3.9,"Med"
"Ford","Ibiza","1986","Diesel",14438,3.9,"Med"
"Ford","Ibiza","1995","Diesel",35442,3.9,"Med"
"Ford","Ibiza","1994","Diesel",33150,3.9,"Med"
"Ford","Ibiza","1993","Diesel",31955,3.9,"Med"
"Ford","Ibiza","1992","Diesel",28408,3.9,"Med"
"Ford","Ibiza","1991","Diesel",27414,3.9,"Med"
"Ford","Ibiza","1990","Diesel",26408,3.9,"Med"
"Ford","Ibiza","1989","Diesel",25594,3.9,"Med"
"Ford","Ibiza","1988","Diesel",23550,3.9,"Med"
"Ford","Ibiza","1987","Diesel",21489,3.9,"Med"
"Ford","Ibiza","1986","Diesel",19980,3.9,"Med"
"Ford","KA","2013","Gasoline",20503,1,"Med"
"Ford","KA","2012","Gasoline",19696,1,"Med"
"Ford","KA","2011","Gasoline",17584,1,"Med"
"Ford","KA","2010","Gasoline",16380,1,"Med"
"Ford","KA","2009","Gasoline",15832,1,"Med"
"Ford","KA","2008","Gasoline",15100,1,"Med"
"Ford","KA","Zero KM","Gasoline",41293,1,"Med"
"Ford","KA","2018","Gasoline",36708,1,"Med"
"Ford","Ka","Zero KM","Gasoline",41478,1,"Med"
"Ford","Ka","2018","Gasoline",38100,1,"Med"
"Ford","Ka","2017","Gasoline",36978,1,"Med"
"Ford","Ka","2016","Gasoline",35832,1,"Med"
"Ford","Ka","2015","Gasoline",33302,1,"Med"
"Ford","Ka","Zero KM","Gasoline",48750,1,"Med"
"Ford","Ka","2018","Gasoline",44725,1,"Med"
"Ford","Ka","2017","Gasoline",43313,1,"Med"
"Ford","Ka","2016","Gasoline",38551,1,"Med"
"Ford","Ka","2015","Gasoline",35500,1,"Med"
"Ford","Ka","Zero KM","Gasoline",47235,1,"Med"
"Ford","Ka","2018","Gasoline",41002,1,"Med"
"Ford","KA","2011","Gasoline",17884,1,"Med"
"Ford","KA","2010","Gasoline",16807,1,"Med"
"Ford","KA","2009","Gasoline",16162,1,"Med"
"Ford","KA","2008","Gasoline",15388,1,"Med"
"Ford","KA","2007","Gasoline",11845,1,"Med"
"Ford","KA","2006","Gasoline",11429,1,"Med"
"Ford","KA","2005","Gasoline",10274,1,"Med"
"Ford","KA","2004","Gasoline",9970,1,"Med"
"Ford","KA","2003","Gasoline",9645,1,"Med"
"Ford","KA","2000","Gasoline",8139,1,"Med"
"Ford","KA","1999","Gasoline",7580,1,"Med"
"Ford","KA","1998","Gasoline",7295,1,"Med"
"Ford","KA","1997","Gasoline",6786,1,"Med"
"Ford","Ka","Zero KM","Gasoline",48505,1.5,"Med"
"Ford","Ka","2018","Gasoline",44690,1.5,"Med"
"Ford","Ka","2017","Gasoline",43193,1.5,"Med"
"Ford","Ka","2016","Gasoline",38322,1.5,"Med"
"Ford","Ka","2015","Gasoline",35448,1.5,"Med"
"Ford","KA","2011","Gasoline",19673,1.6,"Med"
"Ford","KA","2010","Gasoline",18279,1.6,"Med"
"Ford","KA","2009","Gasoline",17710,1.6,"Med"
"Ford","KA","2008","Gasoline",17099,1.6,"Med"
"Ford","KA","2011","Gasoline",21214,1.6,"Med"
"Ford","KA","2010","Gasoline",19199,1.6,"Med"
"Ford","KA","2009","Gasoline",17955,1.6,"Med"
"Ford","KA","2007","Gasoline",14520,1.6,"Med"
"Ford","KA","2006","Gasoline",14048,1.6,"Med"
"Ford","KA","2005","Gasoline",13532,1.6,"Med"
"Ford","KA","2004","Gasoline",12208,1.6,"Med"
"Ford","KA","2003","Gasoline",11584,1.6,"Med"
"Ford","KA","2001","Gasoline",8930,1,"Med"
"Ford","KA","2001","Gasoline",12580,1.6,"Med"
"Ford","KA","2000","Gasoline",8590,1.3,"Med"
"Ford","KA","1999","Gasoline",7940,1.3,"Med"
"Ford","KA","1998","Gasoline",6882,1.3,"Med"
"Ford","KA","1997","Gasoline",6665,1.3,"Med"
"Ford","KA","2008","Gasoline",16151,1,"Med"
"Ford","KA","2007","Gasoline",12409,1,"Med"
"Ford","KA","2006","Gasoline",11876,1,"Med"
"Ford","KA","2005","Gasoline",11297,1,"Med"
"Ford","KA","2004","Gasoline",10890,1,"Med"
"Ford","KA","2003","Gasoline",10440,1,"Med"
"Ford","KA","2002","Gasoline",10105,1,"Med"
"Ford","KA","2001","Gasoline",9456,1,"Med"
"Ford","KA","2000","Gasoline",8665,1,"Med"
"Ford","KA","2003","Gasoline",10867,1,"Med"
"Ford","KA","2002","Gasoline",10371,1,"Med"
"Ford","KA","2001","Gasoline",9887,1,"Med"
"Ford","KA","2000","Gasoline",9250,1,"Med"
"Ford","KA","2000","Gasoline",8269,1,"Med"
"Ford","KA","1999","Gasoline",7834,1,"Med"
"Ford","KA","1998","Gasoline",6780,1,"Med"
"Ford","KA","2007","Gasoline",12798,1,"Med"
"Ford","KA","2006","Gasoline",12393,1,"Med"
"Ford","KA","2007","Gasoline",15156,1.6,"Med"
"Ford","KA","2006","Gasoline",14699,1.6,"Med"
"Ford","Ka","Zero KM","Gasoline",52854,1.5,"Med"
"Ford","Ka","2018","Gasoline",46558,1.5,"Med"
"Ford","Ka","2017","Gasoline",44478,1.5,"Med"
"Ford","Ka","2016","Gasoline",39729,1.5,"Med"
"Ford","Ka","2015","Gasoline",36897,1.5,"Med"
"Ford","KA","2013","Gasoline",23507,1.6,"Med"
"Ford","KA","2012","Gasoline",22166,1.6,"Med"
"Ford","KA","1999","Gasoline",6692,1,"Med"
"Ford","KA","1998","Gasoline",6197,1,"Med"
"Ford","KA","2000","Gasoline",8124,1,"Med"
"Ford","KA","Zero KM","Gasoline",47859,1,"Med"
"Ford","KA","2018","Gasoline",43723,1,"Med"
"Ford","KA","2017","Gasoline",41467,1,"Med"
"Ford","Ka","Zero KM","Gasoline",51377,1.5,"Med"
"Ford","Ka","2018","Gasoline",46307,1.5,"Med"
"Ford","Ka","2017","Gasoline",43522,1.5,"Med"
"Ford","KA","2007","Gasoline",17314,1.6,"Med"
"Ford","KA","2006","Gasoline",15647,1.6,"Med"
"Ford","KA","2005","Gasoline",15020,1.6,"Med"
"Ford","KA","2004","Gasoline",14566,1.6,"Med"
"Ford","KA","2003","Gasoline",13786,1.6,"Med"
"Ford","KA","2002","Gasoline",12375,1.6,"Med"
"Ford","KA","2001","Gasoline",11500,1.6,"Med"
"Ford","Ka+","Zero KM","Gasoline",47120,1,"Med"
"Ford","Ka+","2018","Gasoline",41006,1,"Med"
"Ford","Ka+","2017","Gasoline",38347,1,"Med"
"Ford","Ka+","2016","Gasoline",36010,1,"Med"
"Ford","Ka+","2015","Gasoline",33625,1,"Med"
"Ford","Ka+","Zero KM","Gasoline",51589,1,"Med"
"Ford","Ka+","2018","Gasoline",44995,1,"Med"
"Ford","Ka+","2017","Gasoline",43318,1,"Med"
"Ford","Ka+","2016","Gasoline",38620,1,"Med"
"Ford","Ka+","2015","Gasoline",35110,1,"Med"
"Ford","Ka+","Zero KM","Gasoline",54428,1.5,"Med"
"Ford","Ka+","2018","Gasoline",46736,1.5,"Med"
"Ford","Ka+","Zero KM","Gasoline",51540,1.5,"Med"
"Ford","Ka+","2018","Gasoline",44102,1.5,"Med"
"Ford","Ka+","2017","Gasoline",40760,1.5,"Med"
"Ford","Ka+","2016","Gasoline",37480,1.5,"Med"
"Ford","Ka+","2015","Gasoline",33861,1.5,"Med"
"Ford","Ka+","Zero KM","Gasoline",58758,1.5,"Med"
"Ford","Ka+","2018","Gasoline",47939,1.5,"Med"
"Ford","Ka+","2017","Gasoline",44502,1.5,"Med"
"Ford","Ka+","2016","Gasoline",39794,1.5,"Med"
"Ford","Ka+","2015","Gasoline",37167,1.5,"Med"
"Ford","Mondeo","1997","Gasoline",8971,1.8,"Med"
"Ford","Mondeo","1996","Gasoline",7611,1.8,"Med"
"Ford","Mondeo","1995","Gasoline",6099,1.8,"Med"
"Ford","Mondeo","1997","Gasoline",8046,1.8,"Med"
"Ford","Mondeo","1996","Gasoline",7538,1.8,"Med"
"Ford","Mondeo","1995","Gasoline",7178,1.8,"Med"
"Ford","Mondeo","2000","Gasoline",10123,2,"Med"
"Ford","Mondeo","1999","Gasoline",9802,2,"Med"
"Ford","Mondeo","1998","Gasoline",9469,2,"Med"
"Ford","Mondeo","1997","Gasoline",9114,2,"Med"
"Ford","Mondeo","1996","Gasoline",7388,2,"Med"
"Ford","Mondeo","2000","Gasoline",8849,2,"Med"
"Ford","Mondeo","1999","Gasoline",8529,2,"Med"
"Ford","Mondeo","1998","Gasoline",8259,2,"Med"
"Ford","Mondeo","1997","Gasoline",7992,2,"Med"
"Ford","Mondeo","1996","Gasoline",7169,2,"Med"
"Ford","Mondeo","1995","Gasoline",6308,2,"Med"
"Ford","Mondeo","2000","Gasoline",12028,2,"Med"
"Ford","Mondeo","1999","Gasoline",10798,2,"Med"
"Ford","Mondeo","1998","Gasoline",10448,2,"Med"
"Ford","Mondeo","1997","Gasoline",9896,2,"Med"
"Ford","Mondeo","1996","Gasoline",8504,2,"Med"
"Ford","Mondeo","1999","Gasoline",10551,2,"Med"
"Ford","Mondeo","1998","Gasoline",9327,2,"Med"
"Ford","Mondeo","1997","Gasoline",8886,2,"Med"
"Ford","Mondeo","1996","Gasoline",7499,2,"Med"
"Ford","Mondeo","1995","Gasoline",6956,2,"Med"
"Ford","Mondeo","2006","Gasoline",22597,2,"Med"
"Ford","Mondeo","2005","Gasoline",21425,2,"Med"
"Ford","Mondeo","2004","Gasoline",20300,2,"Med"
"Ford","Mondeo","2003","Gasoline",18830,2,"Med"
"Ford","Mondeo","2002","Gasoline",16950,2,"Med"
"Ford","Mondeo","2001","Gasoline",15570,2,"Med"
"Ford","Mondeo","2004","Gasoline",19970,2,"Med"
"Ford","Mondeo","2003","Gasoline",18615,2,"Med"
"Ford","Mondeo","2002","Gasoline",16829,2,"Med"
"Ford","Mondeo","2001","Gasoline",15451,2,"Med"
"Ford","Mondeo","2000","Gasoline",15039,2.5,"Med"
"Ford","Mondeo","1999","Gasoline",14382,2.5,"Med"
"Ford","Mondeo","2000","Gasoline",14445,2.5,"Med"
"Ford","Mondeo","1999","Gasoline",11761,2.5,"Med"
"Ford","Mondeo","2000","Gasoline",10893,2,"Med"
"Ford","Mondeo","1999","Gasoline",10570,2,"Med"
"Ford","Mondeo","1998","Gasoline",9908,2,"Med"
"Ford","Mondeo","1997","Gasoline",9559,2,"Med"
"Ford","Mondeo","1996","Gasoline",8995,2,"Med"
"Ford","Mondeo","1995","Gasoline",8586,2,"Med"
"Ford","Mondeo","2001","Gasoline",12661,2,"Med"
"Ford","Mondeo","2000","Gasoline",10402,2,"Med"
"Ford","Mondeo","1999","Gasoline",9081,2,"Med"
"Ford","Mondeo","1998","Gasoline",8790,2,"Med"
"Ford","Mondeo","1997","Gasoline",8439,2,"Med"
"Ford","Mondeo","1996","Gasoline",7953,2,"Med"
"Ford","Mondeo","1995","Gasoline",7616,2,"Med"
"Ford","Mondeo","1994","Gasoline",6339,2,"Med"
"Ford","Mondeo","1999","Gasoline",10838,2,"Aut"
"Ford","Mondeo","1998","Gasoline",9120,2,"Aut"
"Ford","Mondeo","1997","Gasoline",8778,2,"Aut"
"Ford","Mondeo","1996","Gasoline",8295,2,"Aut"
"Ford","Mondeo","1995","Gasoline",7970,2,"Aut"
"Ford","Mustang","1995","Gasoline",45114,3.8,"Med"
"Ford","Mustang","1994","Gasoline",35856,3.8,"Med"
"Ford","Mustang","1995","Gasoline",45115,3.8,"Med"
"Ford","Mustang","1994","Gasoline",41405,3.8,"Med"
"Ford","Mustang","1995","Gasoline",50150,5.7,"Med"
"Ford","Mustang","Zero KM","Gasoline",299918,5,"Med"
"Ford","Mustang","2018","Gasoline",261921,5,"Med"
"Ford","Pampa","1995","Gasoline",11473,1.6,"Med"
"Ford","Pampa","1995","Gasoline",11473,1.6,"Med"
"Ford","Pampa","1994","Gasoline",10881,1.6,"Med"
"Ford","Pampa","1993","Gasoline",9691,1.6,"Med"
"Ford","Pampa","1992","Gasoline",8947,1.6,"Med"
"Ford","Pampa","1991","Gasoline",8428,1.6,"Med"
"Ford","Pampa","1990","Gasoline",8130,1.6,"Med"
"Ford","Pampa","1989","Gasoline",6640,1.6,"Med"
"Ford","Pampa","1988","Gasoline",6374,1.6,"Med"
"Ford","Pampa","1987","Gasoline",6058,1.6,"Med"
"Ford","Pampa","1986","Gasoline",5603,1.6,"Med"
"Ford","Pampa","1985","Gasoline",5258,1.6,"Med"
"Ford","Pampa","1995","Gasoline",11124,1.6,"Med"
"Ford","Pampa","1995","Gasoline",11124,1.6,"Med"
"Ford","Pampa","1994","Gasoline",10503,1.6,"Med"
"Ford","Pampa","1993","Gasoline",9539,1.6,"Med"
"Ford","Pampa","1992","Gasoline",8630,1.6,"Med"
"Ford","Pampa","1991","Gasoline",8322,1.6,"Med"
"Ford","Pampa","1990","Gasoline",7735,1.6,"Med"
"Ford","Pampa","1989","Gasoline",6629,1.6,"Med"
"Ford","Pampa","1988","Gasoline",6368,1.6,"Med"
"Ford","Pampa","1987","Gasoline",5944,1.6,"Med"
"Ford","Pampa","1997","Gasoline",11709,1.6,"Med"
"Ford","Pampa","1996","Gasoline",10328,1.6,"Med"
"Ford","Pampa","1996","Gasoline",10328,1.6,"Med"
"Ford","Pampa","1995","Gasoline",9950,1.6,"Med"
"Ford","Pampa","1995","Gasoline",9950,1.6,"Med"
"Ford","Pampa","1994","Gasoline",9457,1.6,"Med"
"Ford","Pampa","1993","Gasoline",8992,1.6,"Med"
"Ford","Pampa","1992","Gasoline",8500,1.6,"Med"
"Ford","Pampa","1991","Gasoline",8203,1.6,"Med"
"Ford","Pampa","1990","Gasoline",7620,1.6,"Med"
"Ford","Pampa","1989","Gasoline",5977,1.6,"Med"
"Ford","Pampa","1988","Gasoline",5743,1.6,"Med"
"Ford","Pampa","1987","Gasoline",5507,1.6,"Med"
"Ford","Pampa","1986","Gasoline",5028,1.6,"Med"
"Ford","Pampa","1985","Gasoline",4488,1.6,"Med"
"Ford","Pampa","1997","Gasoline",10664,1.6,"Med"
"Ford","Pampa","1997","Gasoline",10664,1.6,"Med"
"Ford","Pampa","1996","Gasoline",10297,1.6,"Med"
"Ford","Pampa","1996","Gasoline",10297,1.6,"Med"
"Ford","Pampa","1995","Gasoline",9937,1.6,"Med"
"Ford","Pampa","1995","Gasoline",9937,1.6,"Med"
"Ford","Pampa","1994","Gasoline",9132,1.6,"Med"
"Ford","Pampa","1993","Gasoline",8580,1.6,"Med"
"Ford","Pampa","1992","Gasoline",6820,1.6,"Med"
"Ford","Pampa","1991","Gasoline",6616,1.6,"Med"
"Ford","Pampa","1990","Gasoline",6118,1.6,"Med"
"Ford","Pampa","1989","Gasoline",5483,1.6,"Med"
"Ford","Pampa","1988","Gasoline",5312,1.6,"Med"
"Ford","Pampa","1987","Gasoline",5114,1.6,"Med"
"Ford","Pampa","1986","Gasoline",4311,1.6,"Med"
"Ford","Pampa","1985","Gasoline",3891,1.6,"Med"
"Ford","Pampa","1997","Gasoline",12060,1.8,"Med"
"Ford","Pampa","1997","Gasoline",12060,1.8,"Med"
"Ford","Pampa","1996","Gasoline",11298,1.8,"Med"
"Ford","Pampa","1996","Gasoline",11298,1.8,"Med"
"Ford","Pampa","1995","Gasoline",10927,1.8,"Med"
"Ford","Pampa","1995","Gasoline",10927,1.8,"Med"
"Ford","Pampa","1994","Gasoline",10591,1.8,"Med"
"Ford","Pampa","1993","Gasoline",9498,1.8,"Med"
"Ford","Pampa","1992","Gasoline",8889,1.8,"Med"
"Ford","Pampa","1991","Gasoline",8447,1.8,"Med"
"Ford","Pampa","1990","Gasoline",7819,1.8,"Med"
"Ford","Pampa","1989","Gasoline",5900,1.8,"Med"
"Ford","Pampa","1997","Gasoline",12158,1.8,"Med"
"Ford","Pampa","1997","Gasoline",12158,1.8,"Med"
"Ford","Pampa","1996","Gasoline",11700,1.8,"Med"
"Ford","Pampa","1996","Gasoline",11700,1.8,"Med"
"Ford","Pampa","1995","Gasoline",10978,1.8,"Med"
"Ford","Pampa","1995","Gasoline",10978,1.8,"Med"
"Ford","Pampa","1994","Gasoline",10612,1.8,"Med"
"Ford","Pampa","1993","Gasoline",9881,1.8,"Med"
"Ford","Pampa","1992","Gasoline",8901,1.8,"Med"
"Ford","Pampa","1991","Gasoline",8606,1.8,"Med"
"Ford","Pampa","1990","Gasoline",8232,1.8,"Med"
"Ford","Pampa","1989","Gasoline",5960,1.8,"Med"
"Ford","Probe","1993","Gasoline",9800,2,"Med"
"Ford","Probe","1992","Gasoline",7722,2,"Med"
"Ford","Probe","1995","Gasoline",12307,2.5,"Med"
"Ford","Probe","1994","Gasoline",11040,2.5,"Med"
"Ford","Probe","1993","Gasoline",10456,2.5,"Med"
"Ford","Ranger","2001","Diesel",31908,2.5,"Med"
"Ford","Ranger","2000","Diesel",27827,2.5,"Med"
"Ford","Ranger","1999","Diesel",26610,2.5,"Med"
"Ford","Ranger","1998","Diesel",25142,2.5,"Med"
"Ford","Ranger","2001","Diesel",30041,2.5,"Med"
"Ford","Ranger","2000","Diesel",24711,2.5,"Med"
"Ford","Ranger","1999","Diesel",22361,2.5,"Med"
"Ford","Ranger","2001","Diesel",26716,2.5,"Med"
"Ford","Ranger","2000","Diesel",23728,2.5,"Med"
"Ford","Ranger","1999","Diesel",19189,2.5,"Med"
"Ford","Ranger","1998","Diesel",16942,2.5,"Med"
"Ford","Ranger","2001","Diesel",32981,2.5,"Med"
"Ford","Ranger","2000","Diesel",30411,2.5,"Med"
"Ford","Ranger","1999","Diesel",29068,2.5,"Med"
"Ford","Ranger","1998","Diesel",25151,2.5,"Med"
"Ford","Ranger","2001","Diesel",32004,2.5,"Med"
"Ford","Ranger","2000","Diesel",29108,2.5,"Med"
"Ford","Ranger","1999","Diesel",26384,2.5,"Med"
"Ford","Ranger","2001","Diesel",30838,2.5,"Med"
"Ford","Ranger","2000","Diesel",26712,2.5,"Med"
"Ford","Ranger","1999","Diesel",25298,2.5,"Med"
"Ford","Ranger","1998","Diesel",23801,2.5,"Med"
"Ford","Ranger","2001","Gasoline",24341,2.5,"Med"
"Ford","Ranger","2000","Gasoline",23391,2.5,"Med"
"Ford","Ranger","1999","Gasoline",21669,2.5,"Med"
"Ford","Ranger","1998","Gasoline",19610,2.5,"Med"
"Ford","Ranger","2001","Gasoline",24192,2.5,"Med"
"Ford","Ranger","2000","Gasoline",20924,2.5,"Med"
"Ford","Ranger","1999","Gasoline",19579,2.5,"Med"
"Ford","Ranger","2001","Gasoline",22685,2.5,"Med"
"Ford","Ranger","2000","Gasoline",19214,2.5,"Med"
"Ford","Ranger","1999","Gasoline",17642,2.5,"Med"
"Ford","Ranger","1998","Gasoline",16280,2.5,"Med"
"Ford","Ranger","2012","Gasoline",45651,2.3,"Med"
"Ford","Ranger","2011","Gasoline",43894,2.3,"Med"
"Ford","Ranger","2010","Gasoline",42025,2.3,"Med"
"Ford","Ranger","Zero KM","Gasoline",122075,2.5,"Med"
"Ford","Ranger","2019","Gasoline",112307,2.5,"Med"
"Ford","Ranger","2018","Gasoline",107020,2.5,"Med"
"Ford","Ranger","2017","Gasoline",103065,2.5,"Med"
"Ford","Ranger","2016","Gasoline",96898,2.5,"Med"
"Ford","Ranger","2015","Gasoline",82540,2.5,"Med"
"Ford","Ranger","2014","Gasoline",75604,2.5,"Med"
"Ford","Ranger","2013","Gasoline",71563,2.5,"Med"
"Ford","Ranger","2012","Diesel",61318,3,"Med"
"Ford","Ranger","2011","Diesel",59450,3,"Med"
"Ford","Ranger","2010","Diesel",56973,3,"Med"
"Ford","Ranger","2009","Diesel",50072,3,"Med"
"Ford","Ranger","2008","Diesel",46699,3,"Med"
"Ford","Ranger","2007","Diesel",45101,3,"Med"
"Ford","Ranger","2006","Diesel",43754,3,"Med"
"Ford","Ranger","2005","Diesel",41917,3,"Med"
"Ford","Ranger","Zero KM","Diesel",181137,3.2,"Aut"
"Ford","Ranger","2019","Diesel",165741,3.2,"Aut"
"Ford","Ranger","2018","Diesel",160655,3.2,"Aut"
"Ford","Ranger","2017","Diesel",155020,3.2,"Aut"
"Ford","Ranger","2016","Diesel",140474,3.2,"Aut"
"Ford","Ranger","2015","Diesel",119872,3.2,"Aut"
"Ford","Ranger","2014","Diesel",106719,3.2,"Aut"
"Ford","Ranger","2013","Diesel",97969,3.2,"Aut"
"Ford","Ranger","2016","Gasoline",69400,2.5,"Med"
"Ford","Ranger","2015","Gasoline",58980,2.5,"Med"
"Ford","Ranger","2014","Gasoline",55092,2.5,"Med"
"Ford","Ranger","Zero KM","Diesel",155748,2.2,"Aut"
"Ford","Ranger","2018","Diesel",138759,2.2,"Aut"
"Ford","Ranger","1998","Gasoline",22267,4,"Med"
"Ford","Ranger","1997","Gasoline",21447,4,"Med"
"Ford","Ranger","1996","Gasoline",20698,4,"Med"
"Ford","Ranger","1995","Gasoline",20012,4,"Med"
"Ford","Ranger","1994","Gasoline",17613,4,"Med"
"Ford","Ranger","Zero KM","Gasoline",104896,2.5,"Med"
"Ford","Ranger","2017","Gasoline",96747,2.5,"Med"
"Ford","Ranger","2016","Gasoline",89074,2.5,"Med"
"Ford","Ranger","2015","Gasoline",80695,2.5,"Med"
"Ford","Ranger","2014","Gasoline",78266,2.5,"Med"
"Ford","Ranger","2013","Gasoline",75363,2.5,"Med"
"Ford","Ranger","2015","Diesel",116738,3.2,"Med"
"Ford","Ranger","2014","Diesel",111997,3.2,"Med"
"Ford","Ranger","2013","Diesel",108029,3.2,"Med"
"Ford","Ranger","Zero KM","Gasoline",158000,2.5,"Med"
"Ford","Ranger","2017","Gasoline",133805,2.5,"Med"
"Ford","Ranger","2016","Gasoline",126711,2.5,"Med"
"Ford","Ranger","2015","Gasoline",110724,2.5,"Med"
"Ford","Ranger","2014","Gasoline",101188,2.5,"Med"
"Ford","Ranger","2013","Gasoline",96026,2.5,"Med"
"Ford","Ranger","Zero KM","Diesel",216895,3.2,"Med"
"Ford","Ranger","2017","Diesel",178994,3.2,"Med"
"Ford","Ranger","2016","Diesel",170654,3.2,"Med"
"Ford","Ranger","2015","Diesel",148666,3.2,"Med"
"Ford","Ranger","2014","Diesel",141234,3.2,"Med"
"Ford","Ranger","2013","Diesel",135454,3.2,"Med"
"Ford","Ranger","Zero KM","Diesel",182766,3.2,"Med"
"Ford","Ranger","2017","Diesel",169001,3.2,"Med"
"Ford","Ranger","2016","Diesel",156540,3.2,"Med"
"Ford","Ranger","2015","Diesel",142344,3.2,"Med"
"Ford","Ranger","2014","Diesel",130421,3.2,"Med"
"Ford","Ranger","2013","Diesel",123074,3.2,"Med"
"Ford","Ranger","2011","Gasoline",81293,2.3,"Med"
"Ford","Ranger","2010","Gasoline",76987,2.3,"Med"
"Ford","Ranger","2011","Diesel",82483,3,"Med"
"Ford","Ranger","2010","Diesel",77473,3,"Med"
"Ford","Ranger","2011","Diesel",93597,3,"Med"
"Ford","Ranger","2010","Diesel",79372,3,"Med"
"Ford","Ranger","2009","Diesel",76883,3,"Med"
"Ford","Ranger","2015","Diesel",78752,2.2,"Med"
"Ford","Ranger","2014","Diesel",75649,2.2,"Med"
"Ford","Ranger","2013","Diesel",72392,2.2,"Med"
"Ford","Ranger","2015","Diesel",74990,2.2,"Med"
"Ford","Ranger","2014","Diesel",68265,2.2,"Med"
"Ford","Ranger","2013","Diesel",65473,2.2,"Med"
"Ford","Ranger","2012","Gasoline",38245,2.3,"Med"
"Ford","Ranger","2011","Gasoline",36892,2.3,"Med"
"Ford","Ranger","2010","Gasoline",32963,2.3,"Med"
"Ford","Ranger","2009","Gasoline",31852,2.3,"Med"
"Ford","Ranger","2008","Gasoline",30430,2.3,"Med"
"Ford","Ranger","2007","Gasoline",29370,2.3,"Med"
"Ford","Ranger","2006","Gasoline",28223,2.3,"Med"
"Ford","Ranger","2004","Gasoline",26181,2.3,"Med"
"Ford","Ranger","2003","Gasoline",23904,2.3,"Med"
"Ford","Ranger","2002","Gasoline",22784,2.3,"Med"
"Ford","Ranger","2001","Gasoline",22101,2.3,"Med"
"Ford","Ranger","2003","Gasoline",21985,2.3,"Med"
"Ford","Ranger","2002","Gasoline",21310,2.3,"Med"
"Ford","Ranger","2001","Gasoline",20460,2.3,"Med"
"Ford","Ranger","2012","Gasoline",35006,2.3,"Med"
"Ford","Ranger","2011","Gasoline",33911,2.3,"Med"
"Ford","Ranger","2010","Gasoline",32848,2.3,"Med"
"Ford","Ranger","2009","Gasoline",30184,2.3,"Med"
"Ford","Ranger","2008","Gasoline",29199,2.3,"Med"
"Ford","Ranger","2007","Gasoline",27066,2.3,"Med"
"Ford","Ranger","2006","Gasoline",26146,2.3,"Med"
"Ford","Ranger","2005","Gasoline",21871,2.3,"Med"
"Ford","Ranger","2003","Gasoline",20301,2.3,"Med"
"Ford","Ranger","2002","Gasoline",19652,2.3,"Med"
"Ford","Ranger","2001","Gasoline",17423,2.3,"Med"
"Ford","Ranger","1997","Gasoline",12315,2.3,"Med"
"Ford","Ranger","2006","Diesel",37791,2.8,"Med"
"Ford","Ranger","2005","Diesel",34525,2.8,"Med"
"Ford","Ranger","2004","Diesel",32165,2.8,"Med"
"Ford","Ranger","2003","Diesel",28309,2.8,"Med"
"Ford","Ranger","2002","Diesel",27365,2.8,"Med"
"Ford","Ranger","2001","Diesel",26365,2.8,"Med"
"Ford","Ranger","2003","Diesel",26054,2.8,"Med"
"Ford","Ranger","2002","Diesel",23450,2.8,"Med"
"Ford","Ranger","2006","Diesel",34774,2.8,"Med"
"Ford","Ranger","2003","Diesel",23548,2.8,"Med"
"Ford","Ranger","2002","Diesel",20864,2.8,"Med"
"Ford","Ranger","2006","Diesel",40227,2.8,"Med"
"Ford","Ranger","2005","Diesel",36669,2.8,"Med"
"Ford","Ranger","2004","Diesel",35565,2.8,"Med"
"Ford","Ranger","2003","Diesel",32708,2.8,"Med"
"Ford","Ranger","2002","Diesel",30000,2.8,"Med"
"Ford","Ranger","2003","Diesel",31332,2.8,"Med"
"Ford","Ranger","2002","Diesel",28249,2.8,"Med"
"Ford","Ranger","2006","Diesel",36320,2.8,"Med"
"Ford","Ranger","2005","Diesel",31920,2.8,"Med"
"Ford","Ranger","2004","Diesel",30784,2.8,"Med"
"Ford","Ranger","2003","Diesel",27696,2.8,"Med"
"Ford","Ranger","2002","Diesel",26149,2.8,"Med"
"Ford","Ranger","2012","Diesel",54402,3,"Med"
"Ford","Ranger","2011","Diesel",51033,3,"Med"
"Ford","Ranger","2010","Diesel",46280,3,"Med"
"Ford","Ranger","2009","Diesel",43102,3,"Med"
"Ford","Ranger","2008","Diesel",41123,3,"Med"
"Ford","Ranger","2007","Diesel",39244,3,"Med"
"Ford","Ranger","2006","Diesel",37685,3,"Med"
"Ford","Ranger","2005","Diesel",34472,3,"Med"
"Ford","Ranger","2012","Diesel",45734,3,"Med"
"Ford","Ranger","2011","Diesel",41048,3,"Med"
"Ford","Ranger","2010","Diesel",37485,3,"Med"
"Ford","Ranger","2009","Diesel",36326,3,"Med"
"Ford","Ranger","2008","Diesel",34615,3,"Med"
"Ford","Ranger","2007","Diesel",33016,3,"Med"
"Ford","Ranger","2006","Diesel",31116,3,"Med"
"Ford","Ranger","2005","Diesel",24814,3,"Med"
"Ford","Ranger","2012","Diesel",55175,3,"Med"
"Ford","Ranger","2011","Diesel",53410,3,"Med"
"Ford","Ranger","2010","Diesel",48174,3,"Med"
"Ford","Ranger","2009","Diesel",45037,3,"Med"
"Ford","Ranger","2008","Diesel",43502,3,"Med"
"Ford","Ranger","2007","Diesel",41322,3,"Med"
"Ford","Ranger","2006","Diesel",40020,3,"Med"
"Ford","Ranger","2005","Diesel",35845,3,"Med"
"Ford","Ranger","2012","Diesel",55054,3,"Med"
"Ford","Ranger","2011","Diesel",53071,3,"Med"
"Ford","Ranger","2010","Diesel",48086,3,"Med"
"Ford","Ranger","2009","Diesel",43076,3,"Med"
"Ford","Ranger","2008","Diesel",40304,3,"Med"
"Ford","Ranger","2007","Diesel",38817,3,"Med"
"Ford","Ranger","2006","Diesel",37011,3,"Med"
"Ford","Ranger","2005","Diesel",32153,3,"Med"
"Ford","Ranger","2002","Gasoline",23175,4,"Med"
"Ford","Ranger","2001","Gasoline",21484,4,"Med"
"Ford","Ranger","2001","Gasoline",22410,4,"Med"
"Ford","Ranger","2000","Gasoline",21466,4,"Med"
"Ford","Ranger","1999","Gasoline",18629,4,"Med"
"Ford","Ranger","1998","Gasoline",17586,4,"Med"
"Ford","Ranger","1997","Gasoline",16984,4,"Med"
"Ford","Ranger","1996","Gasoline",16295,4,"Med"
"Ford","Ranger","1995","Gasoline",15748,4,"Med"
"Ford","Ranger","1994","Gasoline",14970,4,"Med"
"Ford","Ranger","Zero KM","Diesel",117285,2.2,"Med"
"Ford","Ranger","2018","Diesel",108010,2.2,"Med"
"Ford","Ranger","Zero KM","Diesel",129806,2.2,"Aut"
"Ford","Ranger","2019","Diesel",119421,2.2,"Aut"
"Ford","Ranger","2018","Diesel",115210,2.2,"Aut"
"Ford","Ranger","2017","Diesel",111748,2.2,"Aut"
"Ford","Ranger","2016","Diesel",108125,2.2,"Aut"
"Ford","Ranger","Zero KM","Diesel",124427,2.2,"Med"
"Ford","Ranger","2019","Diesel",114036,2.2,"Med"
"Ford","Ranger","2018","Diesel",109665,2.2,"Med"
"Ford","Ranger","2017","Diesel",106020,2.2,"Med"
"Ford","Ranger","2016","Diesel",96514,2.2,"Med"
"Ford","Ranger","2015","Diesel",85784,2.2,"Med"
"Ford","Ranger","2014","Diesel",79815,2.2,"Med"
"Ford","Ranger","2013","Diesel",73606,2.2,"Med"
"Ford","Ranger","2012","Gasoline",43659,2.3,"Med"
"Ford","Ranger","2011","Gasoline",38808,2.3,"Med"
"Ford","Ranger","2010","Gasoline",36695,2.3,"Med"
"Ford","Ranger","2009","Gasoline",35351,2.3,"Med"
"Ford","Ranger","2008","Gasoline",33521,2.3,"Med"
"Ford","Ranger","2007","Gasoline",32526,2.3,"Med"
"Ford","Ranger","2006","Gasoline",31489,2.3,"Med"
"Ford","Ranger","2005","Gasoline",28084,2.3,"Med"
"Ford","Ranger","2004","Gasoline",25490,2.3,"Med"
"Ford","Ranger","2012","Gasoline",35605,2.3,"Med"
"Ford","Ranger","2011","Gasoline",34520,2.3,"Med"
"Ford","Ranger","2010","Gasoline",33441,2.3,"Med"
"Ford","Ranger","2009","Gasoline",31601,2.3,"Med"
"Ford","Ranger","2008","Gasoline",28894,2.3,"Med"
"Ford","Ranger","2007","Gasoline",28010,2.3,"Med"
"Ford","Ranger","2006","Gasoline",26433,2.3,"Med"
"Ford","Ranger","2005","Gasoline",23086,2.3,"Med"
"Ford","Ranger","2004","Gasoline",22304,2.3,"Med"
"Ford","Ranger","Zero KM","Gasoline",100748,2.5,"Med"
"Ford","Ranger","2019","Gasoline",91177,2.5,"Med"
"Ford","Ranger","2018","Gasoline",88282,2.5,"Med"
"Ford","Ranger","2017","Gasoline",84962,2.5,"Med"
"Ford","Ranger","2016","Gasoline",76027,2.5,"Med"
"Ford","Ranger","2015","Gasoline",70414,2.5,"Med"
"Ford","Ranger","2014","Gasoline",61424,2.5,"Med"
"Ford","Ranger","2013","Gasoline",55765,2.5,"Med"
"Ford","Ranger","2015","Gasoline",57926,2.5,"Med"
"Ford","Ranger","2014","Gasoline",55717,2.5,"Med"
"Ford","Ranger","2013","Gasoline",52406,2.5,"Med"
"Ford","Ranger","2005","Diesel",34610,2.8,"Med"
"Ford","Ranger","2004","Diesel",33303,2.8,"Med"
"Ford","Ranger","2005","Diesel",28564,2.8,"Med"
"Ford","Ranger","2004","Diesel",25293,2.8,"Med"
"Ford","Ranger","2005","Diesel",39461,2.8,"Med"
"Ford","Ranger","2004","Diesel",36120,2.8,"Med"
"Ford","Ranger","2006","Diesel",44897,2.8,"Med"
"Ford","Ranger","2005","Diesel",41274,2.8,"Med"
"Ford","Ranger","2004","Diesel",37433,2.8,"Med"
"Ford","Ranger","2012","Diesel",55780,3,"Med"
"Ford","Ranger","2011","Diesel",53120,3,"Med"
"Ford","Ranger","2010","Diesel",50774,3,"Med"
"Ford","Ranger","2009","Diesel",46325,3,"Med"
"Ford","Ranger","2008","Diesel",42813,3,"Med"
"Ford","Ranger","2007","Diesel",41488,3,"Med"
"Ford","Ranger","2006","Diesel",39870,3,"Med"
"Ford","Ranger","2005","Diesel",36330,3,"Med"
"Ford","Ranger","2012","Diesel",51095,3,"Med"
"Ford","Ranger","2011","Diesel",46797,3,"Med"
"Ford","Ranger","2010","Diesel",44437,3,"Med"
"Ford","Ranger","2009","Diesel",40345,3,"Med"
"Ford","Ranger","2008","Diesel",36890,3,"Med"
"Ford","Ranger","2007","Diesel",35746,3,"Med"
"Ford","Ranger","2006","Diesel",34588,3,"Med"
"Ford","Ranger","2005","Diesel",32143,3,"Med"
"Ford","Ranger","2012","Diesel",57834,3,"Med"
"Ford","Ranger","2011","Diesel",55342,3,"Med"
"Ford","Ranger","2010","Diesel",53019,3,"Med"
"Ford","Ranger","2009","Diesel",46485,3,"Med"
"Ford","Ranger","2008","Diesel",44120,3,"Med"
"Ford","Ranger","2007","Diesel",42784,3,"Med"
"Ford","Ranger","2006","Diesel",41502,3,"Med"
"Ford","Ranger","2005","Diesel",36352,3,"Med"
"Ford","Ranger","2009","Diesel",48385,3,"Med"
"Ford","Ranger","2016","Diesel",111044,3.2,"Aut"
"Ford","Ranger","2015","Diesel",102233,3.2,"Aut"
"Ford","Ranger","2014","Diesel",95833,3.2,"Aut"
"Ford","Ranger","2013","Diesel",84430,3.2,"Aut"
"Ford","Ranger","2016","Diesel",106383,3.2,"Med"
"Ford","Ranger","2015","Diesel",89825,3.2,"Med"
"Ford","Ranger","2014","Diesel",85838,3.2,"Med"
"Ford","Ranger","2013","Diesel",76995,3.2,"Med"
"Ford","Ranger","2015","Diesel",88740,3.2,"Med"
"Ford","Ranger","2014","Diesel",78437,3.2,"Med"
"Ford","Ranger","2013","Diesel",75033,3.2,"Med"
"Ford","Ranger","2012","Gasoline",38435,2.3,"Med"
"Ford","Ranger","2011","Gasoline",37039,2.3,"Med"
"Ford","Ranger","2010","Gasoline",35596,2.3,"Med"
"Ford","Ranger","2009","Gasoline",30566,2.3,"Med"
"Ford","Ranger","2008","Gasoline",29589,2.3,"Med"
"Ford","Ranger","2012","Gasoline",44110,2.3,"Med"
"Ford","Ranger","2011","Gasoline",42515,2.3,"Med"
"Ford","Ranger","2010","Gasoline",41218,2.3,"Med"
"Ford","Ranger","2009","Gasoline",37901,2.3,"Med"
"Ford","Ranger","2008","Gasoline",36016,2.3,"Med"
"Ford","Ranger","2007","Gasoline",33989,2.3,"Med"
"Ford","Ranger","1999","Gasoline",17936,2.3,"Med"
"Ford","Ranger","1998","Gasoline",17196,2.3,"Med"
"Ford","Ranger","1997","Gasoline",16546,2.3,"Med"
"Ford","Ranger","Zero KM","Gasoline",110953,2.5,"Med"
"Ford","Ranger","2019","Gasoline",101307,2.5,"Med"
"Ford","Ranger","2018","Gasoline",97588,2.5,"Med"
"Ford","Ranger","2017","Gasoline",94120,2.5,"Med"
"Ford","Ranger","2016","Gasoline",87833,2.5,"Med"
"Ford","Ranger","2015","Gasoline",78022,2.5,"Med"
"Ford","Ranger","2014","Gasoline",71727,2.5,"Med"
"Ford","Ranger","2013","Gasoline",66574,2.5,"Med"
"Ford","Ranger","2001","Diesel",30648,2.5,"Med"
"Ford","Ranger","2000","Diesel",28395,2.5,"Med"
"Ford","Ranger","1999","Diesel",27257,2.5,"Med"
"Ford","Ranger","1998","Diesel",25150,2.5,"Med"
"Ford","Ranger","2001","Diesel",27858,2.5,"Med"
"Ford","Ranger","2000","Diesel",26335,2.5,"Med"
"Ford","Ranger","1999","Diesel",24437,2.5,"Med"
"Ford","Ranger","1998","Diesel",21864,2.5,"Med"
"Ford","Ranger","2001","Diesel",26747,2.5,"Med"
"Ford","Ranger","2000","Diesel",24838,2.5,"Med"
"Ford","Ranger","1999","Diesel",22234,2.5,"Med"
"Ford","Ranger","1998","Diesel",21005,2.5,"Med"
"Ford","Ranger","2001","Diesel",35710,2.5,"Med"
"Ford","Ranger","2000","Diesel",29584,2.5,"Med"
"Ford","Ranger","1999","Diesel",28332,2.5,"Med"
"Ford","Ranger","1998","Diesel",24789,2.5,"Med"
"Ford","Ranger","2001","Diesel",32500,2.5,"Med"
"Ford","Ranger","2000","Diesel",29453,2.5,"Med"
"Ford","Ranger","1999","Diesel",27794,2.5,"Med"
"Ford","Ranger","2001","Diesel",27475,2.5,"Med"
"Ford","Ranger","2000","Diesel",26390,2.5,"Med"
"Ford","Ranger","1999","Diesel",23569,2.5,"Med"
"Ford","Ranger","1998","Diesel",21471,2.5,"Med"
"Ford","Ranger","2005","Diesel",38873,2.8,"Med"
"Ford","Ranger","2004","Diesel",37713,2.8,"Med"
"Ford","Ranger","2003","Diesel",31976,2.8,"Med"
"Ford","Ranger","2002","Diesel",30634,2.8,"Med"
"Ford","Ranger","2005","Diesel",41725,2.8,"Med"
"Ford","Ranger","2004","Diesel",39221,2.8,"Med"
"Ford","Ranger","2003","Diesel",34086,2.8,"Med"
"Ford","Ranger","2002","Diesel",31718,2.8,"Med"
"Ford","Ranger","2003","Diesel",32256,2.8,"Med"
"Ford","Ranger","2002","Diesel",30011,2.8,"Med"
"Ford","Ranger","2012","Diesel",56095,3,"Med"
"Ford","Ranger","2011","Diesel",53841,3,"Med"
"Ford","Ranger","2010","Diesel",51573,3,"Med"
"Ford","Ranger","2009","Diesel",46715,3,"Med"
"Ford","Ranger","2008","Diesel",45228,3,"Med"
"Ford","Ranger","2007","Diesel",42656,3,"Med"
"Ford","Ranger","2006","Diesel",41100,3,"Med"
"Ford","Ranger","2005","Diesel",36513,3,"Med"
"Ford","Ranger","2012","Diesel",59411,3,"Med"
"Ford","Ranger","2011","Diesel",56994,3,"Med"
"Ford","Ranger","2010","Diesel",55249,3,"Med"
"Ford","Ranger","2009","Diesel",50674,3,"Med"
"Ford","Ranger","2008","Diesel",46369,3,"Med"
"Ford","Ranger","2007","Diesel",43521,3,"Med"
"Ford","Ranger","2006","Diesel",42145,3,"Med"
"Ford","Ranger","2005","Diesel",39008,3,"Med"
"Ford","Ranger","2016","Diesel",126498,3.2,"Med"
"Ford","Ranger","2015","Diesel",93523,3.2,"Med"
"Ford","Ranger","2014","Diesel",88965,3.2,"Med"
"Ford","Ranger","2013","Diesel",84252,3.2,"Med"
"Ford","Ranger","Zero KM","Diesel",159383,3.2,"Aut"
"Ford","Ranger","2019","Diesel",146633,3.2,"Aut"
"Ford","Ranger","2018","Diesel",141200,3.2,"Aut"
"Ford","Ranger","2017","Diesel",136258,3.2,"Aut"
"Ford","Ranger","2016","Diesel",127929,3.2,"Aut"
"Ford","Ranger","2015","Diesel",107283,3.2,"Aut"
"Ford","Ranger","2014","Diesel",98020,3.2,"Aut"
"Ford","Ranger","2013","Diesel",90797,3.2,"Aut"
"Ford","Ranger","2004","Gasoline",37435,4,"Med"
"Ford","Ranger","2003","Gasoline",31502,4,"Med"
"Ford","Ranger","2002","Gasoline",29208,4,"Med"
"Ford","Ranger","2001","Gasoline",28155,4,"Med"
"Ford","Ranger","2002","Gasoline",27850,4,"Med"
"Ford","Ranger","2001","Gasoline",27020,4,"Med"
"Ford","Ranger","2001","Gasoline",29514,4,"Med"
"Ford","Ranger","2000","Gasoline",25959,4,"Med"
"Ford","Ranger","1999","Gasoline",24929,4,"Med"
"Ford","Ranger","2001","Gasoline",23244,4,"Med"
"Ford","Ranger","2000","Gasoline",22055,4,"Med"
"Ford","Ranger","1999","Gasoline",21005,4,"Med"
"Ford","Ranger","1998","Gasoline",19644,4,"Med"
"Ford","Ranger","1997","Gasoline",19053,4,"Med"
"Ford","Ranger","1996","Gasoline",16306,4,"Med"
"Ford","Ranger","1995","Gasoline",15523,4,"Med"
"Ford","Ranger","1994","Gasoline",14482,4,"Med"
"Ford","Ranger","2002","Gasoline",30137,4,"Med"
"Ford","Ranger","2001","Gasoline",29005,4,"Med"
"Ford","Ranger","2000","Gasoline",25589,4,"Med"
"Ford","Ranger","1999","Gasoline",24429,4,"Med"
"Ford","Ranger","1998","Gasoline",22880,4,"Med"
"Ford","Ranger","2001","Gasoline",28333,4,"Med"
"Ford","Ranger","2000","Gasoline",25316,4,"Med"
"Ford","Ranger","1999","Gasoline",23619,4,"Med"
"Ford","Ranger","2001","Gasoline",26122,4,"Med"
"Ford","Ranger","2000","Gasoline",23080,4,"Med"
"Ford","Ranger","1999","Gasoline",21060,4,"Med"
"Ford","Ranger","1998","Gasoline",19926,4,"Med"
"Ford","Ranger","2005","Diesel",41257,2.8,"Med"
"Ford","Ranger","2004","Diesel",35010,2.8,"Med"
"Ford","Ranger","2003","Diesel",30660,2.8,"Med"
"Ford","Royale","1996","Gasoline",11477,2,"Med"
"Ford","Royale","1996","Gasoline",11477,2,"Med"
"Ford","Royale","1995","Álcool",7160,2,"Med"
"Ford","Royale","1995","Álcool",7160,2,"Med"
"Ford","Royale","1994","Gasoline",7773,2,"Med"
"Ford","Royale","1993","Gasoline",7084,2,"Med"
"Ford","Royale","1992","Gasoline",5870,2,"Med"
"Ford","Royale","1996","Álcool",6660,1.8,"Med"
"Ford","Royale","1996","Álcool",6660,1.8,"Med"
"Ford","Royale","1995","Álcool",5656,1.8,"Med"
"Ford","Royale","1995","Álcool",5656,1.8,"Med"
"Ford","Royale","1994","Gasoline",6131,1.8,"Med"
"Ford","Royale","1993","Gasoline",5875,1.8,"Med"
"Ford","Royale","1992","Gasoline",5250,1.8,"Med"
"Ford","Royale","1996","Álcool",7528,2,"Med"
"Ford","Royale","1996","Álcool",7528,2,"Med"
"Ford","Royale","1995","Álcool",6451,2,"Med"
"Ford","Royale","1995","Álcool",6451,2,"Med"
"Ford","Royale","1994","Gasoline",6747,2,"Med"
"Ford","Royale","1993","Gasoline",6346,2,"Med"
"Ford","Royale","1992","Gasoline",5820,2,"Med"
"Ford","Taurus","1995","Gasoline",12690,3,"Med"
"Ford","Taurus","1994","Gasoline",10014,3,"Med"
"Ford","Taurus","1993","Gasoline",8699,3,"Med"
"Ford","Taurus","1992","Gasoline",8345,3,"Med"
"Ford","Taurus","1995","Gasoline",13295,3,"Med"
"Ford","Taurus","1994","Gasoline",11178,3,"Med"
"Ford","Taurus","1993","Gasoline",9984,3,"Med"
"Ford","Taurus","1991","Gasoline",6557,3,"Med"
"Ford","Taurus","1998","Gasoline",14715,3,"Med"
"Ford","Taurus","1997","Gasoline",14255,3,"Med"
"Ford","Taurus","1996","Gasoline",13326,3,"Med"
"Ford","Taurus","1995","Gasoline",12801,3,"Med"
"Ford","Taurus","1994","Gasoline",11071,3,"Med"
"Ford","Taurus","1993","Gasoline",9690,3,"Med"
"Ford","Taurus","1992","Gasoline",8908,3,"Med"
"Ford","Taurus","1991","Gasoline",7052,3,"Med"
"Ford","Taurus","1995","Gasoline",13389,3,"Med"
"Ford","Taurus","1994","Gasoline",11334,3,"Med"
"Ford","Taurus","1993","Gasoline",9362,3,"Med"
"Ford","Taurus","1992","Gasoline",7613,3,"Med"
"Ford","Taurus","1991","Gasoline",6851,3,"Med"
"Ford","Thunderbird","1995","Gasoline",23862,3.8,"Med"
"Ford","Thunderbird","1994","Gasoline",21073,3.8,"Med"
"Ford","Thunderbird","1993","Gasoline",20131,3.8,"Med"
"Ford","Thunderbird","1992","Gasoline",19522,3.8,"Med"
"Ford","Thunderbird","1991","Gasoline",18658,3.8,"Med"
"Ford","Thunderbird","1990","Gasoline",14512,3.8,"Med"
"Ford","TRANSIT","2014","Diesel",72456,2.2,"Med"
"Ford","TRANSIT","2013","Diesel",65699,2.2,"Med"
"Ford","TRANSIT","2012","Diesel",63581,2.2,"Med"
"Ford","TRANSIT","2011","Diesel",52810,2.4,"Med"
"Ford","TRANSIT","2010","Diesel",49845,2.4,"Med"
"Ford","TRANSIT","2009","Diesel",43557,2.4,"Med"
"Ford","TRANSIT","2012","Diesel",71614,2.2,"Med"
"Ford","TRANSIT","2014","Diesel",77547,2.2,"Med"
"Ford","TRANSIT","2013","Diesel",71326,2.2,"Med"
"Ford","TRANSIT","2012","Diesel",68784,2.2,"Med"
"Ford","TRANSIT","2014","Diesel",78787,2.2,"Med"
"Ford","TRANSIT","2013","Diesel",73965,2.2,"Med"
"Ford","TRANSIT","2012","Diesel",71754,2.2,"Med"
"Ford","TRANSIT","2011","Diesel",53065,2.4,"Med"
"Ford","TRANSIT","2010","Diesel",50012,2.4,"Med"
"Ford","TRANSIT","2009","Diesel",44077,2.4,"Med"
"Ford","TRANSIT","2011","Diesel",53666,2.4,"Med"
"Ford","TRANSIT","2010","Diesel",51000,2.4,"Med"
"Ford","TRANSIT","2009","Diesel",45891,2.4,"Med"
"Ford","TRANSIT","2014","Diesel",74853,2.2,"Med"
"Ford","TRANSIT","2013","Diesel",70863,2.2,"Med"
"Ford","TRANSIT","2012","Diesel",68702,2.2,"Med"
"Ford","TRANSIT","2011","Diesel",58191,2.4,"Med"
"Ford","TRANSIT","2010","Diesel",55584,2.4,"Med"
"Ford","TRANSIT","2009","Diesel",48900,2.4,"Med"
"Ford","Verona","1996","Gasoline",9072,2,"Med"
"Ford","Verona","1995","Álcool",8080,2,"Med"
"Ford","Verona","1995","Álcool",8080,2,"Med"
"Ford","Verona","1994","Gasoline",7134,2,"Med"
"Ford","Verona","1996","Álcool",5686,1.8,"Med"
"Ford","Verona","1996","Álcool",5686,1.8,"Med"
"Ford","Verona","1995","Gasoline",6108,1.8,"Med"
"Ford","Verona","1995","Gasoline",6108,1.8,"Med"
"Ford","Verona","1994","Gasoline",5301,1.8,"Med"
"Ford","Verona","1992","Gasoline",5269,1.8,"Med"
"Ford","Verona","1991","Gasoline",5102,1.8,"Med"
"Ford","Verona","1990","Gasoline",4942,1.8,"Med"
"Ford","Verona","1996","Álcool",7345,1.8,"Med"
"Ford","Verona","1996","Álcool",7345,1.8,"Med"
"Ford","Verona","1995","Gasoline",7232,1.8,"Med"
"Ford","Verona","1995","Gasoline",7232,1.8,"Med"
"Ford","Verona","1994","Gasoline",5688,1.8,"Med"
"Ford","Verona","1996","Álcool",7417,2,"Med"
"Ford","Verona","1996","Álcool",7417,2,"Med"
"Ford","Verona","1995","Gasoline",7242,2,"Med"
"Ford","Verona","1995","Gasoline",7242,2,"Med"
"Ford","Verona","1994","Gasoline",6344,2,"Med"
"Ford","Verona","1992","Gasoline",5346,1.6,"Med"
"Ford","Verona","1991","Gasoline",4623,1.6,"Med"
"Ford","Verona","1990","Gasoline",4480,1.6,"Med"
"Ford","Verona","1992","Gasoline",5221,1.8,"Med"
"Ford","Verona","1991","Gasoline",4747,1.8,"Med"
"Ford","Verona","1990","Gasoline",4176,1.8,"Med"
"Ford","Verona","1996","Álcool",7929,2,"Med"
"Ford","Verona","1996","Álcool",7929,2,"Med"
"Ford","Verona","1995","Gasoline",7792,2,"Med"
"Ford","Verona","1995","Gasoline",7792,2,"Med"
"Ford","Versailles","1996","Álcool",9453,2,"Med"
"Ford","Versailles","1996","Álcool",9453,2,"Med"
"Ford","Versailles","1995","Álcool",7864,2,"Med"
"Ford","Versailles","1995","Álcool",7864,2,"Med"
"Ford","Versailles","1994","Gasoline",8024,2,"Med"
"Ford","Versailles","1993","Gasoline",7784,2,"Med"
"Ford","Versailles","1992","Gasoline",7054,2,"Med"
"Ford","Versailles","1991","Gasoline",6322,2,"Med"
"Ford","Versailles","1996","Álcool",7748,1.8,"Med"
"Ford","Versailles","1996","Álcool",7748,1.8,"Med"
"Ford","Versailles","1995","Gasoline",6854,1.8,"Med"
"Ford","Versailles","1995","Gasoline",6854,1.8,"Med"
"Ford","Versailles","1994","Gasoline",6458,1.8,"Med"
"Ford","Versailles","1993","Gasoline",6220,1.8,"Med"
"Ford","Versailles","1992","Gasoline",5811,1.8,"Med"
"Ford","Versailles","1991","Gasoline",5281,1.8,"Med"
"Ford","Versailles","1996","Gasoline",9400,2,"Med"
"Ford","Versailles","1996","Gasoline",9400,2,"Med"
"Ford","Versailles","1995","Álcool",6687,2,"Med"
"Ford","Versailles","1995","Álcool",6687,2,"Med"
"Ford","Versailles","1994","Gasoline",6824,2,"Med"
"Ford","Versailles","1993","Gasoline",6612,2,"Med"
"Ford","Versailles","1992","Gasoline",6024,2,"Med"
"Ford","Versailles","1991","Gasoline",5800,2,"Med"
"FOTON","AUMARK","2013","Diesel",52520,3.5,"Med"
"FOTON","AUMARK","2012","Diesel",49634,3.5,"Med"
"FOTON","AUMARK","2011","Diesel",47325,3.5,"Med"
"FOTON","AUMARK","2010","Diesel",44739,3.5,"Med"
"Fyber","Buggy","Zero KM","Gasoline",40000,1.6,"Med"
"Fyber","Buggy","2018","Gasoline",32334,1.6,"Med"
"Fyber","Buggy","2017","Gasoline",30900,1.6,"Med"
"Fyber","Buggy","2016","Gasoline",28679,1.6,"Med"
"Fyber","Buggy","Zero KM","Gasoline",45000,1.8,"Med"
"Fyber","Buggy","2018","Gasoline",35830,1.8,"Med"
"Fyber","Buggy","2017","Gasoline",32377,1.8,"Med"
"Fyber","Buggy","2016","Gasoline",30893,1.8,"Med"
"Fyber","Buggy","2015","Gasoline",29794,1.8,"Med"
"Fyber","Buggy","2014","Gasoline",28899,1.8,"Med"
"Fyber","Buggy","2013","Gasoline",27976,1.8,"Med"
"Fyber","Buggy","2012","Gasoline",25904,1.8,"Med"
"Fyber","Buggy","2011","Gasoline",24931,1.8,"Med"
"Fyber","Buggy","2010","Gasoline",22580,1.8,"Med"
"Fyber","Buggy","2009","Gasoline",19812,1.8,"Med"
"Fyber","Buggy","2008","Gasoline",18443,1.8,"Med"
"Fyber","Buggy","2007","Gasoline",16197,1.8,"Med"
"Fyber","Buggy","2006","Gasoline",15695,1.8,"Med"
"Fyber","Buggy","2005","Gasoline",14308,1.8,"Med"
"Fyber","Buggy","2004","Gasoline",12943,1.8,"Med"
"GEELY","EC7","2014","Gasoline",34403,1.8,"Med"
"GREAT WALL","HOVER","2008","Gasoline",37062,2.4,"Med"
"GREAT WALL","HOVER","2007","Gasoline",35448,2.4,"Med"
"GREAT WALL","HOVER","2008","Gasoline",38975,2.4,"Med"
"HAFEI","Towner","2012","Gasoline",17635,1,"Med"
"HAFEI","Towner","2011","Gasoline",16599,1,"Med"
"HAFEI","Towner","2010","Gasoline",15740,1,"Med"
"HAFEI","Towner","2009","Gasoline",15175,1,"Med"
"HAFEI","Towner","2008","Gasoline",14570,1,"Med"
"HAFEI","Towner","2007","Gasoline",13758,1,"Med"
"HAFEI","Towner","2013","Gasoline",18109,1,"Med"
"HAFEI","Towner","2012","Gasoline",17499,1,"Med"
"HAFEI","Towner","2011","Gasoline",16247,1,"Med"
"HAFEI","Towner","2010","Gasoline",15281,1,"Med"
"HAFEI","Towner","2012","Gasoline",17489,1,"Med"
"HAFEI","Towner","2011","Gasoline",15633,1,"Med"
"HAFEI","Towner","2010","Gasoline",14331,1,"Med"
"HAFEI","Towner","2012","Gasoline",18329,1,"Med"
"HAFEI","Towner","2011","Gasoline",17305,1,"Med"
"HAFEI","Towner","2012","Gasoline",21211,1,"Med"
"HAFEI","Towner","2011","Gasoline",18093,1,"Med"
"HAFEI","Towner","2012","Gasoline",17651,1,"Med"
"HAFEI","Towner","2011","Gasoline",16651,1,"Med"
"HAFEI","Towner","2010","Gasoline",15809,1,"Med"
"HAFEI","Towner","2009","Gasoline",15224,1,"Med"
"HAFEI","Towner","2013","Gasoline",18822,1,"Med"
"HAFEI","Towner","2012","Gasoline",17352,1,"Med"
"HAFEI","Towner","2011","Gasoline",16174,1,"Med"
"HAFEI","Towner","2010","Gasoline",14732,1,"Med"
"HAFEI","Towner","2009","Gasoline",13853,1,"Med"
"HAFEI","Towner","2012","Gasoline",22333,1,"Med"
"HAFEI","Towner","2011","Gasoline",21471,1,"Med"
"Honda","Accord","2012","Gasoline",61491,2,"Aut"
"Honda","Accord","2011","Gasoline",45587,2,"Aut"
"Honda","Accord","2010","Gasoline",44154,2,"Aut"
"Honda","Accord","2014","Gasoline",75688,2.4,"Med"
"Honda","Accord","2013","Gasoline",70952,2.4,"Med"
"Honda","Accord","2005","Gasoline",24027,2.4,"Med"
"Honda","Accord","2004","Gasoline",21584,2.4,"Med"
"Honda","Accord","2003","Gasoline",19621,2.4,"Med"
"Honda","Accord","2002","Gasoline",17695,2.4,"Med"
"Honda","Accord","2001","Gasoline",17036,2.4,"Med"
"Honda","Accord","2000","Gasoline",16520,2.4,"Med"
"Honda","Accord","1999","Gasoline",15178,2.4,"Med"
"Honda","Accord","1998","Gasoline",13815,2.4,"Med"
"Honda","Accord","1997","Gasoline",13389,2.4,"Med"
"Honda","Accord","1996","Gasoline",12450,2.4,"Med"
"Honda","Accord","1995","Gasoline",12035,2.4,"Med"
"Honda","Accord","1994","Gasoline",11656,2.4,"Med"
"Honda","Accord","1993","Gasoline",10387,2.4,"Med"
"Honda","Accord","1992","Gasoline",9499,2.4,"Med"
"Honda","Accord","1991","Gasoline",7978,2.4,"Med"
"Honda","Accord","2007","Gasoline",29996,2.7,"Med"
"Honda","Accord","2006","Gasoline",27000,2.7,"Med"
"Honda","Accord","2005","Gasoline",24239,2.7,"Med"
"Honda","Accord","2004","Gasoline",23478,2.7,"Med"
"Honda","Accord","1996","Gasoline",13867,2.7,"Med"
"Honda","Accord","1995","Gasoline",13214,2.7,"Med"
"Honda","Accord","Zero KM","Gasoline",159610,3.5,"Med"
"Honda","Accord","2017","Gasoline",147817,3.5,"Med"
"Honda","Accord","2016","Gasoline",130155,3.5,"Med"
"Honda","Accord","2015","Gasoline",108886,3.5,"Med"
"Honda","Accord","2014","Gasoline",87411,3.5,"Med"
"Honda","Accord","2013","Gasoline",84789,3.5,"Med"
"Honda","Accord","2012","Gasoline",69668,3.5,"Med"
"Honda","Accord","2011","Gasoline",58644,3.5,"Med"
"Honda","Accord","2010","Gasoline",51195,3.5,"Med"
"Honda","Accord","2009","Gasoline",43482,3.5,"Med"
"Honda","Accord","2008","Gasoline",41914,3.5,"Med"
"Honda","Accord","2005","Gasoline",23176,2.2,"Med"
"Honda","Accord","1996","Gasoline",12027,2.2,"Med"
"Honda","Accord","1995","Gasoline",11328,2.2,"Med"
"Honda","Accord","1994","Gasoline",10552,2.2,"Med"
"Honda","Accord","1993","Gasoline",8776,2.2,"Med"
"Honda","Accord","1992","Gasoline",7625,2.2,"Med"
"Honda","Accord","2009","Gasoline",36349,2,"Aut"
"Honda","Accord","2008","Gasoline",34839,2,"Aut"
"Honda","Accord","2007","Gasoline",26043,2,"Aut"
"Honda","Accord","2006","Gasoline",23383,2,"Aut"
"Honda","CITY","Zero KM","Gasoline",60512,1.5,"Med"
"Honda","CITY","2018","Gasoline",55898,1.5,"Med"
"Honda","CITY","2017","Gasoline",54126,1.5,"Med"
"Honda","CITY","2016","Gasoline",52510,1.5,"Med"
"Honda","CITY","2015","Gasoline",49342,1.5,"Med"
"Honda","CITY","2014","Gasoline",44102,1.5,"Med"
"Honda","CITY","2013","Gasoline",38888,1.5,"Med"
"Honda","CITY","2012","Gasoline",37698,1.5,"Med"
"Honda","CITY","2011","Gasoline",34111,1.5,"Med"
"Honda","CITY","Zero KM","Gasoline",77274,1.5,"Aut"
"Honda","CITY","2018","Gasoline",69957,1.5,"Aut"
"Honda","CITY","2017","Gasoline",67682,1.5,"Aut"
"Honda","CITY","2016","Gasoline",64614,1.5,"Aut"
"Honda","CITY","2015","Gasoline",57442,1.5,"Aut"
"Honda","CITY","2014","Gasoline",47761,1.5,"Aut"
"Honda","CITY","2013","Gasoline",45626,1.5,"Aut"
"Honda","CITY","2012","Gasoline",42341,1.5,"Aut"
"Honda","CITY","2011","Gasoline",39892,1.5,"Aut"
"Honda","CITY","2010","Gasoline",36884,1.5,"Aut"
"Honda","CITY","2013","Gasoline",42563,1.5,"Med"
"Honda","CITY","2012","Gasoline",39626,1.5,"Med"
"Honda","CITY","2011","Gasoline",36969,1.5,"Med"
"Honda","CITY","2010","Gasoline",33034,1.5,"Med"
"Honda","CITY","Zero KM","Gasoline",82790,1.5,"Aut"
"Honda","CITY","2018","Gasoline",77273,1.5,"Aut"
"Honda","CITY","2017","Gasoline",74359,1.5,"Aut"
"Honda","CITY","2016","Gasoline",68549,1.5,"Aut"
"Honda","CITY","2015","Gasoline",58559,1.5,"Aut"
"Honda","CITY","2012","Gasoline",44509,1.5,"Aut"
"Honda","CITY","2011","Gasoline",39914,1.5,"Aut"
"Honda","CITY","2010","Gasoline",37040,1.5,"Aut"
"Honda","CITY","2011","Gasoline",33900,1.5,"Med"
"Honda","CITY","2010","Gasoline",31776,1.5,"Med"
"Honda","CITY","Zero KM","Gasoline",71735,1.5,"Aut"
"Honda","CITY","2018","Gasoline",67252,1.5,"Aut"
"Honda","CITY","2017","Gasoline",64702,1.5,"Aut"
"Honda","CITY","2016","Gasoline",60713,1.5,"Aut"
"Honda","CITY","2015","Gasoline",54799,1.5,"Aut"
"Honda","CITY","2014","Gasoline",47378,1.5,"Aut"
"Honda","CITY","2013","Gasoline",43430,1.5,"Aut"
"Honda","CITY","2012","Gasoline",40062,1.5,"Aut"
"Honda","CITY","2011","Gasoline",37775,1.5,"Aut"
"Honda","CITY","2010","Gasoline",35999,1.5,"Aut"
"Honda","CITY","2013","Gasoline",39886,1.5,"Med"
"Honda","CITY","2012","Gasoline",38414,1.5,"Med"
"Honda","CITY","2011","Gasoline",34687,1.5,"Med"
"Honda","CITY","2010","Gasoline",32927,1.5,"Med"
"Honda","CITY","Zero KM","Gasoline",68856,1.5,"Aut"
"Honda","CITY","2018","Gasoline",63005,1.5,"Aut"
"Honda","CITY","2014","Gasoline",42134,1.5,"Med"
"Honda","Civic","1998","Gasoline",15770,1.6,"Med"
"Honda","Civic","1997","Gasoline",15172,1.6,"Med"
"Honda","Civic","1996","Gasoline",14633,1.6,"Med"
"Honda","Civic","1995","Gasoline",14200,1.6,"Med"
"Honda","Civic","1994","Gasoline",13691,1.6,"Med"
"Honda","Civic","1993","Gasoline",13128,1.6,"Med"
"Honda","Civic","1992","Gasoline",10466,1.6,"Med"
"Honda","Civic","1991","Gasoline",8294,1.6,"Med"
"Honda","Civic","Zero KM","Gasoline",159864,1.5,"Med"
"Honda","Civic","2018","Gasoline",143000,1.5,"Med"
"Honda","Civic","2015","Gasoline",105407,2.4,"Med"
"Honda","Civic","2014","Gasoline",98387,2.4,"Med"
"Honda","Civic","2007","Gasoline",30625,1.8,"Med"
"Honda","Civic","2013","Gasoline",52112,1.8,"Aut"
"Honda","Civic","2012","Gasoline",50177,1.8,"Aut"
"Honda","Civic","2011","Gasoline",41260,1.8,"Aut"
"Honda","Civic","2010","Gasoline",39212,1.8,"Aut"
"Honda","Civic","2013","Gasoline",49426,1.8,"Med"
"Honda","Civic","2012","Gasoline",46290,1.8,"Med"
"Honda","Civic","2011","Gasoline",39190,1.8,"Med"
"Honda","Civic","2010","Gasoline",36015,1.8,"Med"
"Honda","Civic","2000","Gasoline",14449,1.6,"Aut"
"Honda","Civic","1999","Gasoline",13972,1.6,"Aut"
"Honda","Civic","1998","Gasoline",13322,1.6,"Aut"
"Honda","Civic","1997","Gasoline",12725,1.6,"Aut"
"Honda","Civic","2000","Gasoline",13602,1.6,"Med"
"Honda","Civic","1999","Gasoline",13010,1.6,"Med"
"Honda","Civic","1998","Gasoline",12481,1.6,"Med"
"Honda","Civic","1997","Gasoline",11989,1.6,"Med"
"Honda","Civic","2006","Gasoline",24550,1.7,"Aut"
"Honda","Civic","2005","Gasoline",22376,1.7,"Aut"
"Honda","Civic","2004","Gasoline",21198,1.7,"Aut"
"Honda","Civic","2003","Gasoline",19040,1.7,"Aut"
"Honda","Civic","2002","Gasoline",17802,1.7,"Aut"
"Honda","Civic","2001","Gasoline",15581,1.7,"Aut"
"Honda","Civic","2003","Gasoline",19151,1.7,"Med"
"Honda","Civic","2002","Gasoline",17007,1.7,"Med"
"Honda","Civic","2001","Gasoline",14390,1.7,"Med"
"Honda","Civic","Zero KM","Gasoline",97757,2,"Aut"
"Honda","Civic","2018","Gasoline",91968,2,"Aut"
"Honda","Civic","2017","Gasoline",84978,2,"Aut"
"Honda","Civic","1997","Gasoline",13234,1.6,"Med"
"Honda","Civic","1996","Gasoline",11942,1.6,"Med"
"Honda","Civic","1995","Gasoline",11477,1.6,"Med"
"Honda","Civic","1994","Gasoline",10335,1.6,"Med"
"Honda","Civic","1993","Gasoline",9928,1.6,"Med"
"Honda","Civic","1992","Gasoline",7266,1.6,"Med"
"Honda","Civic","Zero KM","Gasoline",104188,2,"Aut"
"Honda","Civic","2018","Gasoline",98304,2,"Aut"
"Honda","Civic","2017","Gasoline",92119,2,"Aut"
"Honda","Civic","2016","Gasoline",78027,2,"Aut"
"Honda","Civic","2014","Gasoline",62290,2,"Aut"
"Honda","Civic","2013","Gasoline",58197,1.8,"Aut"
"Honda","Civic","2012","Gasoline",55215,1.8,"Aut"
"Honda","Civic","2011","Gasoline",47083,1.8,"Aut"
"Honda","Civic","2010","Gasoline",40763,1.8,"Aut"
"Honda","Civic","2009","Gasoline",38725,1.8,"Aut"
"Honda","Civic","2008","Gasoline",35867,1.8,"Aut"
"Honda","Civic","2007","Gasoline",34424,1.8,"Aut"
"Honda","Civic","1997","Gasoline",11343,1.5,"Med"
"Honda","Civic","1996","Gasoline",10851,1.5,"Med"
"Honda","Civic","1995","Gasoline",10446,1.5,"Med"
"Honda","Civic","1994","Gasoline",9925,1.5,"Med"
"Honda","Civic","1993","Gasoline",9616,1.5,"Med"
"Honda","Civic","1992","Gasoline",7899,1.5,"Med"
"Honda","Civic","2000","Gasoline",13983,1.6,"Aut"
"Honda","Civic","1999","Gasoline",13359,1.6,"Aut"
"Honda","Civic","1998","Gasoline",12742,1.6,"Aut"
"Honda","Civic","1997","Gasoline",11900,1.6,"Aut"
"Honda","Civic","2000","Gasoline",13552,1.6,"Med"
"Honda","Civic","1999","Gasoline",12992,1.6,"Med"
"Honda","Civic","1998","Gasoline",11507,1.6,"Med"
"Honda","Civic","1997","Gasoline",11000,1.6,"Med"
"Honda","Civic","2006","Gasoline",21217,1.7,"Med"
"Honda","Civic","2005","Gasoline",20516,1.7,"Med"
"Honda","Civic","2004","Gasoline",19395,1.7,"Med"
"Honda","Civic","2003","Gasoline",17048,1.7,"Med"
"Honda","Civic","2002","Gasoline",16481,1.7,"Med"
"Honda","Civic","2001","Gasoline",15721,1.7,"Med"
"Honda","Civic","2006","Gasoline",22305,1.7,"Aut"
"Honda","Civic","2005","Gasoline",21445,1.7,"Aut"
"Honda","Civic","2004","Gasoline",19898,1.7,"Aut"
"Honda","Civic","2003","Gasoline",18201,1.7,"Aut"
"Honda","Civic","2002","Gasoline",17647,1.7,"Aut"
"Honda","Civic","2001","Gasoline",16946,1.7,"Aut"
"Honda","Civic","2000","Gasoline",12381,1.6,"Med"
"Honda","Civic","1999","Gasoline",11974,1.6,"Med"
"Honda","Civic","1998","Gasoline",11495,1.6,"Med"
"Honda","Civic","1997","Gasoline",11147,1.6,"Med"
"Honda","Civic","2001","Gasoline",14151,1.7,"Med"
"Honda","Civic","2006","Gasoline",24142,1.7,"Med"
"Honda","Civic","2005","Gasoline",22253,1.7,"Med"
"Honda","Civic","2006","Gasoline",22295,1.7,"Med"
"Honda","Civic","2005","Gasoline",20916,1.7,"Med"
"Honda","Civic","2016","Gasoline",72887,2,"Aut"
"Honda","Civic","2015","Gasoline",67112,2,"Aut"
"Honda","Civic","2014","Gasoline",58711,2,"Aut"
"Honda","Civic","2016","Gasoline",63640,1.8,"Aut"
"Honda","Civic","2015","Gasoline",60143,1.8,"Aut"
"Honda","Civic","2014","Gasoline",55543,1.8,"Aut"
"Honda","Civic","2013","Gasoline",51523,1.8,"Aut"
"Honda","Civic","2012","Gasoline",49187,1.8,"Aut"
"Honda","Civic","2011","Gasoline",40198,1.8,"Aut"
"Honda","Civic","2010","Gasoline",38225,1.8,"Aut"
"Honda","Civic","2009","Gasoline",36854,1.8,"Aut"
"Honda","Civic","2008","Gasoline",34392,1.8,"Aut"
"Honda","Civic","2007","Gasoline",32647,1.8,"Aut"
"Honda","Civic","2016","Gasoline",60566,1.8,"Med"
"Honda","Civic","2015","Gasoline",56315,1.8,"Med"
"Honda","Civic","2014","Gasoline",52500,1.8,"Med"
"Honda","Civic","2013","Gasoline",47854,1.8,"Med"
"Honda","Civic","2012","Gasoline",45436,1.8,"Med"
"Honda","Civic","2011","Gasoline",38965,1.8,"Med"
"Honda","Civic","2010","Gasoline",34718,1.8,"Med"
"Honda","Civic","2009","Gasoline",33319,1.8,"Med"
"Honda","Civic","2008","Gasoline",32111,1.8,"Med"
"Honda","Civic","2007","Gasoline",31091,1.8,"Med"
"Honda","Civic","2011","Gasoline",64163,2,"Med"
"Honda","Civic","2010","Gasoline",53873,2,"Med"
"Honda","Civic","2009","Gasoline",49379,2,"Med"
"Honda","Civic","2008","Gasoline",46064,2,"Med"
"Honda","Civic","2007","Gasoline",42499,2,"Med"
"Honda","Civic","Zero KM","Gasoline",94517,2,"Aut"
"Honda","Civic","2018","Gasoline",89010,2,"Aut"
"Honda","Civic","2017","Gasoline",84894,2,"Aut"
"Honda","Civic","Zero KM","Gasoline",87625,2,"Med"
"Honda","Civic","2018","Gasoline",81771,2,"Med"
"Honda","Civic","2017","Gasoline",77227,2,"Med"
"Honda","Civic","Zero KM","Gasoline",124015,1.5,"Aut"
"Honda","Civic","2018","Gasoline",113781,1.5,"Aut"
"Honda","Civic","2017","Gasoline",110005,1.5,"Aut"
"Honda","CR-V","2007","Gasoline",40629,2,"Aut"
"Honda","CR-V","2006","Gasoline",32477,2,"Aut"
"Honda","CR-V","2005","Gasoline",27876,2,"Aut"
"Honda","CR-V","2002","Gasoline",24762,2,"Aut"
"Honda","CR-V","2001","Gasoline",22113,2,"Aut"
"Honda","CR-V","2000","Gasoline",19956,2,"Aut"
"Honda","CR-V","2001","Gasoline",20541,2,"Med"
"Honda","CR-V","2000","Gasoline",18480,2,"Med"
"Honda","CR-V","2004","Gasoline",30728,2.4,"Aut"
"Honda","CR-V","2003","Gasoline",24340,2.4,"Aut"
"Honda","CR-V","2002","Gasoline",21876,2.4,"Aut"
"Honda","CR-V","2016","Gasoline",119774,2,"Aut"
"Honda","CR-V","2015","Gasoline",111965,2,"Aut"
"Honda","CR-V","2014","Gasoline",84038,2,"Aut"
"Honda","CR-V","2013","Gasoline",77944,2,"Aut"
"Honda","CR-V","2012","Gasoline",72151,2,"Aut"
"Honda","CR-V","2011","Gasoline",53216,2,"Aut"
"Honda","CR-V","2010","Gasoline",49846,2,"Aut"
"Honda","CR-V","2009","Gasoline",45913,2,"Aut"
"Honda","CR-V","2008","Gasoline",42019,2,"Aut"
"Honda","CR-V","2014","Gasoline",82860,2,"Aut"
"Honda","CR-V","2013","Gasoline",74402,2,"Aut"
"Honda","CR-V","2012","Gasoline",65853,2,"Med"
"Honda","CR-V","2015","Gasoline",100186,2,"Aut"
"Honda","CR-V","2014","Gasoline",80756,2,"Aut"
"Honda","CR-V","2013","Gasoline",72548,2,"Aut"
"Honda","CR-V","2012","Gasoline",69493,2,"Aut"
"Honda","CR-V","2011","Gasoline",45485,2,"Aut"
"Honda","CR-V","2010","Gasoline",42598,2,"Aut"
"Honda","CR-V","2009","Gasoline",41099,2,"Aut"
"Honda","CR-V","2008","Gasoline",37833,2,"Aut"
"Honda","CR-V","Zero KM","Gasoline",179781,1.5,"Aut"
"Honda","CR-V","2018","Gasoline",162181,1.5,"Aut"
"Honda","Fit","2014","Gasoline",42222,1.4,"Aut"
"Honda","Fit","2014","Gasoline",41206,1.4,"Med"
"Honda","Fit","2012","Gasoline",35666,1.4,"Aut"
"Honda","Fit","2011","Gasoline",34002,1.4,"Aut"
"Honda","Fit","2014","Gasoline",38875,1.4,"Med"
"Honda","Fit","2013","Gasoline",37492,1.4,"Med"
"Honda","Fit","2012","Gasoline",35263,1.4,"Med"
"Honda","Fit","2011","Gasoline",32370,1.4,"Med"
"Honda","Fit","2017","Gasoline",58950,1.5,"Aut"
"Honda","Fit","2016","Gasoline",56825,1.5,"Aut"
"Honda","Fit","2015","Gasoline",51330,1.5,"Aut"
"Honda","Fit","Zero KM","Gasoline",58277,1.5,"Med"
"Honda","Fit","2018","Gasoline",53720,1.5,"Med"
"Honda","Fit","2017","Gasoline",52065,1.5,"Med"
"Honda","Fit","2016","Gasoline",50378,1.5,"Med"
"Honda","Fit","2015","Gasoline",48221,1.5,"Med"
"Honda","Fit","2014","Gasoline",41313,1.5,"Med"
"Honda","Fit","2013","Gasoline",38952,1.5,"Med"
"Honda","Fit","2012","Gasoline",37508,1.5,"Med"
"Honda","Fit","2011","Gasoline",35374,1.5,"Med"
"Honda","Fit","2010","Gasoline",32314,1.5,"Med"
"Honda","Fit","2009","Gasoline",31010,1.5,"Med"
"Honda","Fit","2008","Gasoline",25068,1.5,"Med"
"Honda","Fit","2007","Gasoline",23317,1.5,"Med"
"Honda","Fit","2006","Gasoline",21981,1.5,"Med"
"Honda","Fit","2005","Gasoline",20191,1.5,"Med"
"Honda","Fit","Zero KM","Gasoline",75046,1.5,"Aut"
"Honda","Fit","2018","Gasoline",67998,1.5,"Aut"
"Honda","Fit","2017","Gasoline",65854,1.5,"Aut"
"Honda","Fit","2016","Gasoline",63419,1.5,"Aut"
"Honda","Fit","2015","Gasoline",58216,1.5,"Aut"
"Honda","Fit","2014","Gasoline",48650,1.5,"Aut"
"Honda","Fit","2013","Gasoline",42991,1.5,"Aut"
"Honda","Fit","2012","Gasoline",40659,1.5,"Aut"
"Honda","Fit","2011","Gasoline",38722,1.5,"Aut"
"Honda","Fit","2010","Gasoline",35449,1.5,"Aut"
"Honda","Fit","2009","Gasoline",33923,1.5,"Aut"
"Honda","Fit","2008","Gasoline",27452,1.5,"Aut"
"Honda","Fit","2007","Gasoline",25999,1.5,"Aut"
"Honda","Fit","2006","Gasoline",24198,1.5,"Aut"
"Honda","Fit","2005","Gasoline",22213,1.5,"Aut"
"Honda","Fit","2012","Gasoline",39702,1.5,"Med"
"Honda","Fit","2011","Gasoline",35971,1.5,"Med"
"Honda","Fit","2010","Gasoline",32616,1.5,"Med"
"Honda","Fit","2009","Gasoline",31108,1.5,"Med"
"Honda","Fit","Zero KM","Gasoline",80222,1.5,"Med"
"Honda","Fit","2018","Gasoline",72160,1.5,"Med"
"Honda","Fit","2017","Gasoline",69784,1.5,"Med"
"Honda","Fit","2016","Gasoline",67647,1.5,"Med"
"Honda","Fit","2015","Gasoline",58847,1.5,"Med"
"Honda","Fit","2013","Gasoline",43175,1.5,"Med"
"Honda","Fit","2012","Gasoline",41466,1.5,"Med"
"Honda","Fit","2011","Gasoline",39353,1.5,"Med"
"Honda","Fit","2010","Gasoline",35601,1.5,"Med"
"Honda","Fit","2009","Gasoline",34184,1.5,"Med"
"Honda","Fit","2014","Gasoline",43474,1.4,"Aut"
"Honda","Fit","2013","Gasoline",42184,1.4,"Aut"
"Honda","Fit","2012","Gasoline",38475,1.4,"Aut"
"Honda","Fit","2011","Gasoline",36213,1.4,"Aut"
"Honda","Fit","2010","Gasoline",34252,1.4,"Aut"
"Honda","Fit","2009","Gasoline",32690,1.4,"Aut"
"Honda","Fit","2008","Gasoline",26258,1.4,"Aut"
"Honda","Fit","2007","Gasoline",23595,1.4,"Aut"
"Honda","Fit","2006","Gasoline",21518,1.4,"Aut"
"Honda","Fit","2005","Gasoline",20364,1.4,"Aut"
"Honda","Fit","2004","Gasoline",18956,1.4,"Aut"
"Honda","Fit","2014","Gasoline",42873,1.4,"Med"
"Honda","Fit","2013","Gasoline",38827,1.4,"Med"
"Honda","Fit","2012","Gasoline",36250,1.4,"Med"
"Honda","Fit","2011","Gasoline",33271,1.4,"Med"
"Honda","Fit","2010","Gasoline",31017,1.4,"Med"
"Honda","Fit","2009","Gasoline",29684,1.4,"Med"
"Honda","Fit","2008","Gasoline",24458,1.4,"Med"
"Honda","Fit","2007","Gasoline",22895,1.4,"Med"
"Honda","Fit","2006","Gasoline",21125,1.4,"Med"
"Honda","Fit","2005","Gasoline",19450,1.4,"Med"
"Honda","Fit","2004","Gasoline",17723,1.4,"Med"
"Honda","Fit","Zero KM","Gasoline",69292,1.5,"Aut"
"Honda","Fit","2018","Gasoline",62794,1.5,"Aut"
"Honda","Fit","2017","Gasoline",60699,1.5,"Aut"
"Honda","Fit","2016","Gasoline",58476,1.5,"Aut"
"Honda","Fit","2015","Gasoline",54387,1.5,"Aut"
"Honda","Fit","2017","Gasoline",57245,1.5,"Med"
"Honda","Fit","2016","Gasoline",54687,1.5,"Med"
"Honda","Fit","2015","Gasoline",49417,1.5,"Med"
"Honda","Fit","2012","Gasoline",38588,1.4,"Aut"
"Honda","Fit","2011","Gasoline",36606,1.4,"Aut"
"Honda","Fit","2010","Gasoline",34893,1.4,"Aut"
"Honda","Fit","2009","Gasoline",32811,1.4,"Aut"
"Honda","Fit","2008","Gasoline",26786,1.4,"Aut"
"Honda","Fit","2007","Gasoline",24501,1.4,"Aut"
"Honda","Fit","2006","Gasoline",23479,1.4,"Aut"
"Honda","Fit","2005","Gasoline",22105,1.4,"Aut"
"Honda","Fit","2004","Gasoline",21074,1.4,"Aut"
"Honda","Fit","2012","Gasoline",36309,1.4,"Med"
"Honda","Fit","2011","Gasoline",33369,1.4,"Med"
"Honda","Fit","2010","Gasoline",31698,1.4,"Med"
"Honda","Fit","2009","Gasoline",30320,1.4,"Med"
"Honda","Fit","2008","Gasoline",24602,1.4,"Med"
"Honda","Fit","2007","Gasoline",23177,1.4,"Med"
"Honda","Fit","2006","Gasoline",21486,1.4,"Med"
"Honda","Fit","2005","Gasoline",20117,1.4,"Med"
"Honda","Fit","2004","Gasoline",18864,1.4,"Med"
"Honda","Fit","Zero KM","Gasoline",67399,1.5,"Aut"
"Honda","Fit","2018","Gasoline",61700,1.5,"Aut"
"Honda","Fit","2014","Gasoline",46599,1.5,"Aut"
"Honda","Fit","2013","Gasoline",44138,1.5,"Aut"
"Honda","Fit","2014","Gasoline",44653,1.5,"Med"
"Honda","Fit","2013","Gasoline",41953,1.5,"Med"
"Honda","HR-V","Zero KM","Gasoline",93966,1.8,"Aut"
"Honda","HR-V","2018","Gasoline",85745,1.8,"Aut"
"Honda","HR-V","2017","Gasoline",83001,1.8,"Aut"
"Honda","HR-V","2016","Gasoline",80036,1.8,"Aut"
"Honda","HR-V","Zero KM","Gasoline",102765,1.8,"Aut"
"Honda","HR-V","2018","Gasoline",94100,1.8,"Aut"
"Honda","HR-V","2017","Gasoline",90685,1.8,"Aut"
"Honda","HR-V","2016","Gasoline",86216,1.8,"Aut"
"Honda","HR-V","Zero KM","Gasoline",87738,1.8,"Aut"
"Honda","HR-V","2018","Gasoline",80505,1.8,"Aut"
"Honda","HR-V","2017","Gasoline",77845,1.8,"Aut"
"Honda","HR-V","2016","Gasoline",75302,1.8,"Aut"
"Honda","HR-V","Zero KM","Gasoline",80450,1.8,"Med"
"Honda","HR-V","2018","Gasoline",76328,1.8,"Med"
"Honda","HR-V","2017","Gasoline",73949,1.8,"Med"
"Honda","HR-V","2016","Gasoline",69393,1.8,"Med"
"Honda","HR-V","Zero KM","Gasoline",109036,1.8,"Aut"
"Honda","HR-V","2018","Gasoline",99400,1.8,"Aut"
"Honda","HR-V","2017","Gasoline",96401,1.8,"Aut"
"Honda","Prelude","1994","Gasoline",15140,2.2,"Med"
"Honda","Prelude","1993","Gasoline",14665,2.2,"Med"
"Honda","Prelude","1992","Gasoline",11740,2.2,"Med"
"Honda","WR-V","Zero KM","Gasoline",81534,1.5,"Aut"
"Honda","WR-V","2018","Gasoline",74895,1.5,"Aut"
"Honda","WR-V","Zero KM","Gasoline",83226,1.5,"Aut"
"Honda","WR-V","2018","Gasoline",77102,1.5,"Aut"
"Hyundai","Accent","2001","Gasoline",15781,1.5,"Aut"
"Hyundai","Accent","2000","Gasoline",11926,1.5,"Aut"
"Hyundai","Accent","1999","Gasoline",9703,1.5,"Aut"
"Hyundai","Accent","1998","Gasoline",7530,1.5,"Aut"
"Hyundai","Accent","1997","Gasoline",7102,1.5,"Aut"
"Hyundai","Accent","1996","Gasoline",6693,1.5,"Aut"
"Hyundai","Accent","1995","Gasoline",6276,1.5,"Aut"
"Hyundai","Accent","2001","Gasoline",10069,1.5,"Med"
"Hyundai","Accent","2000","Gasoline",9137,1.5,"Med"
"Hyundai","Accent","1999","Gasoline",7540,1.5,"Med"
"Hyundai","Accent","1998","Gasoline",6958,1.5,"Med"
"Hyundai","Accent","1997","Gasoline",6751,1.5,"Med"
"Hyundai","Accent","1996","Gasoline",6268,1.5,"Med"
"Hyundai","Accent","1995","Gasoline",5647,1.5,"Med"
"Hyundai","Accent","1997","Gasoline",6301,1.5,"Med"
"Hyundai","Accent","1996","Gasoline",6077,1.5,"Med"
"Hyundai","Accent","1995","Gasoline",5687,1.5,"Med"
"Hyundai","Atos","2001","Gasoline",9448,1,"Med"
"Hyundai","Atos","2003","Gasoline",19411,1,"Aut"
"Hyundai","Atos","2002","Gasoline",14739,1,"Aut"
"Hyundai","Atos","2001","Gasoline",13311,1,"Aut"
"Hyundai","Atos","2000","Gasoline",12296,1,"Aut"
"Hyundai","Atos","2002","Gasoline",10971,1,"Med"
"Hyundai","Atos","2001","Gasoline",10076,1,"Med"
"Hyundai","Atos","2000","Gasoline",9691,1,"Med"
"Hyundai","Atos","2001","Gasoline",12441,1,"Med"
"Hyundai","Atos","2000","Gasoline",11495,1,"Med"
"Hyundai","AZERA","Zero KM","Gasoline",178250,3,"Aut"
"Hyundai","AZERA","2017","Gasoline",165159,3,"Aut"
"Hyundai","AZERA","2016","Gasoline",144934,3,"Aut"
"Hyundai","AZERA","2015","Gasoline",94998,3,"Aut"
"Hyundai","AZERA","2014","Gasoline",83875,3,"Aut"
"Hyundai","AZERA","2013","Gasoline",76719,3,"Aut"
"Hyundai","AZERA","2012","Gasoline",71646,3,"Aut"
"Hyundai","AZERA","2011","Gasoline",63233,3,"Aut"
"Hyundai","AZERA","2011","Gasoline",39677,3.3,"Aut"
"Hyundai","AZERA","2010","Gasoline",37020,3.3,"Aut"
"Hyundai","AZERA","2009","Gasoline",33944,3.3,"Aut"
"Hyundai","AZERA","2008","Gasoline",32694,3.3,"Aut"
"Hyundai","AZERA","2007","Gasoline",30599,3.3,"Aut"
"Hyundai","Coupe","2001","Gasoline",26855,2,"Aut"
"Hyundai","Coupe","2000","Gasoline",25705,2,"Aut"
"Hyundai","Coupe","1998","Gasoline",16537,2,"Aut"
"Hyundai","Coupe","1997","Gasoline",15983,2,"Aut"
"Hyundai","Coupe","2001","Gasoline",23535,2,"Med"
"Hyundai","Coupe","2000","Gasoline",22422,2,"Med"
"Hyundai","Coupe","1998","Gasoline",16179,2,"Med"
"Hyundai","Coupe","1997","Gasoline",14204,2,"Med"
"Hyundai","Coupe","2003","Gasoline",35075,2.7,"Aut"
"Hyundai","Coupe","2002","Gasoline",32215,2.7,"Aut"
"Hyundai","Coupe","2003","Gasoline",30946,2.7,"Med"
"Hyundai","Coupe","2002","Gasoline",28553,2.7,"Med"
"Hyundai","Creta","Zero KM","Gasoline",75769,1.6,"Med"
"Hyundai","Creta","2018","Gasoline",70242,1.6,"Med"
"Hyundai","Creta","2017","Gasoline",67958,1.6,"Med"
"Hyundai","Creta","Zero KM","Gasoline",101787,2,"Aut"
"Hyundai","Creta","2018","Gasoline",93020,2,"Aut"
"Hyundai","Creta","2017","Gasoline",90010,2,"Aut"
"Hyundai","Creta","Zero KM","Gasoline",88341,1.6,"Aut"
"Hyundai","Creta","2018","Gasoline",80105,1.6,"Aut"
"Hyundai","Creta","2017","Gasoline",77390,1.6,"Aut"
"Hyundai","Creta","Zero KM","Gasoline",80741,1.6,"Med"
"Hyundai","Creta","2018","Gasoline",74632,1.6,"Med"
"Hyundai","Creta","2017","Gasoline",72393,1.6,"Med"
"Hyundai","Creta","2017","Gasoline",86944,2,"Aut"
"Hyundai","Creta","Zero KM","Gasoline",89337,1.6,"Aut"
"Hyundai","Creta","2018","Gasoline",79719,1.6,"Aut"
"Hyundai","Creta","Zero KM","Gasoline",94884,2,"Aut"
"Hyundai","Creta","2018","Gasoline",86503,2,"Aut"
"Hyundai","Cupê","1998","Gasoline",11251,2,"Med"
"Hyundai","Cupê","1997","Gasoline",10047,2,"Med"
"Hyundai","Elantra","Zero KM","Gasoline",95267,2,"Aut"
"Hyundai","Elantra","2018","Gasoline",87940,2,"Aut"
"Hyundai","Elantra","2017","Gasoline",85344,2,"Aut"
"Hyundai","Elantra","1997","Gasoline",8439,1.6,"Med"
"Hyundai","Elantra","1996","Gasoline",7466,1.6,"Med"
"Hyundai","Elantra","1995","Gasoline",7070,1.6,"Med"
"Hyundai","Elantra","1994","Gasoline",6841,1.6,"Med"
"Hyundai","Elantra","1993","Gasoline",6637,1.6,"Med"
"Hyundai","Elantra","1992","Gasoline",5438,1.6,"Med"
"Hyundai","Elantra","1998","Gasoline",8743,1.8,"Med"
"Hyundai","Elantra","1997","Gasoline",8473,1.8,"Med"
"Hyundai","Elantra","1996","Gasoline",7526,1.8,"Med"
"Hyundai","Elantra","2013","Gasoline",52962,1.8,"Aut"
"Hyundai","Elantra","2012","Gasoline",50692,1.8,"Aut"
"Hyundai","Elantra","2012","Gasoline",48863,1.8,"Med"
"Hyundai","Elantra","2004","Gasoline",17463,2,"Aut"
"Hyundai","Elantra","2003","Gasoline",16084,2,"Aut"
"Hyundai","Elantra","2002","Gasoline",15468,2,"Aut"
"Hyundai","Elantra","2001","Gasoline",11902,2,"Aut"
"Hyundai","Elantra","2016","Gasoline",74668,2,"Aut"
"Hyundai","Elantra","2015","Gasoline",61114,2,"Aut"
"Hyundai","Elantra","2014","Gasoline",55053,2,"Aut"
"Hyundai","Elantra","2013","Gasoline",51997,2,"Aut"
"Hyundai","Elantra","2012","Gasoline",50111,2,"Aut"
"Hyundai","Elantra","2004","Gasoline",15287,2,"Med"
"Hyundai","Elantra","2003","Gasoline",13437,2,"Med"
"Hyundai","Elantra","2002","Gasoline",13005,2,"Med"
"Hyundai","Elantra","2001","Gasoline",10700,2,"Med"
"Hyundai","Elantra","Zero KM","Gasoline",96996,2,"Aut"
"Hyundai","Elantra","2018","Gasoline",89990,2,"Aut"
"Hyundai","Elantra","2017","Gasoline",87265,2,"Aut"
"Hyundai","Elantra","1998","Gasoline",8458,1.8,"Med"
"Hyundai","Elantra","1997","Gasoline",8118,1.8,"Med"
"Hyundai","Elantra","1996","Gasoline",7114,1.8,"Med"
"Hyundai","EQUUS","2013","Gasoline",200092,4.6,"Aut"
"Hyundai","EQUUS","2012","Gasoline",174155,4.6,"Aut"
"Hyundai","Galloper","1999","Diesel",23084,2.5,"Med"
"Hyundai","Galloper","1998","Diesel",20648,2.5,"Med"
"Hyundai","Galloper","1999","Diesel",24594,2.5,"Med"
"Hyundai","Galloper","1998","Diesel",21641,2.5,"Med"
"Hyundai","Galloper","1999","Gasoline",17401,3,"Med"
"Hyundai","Galloper","1998","Gasoline",14953,3,"Med"
"Hyundai","Galloper","1999","Gasoline",20235,3,"Med"
"Hyundai","Galloper","1998","Gasoline",18166,3,"Med"
"Hyundai","Galloper","1999","Gasoline",19551,3,"Med"
"Hyundai","Galloper","1998","Gasoline",17956,3,"Med"
"Hyundai","GENESIS","2013","Gasoline",107818,3.8,"Aut"
"Hyundai","GENESIS","2012","Gasoline",98727,3.8,"Aut"
"Hyundai","Grand","2016","Gasoline",171119,3.3,"Med"
"Hyundai","Grand","2015","Gasoline",148435,3.3,"Med"
"Hyundai","Grand","2014","Gasoline",129266,3.3,"Med"
"Hyundai","Grand","2013","Gasoline",120891,3.3,"Med"
"Hyundai","H1","2005","Gasoline",34399,2.4,"Aut"
"Hyundai","H1","2004","Gasoline",29063,2.4,"Aut"
"Hyundai","H1","2005","Diesel",52206,2.5,"Med"
"Hyundai","H1","2004","Diesel",47068,2.5,"Med"
"Hyundai","H1","2003","Diesel",40960,2.5,"Med"
"Hyundai","H1","2002","Diesel",36316,2.5,"Med"
"Hyundai","H1","2001","Diesel",30003,2.5,"Med"
"Hyundai","H1","2000","Diesel",28777,2.5,"Med"
"Hyundai","H1","1999","Diesel",24633,2.5,"Med"
"Hyundai","H1","2009","Gasoline",44644,2.4,"Med"
"Hyundai","H1","2007","Diesel",55586,2.5,"Med"
"Hyundai","H1","2006","Diesel",47443,2.5,"Med"
"Hyundai","H1","2006","Diesel",51763,2.6,"Med"
"Hyundai","H1","2005","Diesel",47412,2.6,"Med"
"Hyundai","H1","2004","Diesel",42099,2.6,"Med"
"Hyundai","H1","2003","Diesel",39940,2.6,"Med"
"Hyundai","H1","2002","Diesel",33002,2.6,"Med"
"Hyundai","H1","2001","Diesel",28199,2.6,"Med"
"Hyundai","H1","2000","Diesel",27322,2.6,"Med"
"Hyundai","H1","1999","Diesel",24081,2.6,"Med"
"Hyundai","HB20","Zero KM","Gasoline",49173,1,"Med"
"Hyundai","HB20","2018","Gasoline",44419,1,"Med"
"Hyundai","HB20","Zero KM","Gasoline",60660,1.6,"Aut"
"Hyundai","HB20","2018","Gasoline",56608,1.6,"Aut"
"Hyundai","HB20","Zero KM","Gasoline",54032,1.6,"Med"
"Hyundai","HB20","2019","Gasoline",49709,1.6,"Med"
"Hyundai","HB20","2018","Gasoline",47721,1.6,"Med"
"Hyundai","HB20","2017","Gasoline",45812,1.6,"Med"
"Hyundai","HB20","2016","Gasoline",43979,1.6,"Med"
"Hyundai","HB20","2015","Gasoline",41440,1.6,"Med"
"Hyundai","HB20","2014","Gasoline",38646,1.6,"Med"
"Hyundai","HB20","2013","Gasoline",35524,1.6,"Med"
"Hyundai","HB20","Zero KM","Gasoline",57707,1.6,"Aut"
"Hyundai","HB20","2019","Gasoline",53091,1.6,"Aut"
"Hyundai","HB20","2018","Gasoline",50966,1.6,"Aut"
"Hyundai","HB20","2017","Gasoline",48928,1.6,"Aut"
"Hyundai","HB20","2016","Gasoline",46971,1.6,"Aut"
"Hyundai","HB20","2015","Gasoline",43991,1.6,"Aut"
"Hyundai","HB20","2014","Gasoline",42210,1.6,"Aut"
"Hyundai","HB20","2013","Gasoline",39651,1.6,"Aut"
"Hyundai","HB20","Zero KM","Gasoline",46712,1,"Med"
"Hyundai","HB20","2019","Gasoline",42741,1,"Med"
"Hyundai","HB20","2018","Gasoline",41031,1,"Med"
"Hyundai","HB20","2017","Gasoline",37748,1,"Med"
"Hyundai","HB20","2016","Gasoline",36574,1,"Med"
"Hyundai","HB20","2015","Gasoline",34919,1,"Med"
"Hyundai","HB20","2014","Gasoline",33199,1,"Med"
"Hyundai","HB20","2013","Gasoline",31638,1,"Med"
"Hyundai","HB20","Zero KM","Gasoline",50048,1,"Med"
"Hyundai","HB20","2019","Gasoline",45973,1,"Med"
"Hyundai","HB20","2018","Gasoline",44458,1,"Med"
"Hyundai","HB20","2017","Gasoline",42319,1,"Med"
"Hyundai","HB20","2017","Gasoline",47482,1,"Med"
"Hyundai","HB20","2016","Gasoline",44642,1,"Med"
"Hyundai","HB20","2015","Gasoline",36051,1,"Med"
"Hyundai","HB20","2017","Gasoline",43363,1,"Med"
"Hyundai","HB20","2017","Gasoline",54963,1.6,"Aut"
"Hyundai","HB20","2017","Gasoline",51292,1.6,"Med"
"Hyundai","HB20","Zero KM","Gasoline",65556,1.6,"Aut"
"Hyundai","HB20","2019","Gasoline",59983,1.6,"Aut"
"Hyundai","HB20","2018","Gasoline",57584,1.6,"Aut"
"Hyundai","HB20","2017","Gasoline",55338,1.6,"Aut"
"Hyundai","HB20","2016","Gasoline",53185,1.6,"Aut"
"Hyundai","HB20","2015","Gasoline",47445,1.6,"Aut"
"Hyundai","HB20","2014","Gasoline",43774,1.6,"Aut"
"Hyundai","HB20","2013","Gasoline",40665,1.6,"Aut"
"Hyundai","HB20","2015","Gasoline",45867,1.6,"Med"
"Hyundai","HB20","2014","Gasoline",41664,1.6,"Med"
"Hyundai","HB20","2013","Gasoline",37125,1.6,"Med"
"Hyundai","HB20","Zero KM","Gasoline",62937,1.6,"Aut"
"Hyundai","HB20","2019","Gasoline",57588,1.6,"Aut"
"Hyundai","HB20","2018","Gasoline",55284,1.6,"Aut"
"Hyundai","HB20","2017","Gasoline",53128,1.6,"Aut"
"Hyundai","HB20","2016","Gasoline",51034,1.6,"Aut"
"Hyundai","HB20","2017","Gasoline",51097,1.6,"Med"
"Hyundai","HB20","2016","Gasoline",49410,1.6,"Med"
"Hyundai","HB20","Zero KM","Gasoline",64533,1.6,"Aut"
"Hyundai","HB20","2018","Gasoline",57314,1.6,"Aut"
"Hyundai","HB20","2015","Gasoline",38742,1,"Med"
"Hyundai","HB20","2015","Gasoline",36110,1,"Med"
"Hyundai","HB20","2015","Gasoline",45893,1.6,"Aut"
"Hyundai","HB20","2015","Gasoline",41471,1.6,"Med"
"Hyundai","HB20S","2015","Gasoline",48137,1.6,"Aut"
"Hyundai","HB20S","2015","Gasoline",47581,1.6,"Med"
"Hyundai","HB20S","Zero KM","Gasoline",52877,1,"Med"
"Hyundai","HB20S","2018","Gasoline",47021,1,"Med"
"Hyundai","HB20S","Zero KM","Gasoline",63855,1.6,"Aut"
"Hyundai","HB20S","2018","Gasoline",59684,1.6,"Aut"
"Hyundai","HB20S","Zero KM","Gasoline",58967,1.6,"Med"
"Hyundai","HB20S","2019","Gasoline",54149,1.6,"Med"
"Hyundai","HB20S","2018","Gasoline",51983,1.6,"Med"
"Hyundai","HB20S","2017","Gasoline",49955,1.6,"Med"
"Hyundai","HB20S","2016","Gasoline",48057,1.6,"Med"
"Hyundai","HB20S","2015","Gasoline",44002,1.6,"Med"
"Hyundai","HB20S","2014","Gasoline",41095,1.6,"Med"
"Hyundai","HB20S","Zero KM","Gasoline",52477,1,"Med"
"Hyundai","HB20S","2019","Gasoline",48016,1,"Med"
"Hyundai","HB20S","2018","Gasoline",46096,1,"Med"
"Hyundai","HB20S","2017","Gasoline",44298,1,"Med"
"Hyundai","HB20S","2016","Gasoline",42575,1,"Med"
"Hyundai","HB20S","2015","Gasoline",38665,1,"Med"
"Hyundai","HB20S","2014","Gasoline",36745,1,"Med"
"Hyundai","HB20S","Zero KM","Gasoline",64057,1.6,"Aut"
"Hyundai","HB20S","2019","Gasoline",58932,1.6,"Aut"
"Hyundai","HB20S","2018","Gasoline",56634,1.6,"Aut"
"Hyundai","HB20S","2017","Gasoline",54431,1.6,"Aut"
"Hyundai","HB20S","2016","Gasoline",52335,1.6,"Aut"
"Hyundai","HB20S","2015","Gasoline",47048,1.6,"Aut"
"Hyundai","HB20S","2014","Gasoline",44206,1.6,"Aut"
"Hyundai","HB20S","Zero KM","Gasoline",56403,1,"Med"
"Hyundai","HB20S","2019","Gasoline",51891,1,"Med"
"Hyundai","HB20S","2018","Gasoline",49822,1,"Med"
"Hyundai","HB20S","2017","Gasoline",47828,1,"Med"
"Hyundai","HB20S","2017","Gasoline",50638,1,"Med"
"Hyundai","HB20S","2016","Gasoline",46550,1,"Med"
"Hyundai","HB20S","2017","Gasoline",62727,1.6,"Aut"
"Hyundai","HB20S","2017","Gasoline",54899,1.6,"Med"
"Hyundai","HB20S","Zero KM","Gasoline",69870,1.6,"Aut"
"Hyundai","HB20S","2019","Gasoline",64281,1.6,"Aut"
"Hyundai","HB20S","2018","Gasoline",61773,1.6,"Aut"
"Hyundai","HB20S","2017","Gasoline",59426,1.6,"Aut"
"Hyundai","HB20S","2016","Gasoline",57108,1.6,"Aut"
"Hyundai","HB20S","2015","Gasoline",49839,1.6,"Aut"
"Hyundai","HB20S","2014","Gasoline",45082,1.6,"Aut"
"Hyundai","HB20S","2016","Gasoline",50965,1.6,"Med"
"Hyundai","HB20S","2015","Gasoline",43152,1.6,"Med"
"Hyundai","HB20S","2014","Gasoline",41377,1.6,"Med"
"Hyundai","HB20S","2013","Gasoline",39818,1.6,"Med"
"Hyundai","HB20S","Zero KM","Gasoline",65556,1.6,"Aut"
"Hyundai","HB20S","2019","Gasoline",59983,1.6,"Aut"
"Hyundai","HB20S","2018","Gasoline",57214,1.6,"Aut"
"Hyundai","HB20X","Zero KM","Gasoline",70185,1.6,"Aut"
"Hyundai","HB20X","2019","Gasoline",64571,1.6,"Aut"
"Hyundai","HB20X","2018","Gasoline",62051,1.6,"Aut"
"Hyundai","HB20X","2017","Gasoline",59619,1.6,"Aut"
"Hyundai","HB20X","2016","Gasoline",57353,1.6,"Aut"
"Hyundai","HB20X","2015","Gasoline",50317,1.6,"Aut"
"Hyundai","HB20X","2014","Gasoline",45369,1.6,"Aut"
"Hyundai","HB20X","2013","Gasoline",42950,1.6,"Aut"
"Hyundai","HB20X","2014","Gasoline",40229,1.6,"Med"
"Hyundai","HB20X","2013","Gasoline",38971,1.6,"Med"
"Hyundai","HB20X","Zero KM","Gasoline",65787,1.6,"Aut"
"Hyundai","HB20X","2019","Gasoline",60195,1.6,"Aut"
"Hyundai","HB20X","2018","Gasoline",57559,1.6,"Aut"
"Hyundai","HB20X","2017","Gasoline",55310,1.6,"Aut"
"Hyundai","HB20X","2016","Gasoline",53180,1.6,"Aut"
"Hyundai","HB20X","2015","Gasoline",48201,1.6,"Aut"
"Hyundai","HB20X","2014","Gasoline",44519,1.6,"Aut"
"Hyundai","HB20X","2013","Gasoline",41599,1.6,"Aut"
"Hyundai","HB20X","Zero KM","Gasoline",61690,1.6,"Med"
"Hyundai","HB20X","2019","Gasoline",56754,1.6,"Med"
"Hyundai","HB20X","2018","Gasoline",54541,1.6,"Med"
"Hyundai","HB20X","2017","Gasoline",52386,1.6,"Med"
"Hyundai","HB20X","2016","Gasoline",50349,1.6,"Med"
"Hyundai","HB20X","2015","Gasoline",46185,1.6,"Med"
"Hyundai","HB20X","2014","Gasoline",42808,1.6,"Med"
"Hyundai","HB20X","2013","Gasoline",40464,1.6,"Med"
"Hyundai","HR","Zero KM","Diesel",73100,2.5,"Med"
"Hyundai","HR","2019","Diesel",67715,2.5,"Med"
"Hyundai","HR","2018","Diesel",65612,2.5,"Med"
"Hyundai","HR","2017","Diesel",63545,2.5,"Med"
"Hyundai","HR","2016","Diesel",61632,2.5,"Med"
"Hyundai","HR","2015","Diesel",59745,2.5,"Med"
"Hyundai","HR","2014","Diesel",57215,2.5,"Med"
"Hyundai","HR","2013","Diesel",54226,2.5,"Med"
"Hyundai","HR","2012","Diesel",51401,2.5,"Med"
"Hyundai","HR","2011","Diesel",47312,2.5,"Med"
"Hyundai","HR","2010","Diesel",44178,2.5,"Med"
"Hyundai","HR","2009","Diesel",42215,2.5,"Med"
"Hyundai","HR","2008","Diesel",39794,2.5,"Med"
"Hyundai","HR","2007","Diesel",36393,2.5,"Med"
"Hyundai","HR","2006","Diesel",31854,2.5,"Med"
"Hyundai","HR","2005","Diesel",29878,2.5,"Med"
"Hyundai","i30","2014","Gasoline",54361,1.6,"Aut"
"Hyundai","i30","2013","Gasoline",52200,1.6,"Aut"
"Hyundai","i30","2012","Gasoline",50585,1.6,"Aut"
"Hyundai","i30","2016","Gasoline",72132,1.8,"Aut"
"Hyundai","i30","2015","Gasoline",69262,1.8,"Aut"
"Hyundai","i30","2014","Gasoline",58579,1.8,"Aut"
"Hyundai","i30","2013","Gasoline",52930,1.8,"Aut"
"Hyundai","i30","2012","Gasoline",39460,2,"Aut"
"Hyundai","i30","2011","Gasoline",37377,2,"Aut"
"Hyundai","i30","2010","Gasoline",35658,2,"Aut"
"Hyundai","i30","2009","Gasoline",32012,2,"Aut"
"Hyundai","i30","2012","Gasoline",34222,2,"Med"
"Hyundai","i30","2011","Gasoline",33101,2,"Med"
"Hyundai","i30","2010","Gasoline",32079,2,"Med"
"Hyundai","i30","2015","Gasoline",89000,1.8,"Aut"
"Hyundai","i30cw","2012","Gasoline",36992,2,"Aut"
"Hyundai","i30cw","2011","Gasoline",35727,2,"Aut"
"Hyundai","i30cw","2012","Gasoline",34670,2,"Med"
"Hyundai","i30cw","2011","Gasoline",33073,2,"Med"
"Hyundai","ix35","2013","Gasoline",63058,2,"Aut"
"Hyundai","ix35","2012","Gasoline",59817,2,"Aut"
"Hyundai","ix35","2011","Gasoline",57928,2,"Aut"
"Hyundai","ix35","2010","Gasoline",55341,2,"Aut"
"Hyundai","ix35","2012","Gasoline",55192,2,"Med"
"Hyundai","ix35","2011","Gasoline",49512,2,"Med"
"Hyundai","ix35","2010","Gasoline",48020,2,"Med"
"Hyundai","ix35","Zero KM","Gasoline",101196,2,"Aut"
"Hyundai","ix35","2019","Gasoline",92205,2,"Aut"
"Hyundai","ix35","2018","Gasoline",88450,2,"Aut"
"Hyundai","ix35","2017","Gasoline",85692,2,"Aut"
"Hyundai","ix35","2014","Gasoline",63331,2,"Med"
"Hyundai","ix35","2013","Gasoline",60029,2,"Med"
"Hyundai","ix35","2012","Gasoline",56922,2,"Med"
"Hyundai","ix35","2016","Gasoline",92539,2,"Aut"
"Hyundai","ix35","Zero KM","Gasoline",109878,2,"Aut"
"Hyundai","ix35","2019","Gasoline",100802,2,"Aut"
"Hyundai","ix35","2018","Gasoline",96710,2,"Aut"
"Hyundai","ix35","2017","Gasoline",92845,2,"Aut"
"Hyundai","ix35","Zero KM","Gasoline",130097,2,"Aut"
"Hyundai","ix35","2019","Gasoline",119510,2,"Aut"
"Hyundai","ix35","2018","Gasoline",115520,2,"Aut"
"Hyundai","ix35","2017","Gasoline",100995,2,"Aut"
"Hyundai","ix35","2016","Gasoline",77523,2,"Aut"
"Hyundai","ix35","2015","Gasoline",66677,2,"Aut"
"Hyundai","ix35","2014","Gasoline",63737,2,"Aut"
"Hyundai","ix35","2013","Gasoline",60682,2,"Aut"
"Hyundai","ix35","2012","Gasoline",57854,2,"Aut"
"Hyundai","Matrix","2004","Gasoline",16832,1.8,"Aut"
"Hyundai","Matrix","2003","Gasoline",14717,1.8,"Aut"
"Hyundai","Matrix","2002","Gasoline",12521,1.8,"Aut"
"Hyundai","Matrix","2004","Gasoline",15661,1.8,"Med"
"Hyundai","Matrix","2003","Gasoline",14264,1.8,"Med"
"Hyundai","Porter","2003","Diesel",19892,2.6,"Med"
"Hyundai","Porter","2001","Diesel",18296,2.6,"Med"
"Hyundai","Porter","2000","Diesel",15337,2.6,"Med"
"Hyundai","Santa","2012","Gasoline",50826,2.4,"Med"
"Hyundai","Santa","2011","Gasoline",52710,2.7,"Med"
"Hyundai","Santa","2010","Gasoline",44773,2.7,"Med"
"Hyundai","Santa","2009","Gasoline",42972,2.7,"Med"
"Hyundai","Santa","2008","Gasoline",40141,2.7,"Med"
"Hyundai","Santa","2007","Gasoline",38875,2.7,"Med"
"Hyundai","Santa","2006","Gasoline",35897,2.7,"Med"
"Hyundai","Santa","2005","Gasoline",25935,2.7,"Med"
"Hyundai","Santa","2004","Gasoline",25112,2.7,"Med"
"Hyundai","Santa","2003","Gasoline",24303,2.7,"Med"
"Hyundai","Santa","2002","Gasoline",23244,2.7,"Med"
"Hyundai","Santa","2001","Gasoline",20321,2.7,"Med"
"Hyundai","Santa","2013","Gasoline",65532,3.5,"Med"
"Hyundai","Santa","2012","Gasoline",56644,3.5,"Med"
"Hyundai","Santa","2011","Gasoline",52924,3.5,"Med"
"Hyundai","Santa","2010","Gasoline",49320,3.5,"Med"
"Hyundai","Santa","Zero KM","Gasoline",191956,3.3,"Med"
"Hyundai","Santa","2018","Gasoline",174773,3.3,"Med"
"Hyundai","Santa","2016","Gasoline",147695,3.3,"Med"
"Hyundai","Santa","2015","Gasoline",130673,3.3,"Med"
"Hyundai","Santa","2014","Gasoline",111134,3.3,"Med"
"Hyundai","Santa","2013","Gasoline",85100,3.3,"Med"
"Hyundai","Santa","2012","Gasoline",70797,3.3,"Med"
"Hyundai","Sonata","2014","Gasoline",66531,2.4,"Aut"
"Hyundai","Sonata","2013","Gasoline",64028,2.4,"Aut"
"Hyundai","Sonata","2012","Gasoline",58940,2.4,"Aut"
"Hyundai","Sonata","2011","Gasoline",56245,2.4,"Aut"
"Hyundai","Sonata","1998","Gasoline",8728,2,"Med"
"Hyundai","Sonata","1997","Gasoline",7059,2,"Med"
"Hyundai","Sonata","1996","Gasoline",6380,2,"Med"
"Hyundai","Sonata","1995","Gasoline",5990,2,"Med"
"Hyundai","Sonata","1994","Gasoline",5738,2,"Med"
"Hyundai","Sonata","1993","Gasoline",5482,2,"Med"
"Hyundai","Sonata","1992","Gasoline",4807,2,"Med"
"Hyundai","Sonata","1995","Gasoline",6402,2,"Med"
"Hyundai","Sonata","1994","Gasoline",6091,2,"Med"
"Hyundai","Sonata","2001","Gasoline",14466,2.5,"Aut"
"Hyundai","Sonata","2000","Gasoline",12494,2.5,"Aut"
"Hyundai","Sonata","1999","Gasoline",11297,2.5,"Aut"
"Hyundai","Sonata","2003","Gasoline",19528,2.7,"Aut"
"Hyundai","Sonata","2002","Gasoline",18647,2.7,"Aut"
"Hyundai","Sonata","1998","Gasoline",12004,3,"Aut"
"Hyundai","Sonata","1997","Gasoline",11282,3,"Aut"
"Hyundai","Sonata","1996","Gasoline",10320,3,"Aut"
"Hyundai","Sonata","1995","Gasoline",9477,3,"Aut"
"Hyundai","Sonata","1994","Gasoline",9051,3,"Aut"
"Hyundai","Sonata","1993","Gasoline",8693,3,"Aut"
"Hyundai","Sonata","1992","Gasoline",8035,3,"Aut"
"Hyundai","Sonata","2008","Gasoline",40704,3.3,"Aut"
"Hyundai","Sonata","2007","Gasoline",37675,3.3,"Aut"
"Hyundai","Sonata","2006","Gasoline",28845,3.3,"Aut"
"Hyundai","Sonata","2005","Gasoline",27834,3.3,"Aut"
"Hyundai","Terracan","2006","Diesel",39837,2.5,"Aut"
"Hyundai","Terracan","2005","Diesel",38545,2.5,"Aut"
"Hyundai","Terracan","2004","Diesel",34900,2.5,"Aut"
"Hyundai","Terracan","2003","Diesel",32683,2.5,"Aut"
"Hyundai","Terracan","2006","Diesel",38753,2.5,"Med"
"Hyundai","Terracan","2005","Diesel",37186,2.5,"Med"
"Hyundai","Terracan","2004","Diesel",32558,2.5,"Med"
"Hyundai","Terracan","2003","Diesel",28430,2.5,"Med"
"Hyundai","Terracan","2006","Diesel",44101,2.9,"Aut"
"Hyundai","Terracan","2005","Diesel",40773,2.9,"Aut"
"Hyundai","Trajet","2001","Gasoline",17628,2.7,"Aut"
"Hyundai","Trajet","2000","Gasoline",14195,2.7,"Aut"
"Hyundai","Tucson","2013","Gasoline",40852,2,"Aut"
"Hyundai","Tucson","2012","Gasoline",35762,2,"Aut"
"Hyundai","Tucson","2011","Gasoline",33240,2,"Aut"
"Hyundai","Tucson","2010","Gasoline",31351,2,"Aut"
"Hyundai","Tucson","2009","Gasoline",30254,2,"Aut"
"Hyundai","Tucson","2008","Gasoline",28926,2,"Aut"
"Hyundai","Tucson","2007","Gasoline",27989,2,"Aut"
"Hyundai","Tucson","2006","Gasoline",27089,2,"Aut"
"Hyundai","Tucson","2005","Gasoline",26055,2,"Aut"
"Hyundai","Tucson","Zero KM","Gasoline",75509,2,"Aut"
"Hyundai","Tucson","2018","Gasoline",67415,2,"Aut"
"Hyundai","Tucson","2017","Gasoline",65092,2,"Aut"
"Hyundai","Tucson","2016","Gasoline",61346,2,"Aut"
"Hyundai","Tucson","2015","Gasoline",54598,2,"Aut"
"Hyundai","Tucson","2014","Gasoline",48442,2,"Aut"
"Hyundai","Tucson","2013","Gasoline",44410,2,"Aut"
"Hyundai","Tucson","2014","Gasoline",44987,2,"Med"
"Hyundai","Tucson","2013","Gasoline",42914,2,"Med"
"Hyundai","Tucson","2014","Gasoline",45691,2,"Med"
"Hyundai","Tucson","2013","Gasoline",40652,2,"Med"
"Hyundai","Tucson","2012","Gasoline",33854,2,"Med"
"Hyundai","Tucson","2011","Gasoline",32811,2,"Med"
"Hyundai","Tucson","2010","Gasoline",31211,2,"Med"
"Hyundai","Tucson","2009","Gasoline",29796,2,"Med"
"Hyundai","Tucson","2008","Gasoline",28365,2,"Med"
"Hyundai","Tucson","2007","Gasoline",27420,2,"Med"
"Hyundai","Tucson","2006","Gasoline",26589,2,"Med"
"Hyundai","Tucson","2005","Gasoline",25091,2,"Med"
"Hyundai","Tucson","2005","Diesel",46243,2,"Aut"
"Hyundai","Tucson","2010","Gasoline",33459,2.7,"Aut"
"Hyundai","Tucson","2009","Gasoline",32459,2.7,"Aut"
"Hyundai","Tucson","2008","Gasoline",31485,2.7,"Aut"
"Hyundai","Tucson","2007","Gasoline",30246,2.7,"Aut"
"Hyundai","Tucson","2006","Gasoline",29079,2.7,"Aut"
"Hyundai","Tucson","2005","Gasoline",27900,2.7,"Aut"
"Hyundai","Tucson","2017","Gasoline",150872,1.6,"Aut"
"Hyundai","Tucson","Zero KM","Gasoline",138928,1.6,"Aut"
"Hyundai","Tucson","2018","Gasoline",125878,1.6,"Aut"
"Hyundai","Tucson","2017","Gasoline",121030,1.6,"Aut"
"Hyundai","Tucson","Zero KM","Gasoline",145634,1.6,"Aut"
"Hyundai","Tucson","2019","Gasoline",130885,1.6,"Aut"
"Hyundai","Tucson","2018","Gasoline",126201,1.6,"Aut"
"Hyundai","Tucson","2017","Gasoline",122235,1.6,"Aut"
"Hyundai","Tucson","Zero KM","Gasoline",157120,1.6,"Aut"
"Hyundai","Tucson","2019","Gasoline",140858,1.6,"Aut"
"Hyundai","Tucson","2018","Gasoline",135210,1.6,"Aut"
"Hyundai","Veloster","2013","Gasoline",51575,1.6,"Aut"
"Hyundai","Veloster","2012","Gasoline",49851,1.6,"Aut"
"Hyundai","VERACRUZ","2012","Gasoline",62729,3.8,"Aut"
"Hyundai","VERACRUZ","2011","Gasoline",58873,3.8,"Aut"
"Hyundai","VERACRUZ","2010","Gasoline",52887,3.8,"Aut"
"Hyundai","VERACRUZ","2009","Gasoline",48334,3.8,"Aut"
"Hyundai","VERACRUZ","2008","Gasoline",45172,3.8,"Aut"
"Hyundai","VERACRUZ","2007","Gasoline",43625,3.8,"Aut"
"Isuzu","Amigo","1994","Gasoline",8998,2.3,"Med"
"Isuzu","Amigo","1993","Gasoline",7320,2.3,"Med"
"Isuzu","Amigo","1992","Gasoline",6231,2.3,"Med"
"Isuzu","Hombre","1998","Gasoline",9909,2.2,"Med"
"Isuzu","Hombre","1997","Gasoline",9442,2.2,"Med"
"Isuzu","Hombre","1996","Gasoline",8792,2.2,"Med"
"Isuzu","Hombre","1995","Gasoline",7225,2.2,"Med"
"Isuzu","Rodeo","1995","Gasoline",13384,3.2,"Med"
"Isuzu","Rodeo","1994","Gasoline",11065,3.2,"Med"
"Isuzu","Rodeo","1993","Gasoline",9759,3.2,"Med"
"Isuzu","Rodeo","1992","Gasoline",8987,3.2,"Med"
"JAC","J2","2014","Gasoline",21284,1.4,"Med"
"JAC","J2","2013","Gasoline",20635,1.4,"Med"
"JAC","J2","2012","Gasoline",20005,1.4,"Med"
"JAC","J2","2016","Gasoline",29222,1.4,"Med"
"JAC","J2","2015","Gasoline",27658,1.4,"Med"
"JAC","J3","2015","Gasoline",27589,1.4,"Med"
"JAC","J3","2014","Gasoline",23917,1.4,"Med"
"JAC","J3","2013","Gasoline",21566,1.4,"Med"
"JAC","J3","2012","Gasoline",20101,1.4,"Med"
"JAC","J3","2011","Gasoline",19241,1.4,"Med"
"JAC","J3","2010","Gasoline",18599,1.4,"Med"
"JAC","J3","2012","Gasoline",22236,1.4,"Med"
"JAC","J3","2015","Gasoline",29987,1.5,"Med"
"JAC","J3","2014","Gasoline",28909,1.5,"Med"
"JAC","J3","2013","Gasoline",24981,1.5,"Med"
"JAC","J3","2015","Gasoline",31812,1.4,"Med"
"JAC","J3","2014","Gasoline",24712,1.4,"Med"
"JAC","J3","2013","Gasoline",23405,1.4,"Med"
"JAC","J3","2012","Gasoline",21729,1.4,"Med"
"JAC","J3","2011","Gasoline",20368,1.4,"Med"
"JAC","J3","2010","Gasoline",19104,1.4,"Med"
"JAC","J3","2012","Gasoline",20203,1.4,"Med"
"JAC","J5","2016","Gasoline",42501,1.5,"Med"
"JAC","J5","2015","Gasoline",38285,1.5,"Med"
"JAC","J5","2014","Gasoline",29299,1.5,"Med"
"JAC","J5","2013","Gasoline",28426,1.5,"Med"
"JAC","J5","2012","Gasoline",27458,1.5,"Med"
"JAC","J5","2011","Gasoline",26545,1.5,"Med"
"JAC","J5","2010","Gasoline",25661,1.5,"Med"
"JAC","J6","2014","Gasoline",32355,2,"Med"
"JAC","J6","2013","Gasoline",30512,2,"Med"
"JAC","J6","2012","Gasoline",28997,2,"Med"
"JAC","J6","2011","Gasoline",27994,2,"Med"
"JAC","J6","2010","Gasoline",27101,2,"Med"
"JAC","J6","2016","Gasoline",50733,2,"Med"
"JAC","J6","2015","Gasoline",44382,2,"Med"
"JAC","T","2014","Diesel",53400,2.8,"Med"
"JAC","T","2013","Diesel",49718,2.8,"Med"
"JAC","T","2012","Diesel",44242,2.8,"Med"
"JAC","T40","Zero KM","Gasoline",59310,1.5,"Med"
"JAC","T40","2018","Gasoline",52001,1.5,"Med"
"JAC","T40","Zero KM","Gasoline",70355,1.6,"Aut"
"JAC","T40","2019","Gasoline",62693,1.6,"Aut"
"JAC","T5","Zero KM","Gasoline",74990,1.5,"Aut"
"JAC","T5","2018","Gasoline",63584,1.5,"Aut"
"JAC","T5","2017","Gasoline",61558,1.5,"Aut"
"JAC","T5","Zero KM","Gasoline",70815,1.5,"Med"
"JAC","T5","2018","Gasoline",59235,1.5,"Med"
"JAC","T5","2017","Gasoline",55697,1.5,"Med"
"JAC","T5","2016","Gasoline",53659,1.5,"Med"
"JAC","T6","Zero KM","Gasoline",74656,2,"Med"
"JAC","T6","2016","Gasoline",54763,2,"Med"
"JAC","T6","2015","Gasoline",52937,2,"Med"
"JAC","T6","2014","Gasoline",51302,2,"Med"
"JAC","T8","Zero KM","Gasoline",108323,2,"Med"
"JAC","T8","2018","Gasoline",96732,2,"Med"
"JAC","T8","2017","Gasoline",92191,2,"Med"
"JAC","T8","2014","Gasoline",63539,2,"Med"
"JAC","T8","2013","Gasoline",60985,2,"Med"
"JAC","V260","Zero KM","Diesel",71490,2,"Med"
"JAC","V260","2018","Diesel",61548,2,"Med"
"Jaguar","E-Pace","Zero KM","Gasoline",222088,2,"Aut"
"Jaguar","E-Pace","2018","Gasoline",199435,2,"Aut"
"Jaguar","E-Pace","Zero KM","Gasoline",275725,2,"Aut"
"Jaguar","E-Pace","2018","Gasoline",247601,2,"Aut"
"Jaguar","E-Pace","Zero KM","Gasoline",246567,2,"Aut"
"Jaguar","E-Pace","2018","Gasoline",221417,2,"Aut"
"Jaguar","E-Pace","Zero KM","Gasoline",277935,2,"Aut"
"Jaguar","E-Pace","2018","Gasoline",249585,2,"Aut"
"Jaguar","F-Pace","Zero KM","Diesel",328665,2,"Aut"
"Jaguar","F-Pace","2018","Diesel",296365,2,"Aut"
"Jaguar","F-Pace","2017","Diesel",287554,2,"Aut"
"Jaguar","F-Pace","Zero KM","Gasoline",300083,2,"Aut"
"Jaguar","F-Pace","2018","Gasoline",274621,2,"Aut"
"Jaguar","F-Pace","Zero KM","Gasoline",350083,2,"Aut"
"Jaguar","F-Pace","2018","Gasoline",311278,2,"Aut"
"Jaguar","F-Pace","2017","Gasoline",380132,3,"Aut"
"Jaguar","F-Pace","Zero KM","Gasoline",359311,3,"Aut"
"Jaguar","F-Pace","2017","Gasoline",319266,3,"Aut"
"Jaguar","F-Pace","Zero KM","Gasoline",407583,3,"Aut"
"Jaguar","F-Pace","2018","Gasoline",373797,3,"Aut"
"Jaguar","F-Pace","2017","Gasoline",350262,3,"Aut"
"Jaguar","F-Type","Zero KM","Gasoline",762000,5,"Med"
"Jaguar","F-Type","2017","Gasoline",614523,5,"Med"
"Jaguar","F-Type","2016","Gasoline",557795,5,"Med"
"Jaguar","F-Type","2015","Gasoline",480460,5,"Med"
"Jaguar","F-Type","Zero KM","Gasoline",535000,3,"Med"
"Jaguar","F-Type","2017","Gasoline",443610,3,"Med"
"Jaguar","F-Type","2016","Gasoline",388765,3,"Med"
"Jaguar","F-Type","2015","Gasoline",376521,3,"Med"
"Jaguar","F-Type","2014","Gasoline",328841,3,"Med"
"Jaguar","F-Type","2015","Gasoline",518684,5,"Med"
"Jaguar","F-Type","2014","Gasoline",393495,5,"Med"
"Jaguar","F-Type","Zero KM","Gasoline",533100,3,"Med"
"Jaguar","F-Type","2017","Gasoline",439825,3,"Med"
"Jaguar","F-Type","2016","Gasoline",398445,3,"Med"
"Jaguar","F-Type","2015","Gasoline",349606,3,"Med"
"Jaguar","F-Type","2015","Gasoline",361390,3,"Med"
"Jaguar","F-Type","2014","Gasoline",300238,3,"Med"
"Jaguar","F-Type","Zero KM","Gasoline",452846,3,"Med"
"Jaguar","F-Type","2017","Gasoline",376253,3,"Med"
"Jaguar","F-Type","2016","Gasoline",347147,3,"Med"
"Jaguar","F-Type","2015","Gasoline",336521,3,"Med"
"Jaguar","XE","Zero KM","Gasoline",223444,2,"Aut"
"Jaguar","XE","2018","Gasoline",194530,2,"Aut"
"Jaguar","XE","2017","Gasoline",187940,2,"Aut"
"Jaguar","XE","2016","Gasoline",182230,2,"Aut"
"Jaguar","XE","Zero KM","Gasoline",186929,2,"Aut"
"Jaguar","XE","2017","Gasoline",171238,2,"Aut"
"Jaguar","XE","2016","Gasoline",165778,2,"Aut"
"Jaguar","XE","Zero KM","Gasoline",334133,3,"Aut"
"Jaguar","XE","2018","Gasoline",301853,3,"Aut"
"Jaguar","XE","2017","Gasoline",282126,3,"Aut"
"Jaguar","XE","2016","Gasoline",266467,3,"Aut"
"Jaguar","XF","Zero KM","Gasoline",251250,2,"Aut"
"Jaguar","XF","2017","Gasoline",222179,2,"Aut"
"Jaguar","XF","2016","Gasoline",202300,2,"Aut"
"Jaguar","XF","Zero KM","Gasoline",272050,2,"Aut"
"Jaguar","XF","2017","Gasoline",251200,2,"Aut"
"Jaguar","XF","2016","Gasoline",234823,2,"Aut"
"Jaguar","XF","2015","Gasoline",151539,2,"Aut"
"Jaguar","XF","2015","Gasoline",157747,2,"Med"
"Jaguar","XF","2015","Gasoline",192365,2,"Aut"
"Jaguar","XF","2014","Gasoline",171538,2,"Aut"
"Jaguar","XF","2013","Gasoline",160350,2,"Aut"
"Jaguar","XF","2015","Gasoline",226162,3,"Aut"
"Jaguar","XF","2014","Gasoline",204900,3,"Aut"
"Jaguar","XF","2013","Gasoline",163307,3,"Aut"
"Jaguar","XF","Zero KM","Gasoline",367483,3,"Aut"
"Jaguar","XF","2017","Gasoline",337890,3,"Aut"
"Jaguar","XF","2016","Gasoline",325602,3,"Aut"
"Jaguar","XF","2012","Gasoline",143488,3,"Aut"
"Jaguar","XF","2011","Gasoline",138910,3,"Aut"
"Jaguar","XF","2010","Gasoline",134510,3,"Aut"
"Jaguar","XF","2009","Gasoline",89806,3,"Aut"
"Jaguar","XF","2010","Gasoline",153252,4.2,"Aut"
"Jaguar","XF","2009","Gasoline",117597,4.2,"Aut"
"Jaguar","XF","2012","Gasoline",205522,5,"Aut"
"Jaguar","XF","2011","Gasoline",166200,5,"Aut"
"Jaguar","XF","2010","Gasoline",160120,5,"Aut"
"Jaguar","XF","2009","Gasoline",135638,4.2,"Aut"
"Jaguar","XFR","2015","Gasoline",355234,5,"Aut"
"Jaguar","XFR","2014","Gasoline",339625,5,"Aut"
"Jaguar","XFR","2013","Gasoline",261515,5,"Aut"
"Jaguar","XFR","2012","Gasoline",238548,5,"Aut"
"Jaguar","XFR","2011","Gasoline",219503,5,"Aut"
"Jaguar","XFR","2010","Gasoline",184247,5,"Aut"
"Jaguar","XFR","2009","Gasoline",178144,5,"Aut"
"Jaguar","XFR-S","2015","Gasoline",407406,5,"Aut"
"Jaguar","XFR-S","2014","Gasoline",380307,5,"Aut"
"Jaguar","XJ","2014","Gasoline",293649,2,"Aut"
"Jaguar","XJ","2013","Gasoline",250076,2,"Aut"
"Jaguar","XJ","Zero KM","Gasoline",476056,3,"Aut"
"Jaguar","XJ","2017","Gasoline",421014,3,"Aut"
"Jaguar","XJ","2015","Gasoline",288654,3,"Aut"
"Jaguar","XJ","2014","Gasoline",280054,3,"Aut"
"Jaguar","XJ","Zero KM","Gasoline",502988,3,"Aut"
"Jaguar","XJ","2017","Gasoline",477467,3,"Aut"
"Jaguar","XJ","2016","Gasoline",463370,3,"Aut"
"Jaguar","XJ","2015","Gasoline",429000,5,"Aut"
"Jaguar","XJ","2014","Gasoline",376195,5,"Aut"
"Jaguar","XJ","2013","Gasoline",328357,5,"Aut"
"Jaguar","XJ","2012","Gasoline",304995,5,"Aut"
"Jaguar","XJ","2011","Gasoline",295740,5,"Aut"
"Jaguar","XJ","2010","Gasoline",286234,5,"Aut"
"Jaguar","XJR","2009","Gasoline",178081,4.2,"Med"
"Jaguar","XJR","2008","Gasoline",153554,4.2,"Med"
"Jaguar","XJR","2007","Gasoline",147693,4.2,"Med"
"Jaguar","XJR","2004","Gasoline",115465,4.2,"Med"
"Jaguar","XJS","1995","Gasoline",37895,4,"Med"
"Jaguar","XJS","1994","Gasoline",36120,4,"Med"
"Jaguar","XJS-C","1995","Gasoline",44145,6,"Med"
"Jaguar","XJS-C","1994","Gasoline",41023,6,"Med"
"Jaguar","XKR","2012","Gasoline",434737,4.2,"Med"
"Jaguar","XKR","2011","Gasoline",393567,4.2,"Med"
"Jaguar","XKR","2010","Gasoline",311484,4.2,"Med"
"Jaguar","XKR","2009","Gasoline",285798,4.2,"Med"
"Jaguar","XKR","2008","Gasoline",244520,4.2,"Med"
"Jaguar","XKR","2007","Gasoline",200195,4.2,"Med"
"Jaguar","XKR","2015","Gasoline",392368,4.2,"Med"
"Jaguar","XKR","2014","Gasoline",370175,4.2,"Med"
"Jaguar","XKR","2013","Gasoline",319900,4.2,"Med"
"Jaguar","XKR","2012","Gasoline",306690,4.2,"Med"
"Jaguar","XKR","2011","Gasoline",245196,4.2,"Med"
"Jaguar","XKR","2010","Gasoline",233564,4.2,"Med"
"Jaguar","XKR","2009","Gasoline",226472,4.2,"Med"
"Jaguar","XKR","2008","Gasoline",198938,4.2,"Med"
"Jaguar","XKR","2007","Gasoline",161150,4.2,"Med"
"Jaguar","XKR-S","2015","Gasoline",477385,5,"Med"
"Jaguar","XKR-S","2014","Gasoline",422894,5,"Med"
"Jaguar","X-Type","2009","Gasoline",81720,3,"Med"
"Jaguar","X-Type","2008","Gasoline",78984,3,"Med"
"Jaguar","X-Type","2007","Gasoline",76485,3,"Med"
"Jaguar","X-Type","2006","Gasoline",69583,3,"Med"
"Jaguar","X-Type","2005","Gasoline",65402,3,"Med"
"Jaguar","X-Type","2009","Gasoline",71778,2.5,"Med"
"Jaguar","X-Type","2008","Gasoline",58368,2.5,"Med"
"Jaguar","X-Type","2007","Gasoline",56302,2.5,"Med"
"Jaguar","X-Type","2003","Gasoline",50114,2.5,"Med"
"Jaguar","X-Type","2002","Gasoline",48499,2.5,"Med"
"Jaguar","X-Type","2001","Gasoline",47020,2.5,"Med"
"Jaguar","X-Type","2009","Gasoline",73149,3,"Med"
"Jaguar","X-Type","2008","Gasoline",69451,3,"Med"
"Jaguar","X-Type","2007","Gasoline",67326,3,"Med"
"Jaguar","X-Type","2006","Gasoline",65160,3,"Med"
"Jaguar","X-Type","2005","Gasoline",60598,3,"Med"
"Jaguar","X-Type","2004","Gasoline",58690,3,"Med"
"Jaguar","X-Type","2003","Gasoline",56898,3,"Med"
"Jaguar","X-Type","2002","Gasoline",54896,3,"Med"
"Jaguar","X-Type","2001","Gasoline",53010,3,"Med"
"Jeep","Commander","2006","Gasoline",57815,5.7,"Med"
"Jeep","COMPASS","Zero KM","Gasoline",140803,2,"Aut"
"Jeep","COMPASS","2018","Gasoline",128783,2,"Aut"
"Jeep","COMPASS","2017","Gasoline",124481,2,"Aut"
"Jeep","COMPASS","Zero KM","Diesel",165244,2,"Aut"
"Jeep","COMPASS","2018","Diesel",152807,2,"Aut"
"Jeep","COMPASS","Zero KM","Gasoline",126560,2,"Aut"
"Jeep","COMPASS","2018","Gasoline",111299,2,"Aut"
"Jeep","COMPASS","2017","Gasoline",106403,2,"Aut"
"Jeep","COMPASS","Zero KM","Diesel",143804,2,"Aut"
"Jeep","COMPASS","2018","Diesel",134162,2,"Aut"
"Jeep","COMPASS","2017","Diesel",126585,2,"Aut"
"Jeep","COMPASS","Zero KM","Gasoline",122660,2,"Med"
"Jeep","COMPASS","2018","Gasoline",108728,2,"Med"
"Jeep","COMPASS","Zero KM","Diesel",150282,2,"Med"
"Jeep","COMPASS","2018","Diesel",129980,2,"Med"
"Jeep","COMPASS","2015","Gasoline",65924,2,"Med"
"Jeep","COMPASS","2014","Gasoline",59054,2,"Med"
"Jeep","COMPASS","2013","Gasoline",57237,2,"Med"
"Jeep","COMPASS","2012","Gasoline",48694,2,"Med"
"Jeep","COMPASS","Zero KM","Gasoline",107964,2,"Aut"
"Jeep","COMPASS","2018","Gasoline",99081,2,"Aut"
"Jeep","COMPASS","2017","Gasoline",95403,2,"Aut"
"Jeep","COMPASS","Zero KM","Gasoline",118449,2,"Aut"
"Jeep","COMPASS","2018","Gasoline",108105,2,"Aut"
"Jeep","COMPASS","Zero KM","Diesel",165182,2,"Aut"
"Jeep","COMPASS","2018","Diesel",153202,2,"Aut"
"Jeep","COMPASS","2017","Diesel",146635,2,"Aut"
"Jeep","COMPASS","2016","Diesel",138966,2,"Aut"
"Jeep","Grand","2004","Diesel",48496,2.7,"Med"
"Jeep","Grand","2003","Diesel",42042,2.7,"Med"
"Jeep","Grand","2002","Diesel",40334,2.7,"Med"
"Jeep","Grand","2001","Diesel",43560,3.1,"Med"
"Jeep","Grand","2000","Diesel",36736,3.1,"Med"
"Jeep","Grand","Zero KM","Gasoline",194900,3.6,"Aut"
"Jeep","Grand","2015","Gasoline",162896,3.6,"Aut"
"Jeep","Grand","2014","Gasoline",130170,3.6,"Aut"
"Jeep","Grand","2012","Gasoline",78711,3.6,"Aut"
"Jeep","Grand","2011","Gasoline",76315,3.6,"Aut"
"Jeep","Grand","2001","Gasoline",35081,4,"Aut"
"Jeep","Grand","2000","Gasoline",27332,4,"Aut"
"Jeep","Grand","1999","Gasoline",24139,4,"Aut"
"Jeep","Grand","1998","Gasoline",22999,4,"Aut"
"Jeep","Grand","1997","Gasoline",19791,4,"Aut"
"Jeep","Grand","1996","Gasoline",19100,4,"Aut"
"Jeep","Grand","1995","Gasoline",18221,4,"Aut"
"Jeep","Grand","1994","Gasoline",15298,4,"Aut"
"Jeep","Grand","1993","Gasoline",13842,4,"Aut"
"Jeep","Grand","1992","Gasoline",10837,4,"Aut"
"Jeep","Grand","2016","Gasoline",236251,3.6,"Aut"
"Jeep","Grand","2001","Gasoline",35180,4.7,"Aut"
"Jeep","Grand","2000","Gasoline",27492,4.7,"Aut"
"Jeep","Grand","1999","Gasoline",24725,4.7,"Aut"
"Jeep","Grand","Zero KM","Diesel",306903,3,"Med"
"Jeep","Grand","2018","Diesel",275844,3,"Med"
"Jeep","Grand","2015","Diesel",205422,3,"Med"
"Jeep","Grand","2014","Diesel",185409,3,"Med"
"Jeep","Grand","2013","Diesel",150188,3,"Med"
"Jeep","Grand","2010","Diesel",94477,3,"Med"
"Jeep","Grand","2009","Diesel",78510,3,"Med"
"Jeep","Grand","Zero KM","Gasoline",279930,3.6,"Aut"
"Jeep","Grand","2018","Gasoline",256748,3.6,"Aut"
"Jeep","Grand","2017","Gasoline",244025,3.6,"Aut"
"Jeep","Grand","2015","Gasoline",161913,3.6,"Aut"
"Jeep","Grand","2014","Gasoline",147956,3.6,"Aut"
"Jeep","Grand","2012","Gasoline",79908,3.6,"Aut"
"Jeep","Grand","2011","Gasoline",77450,3.6,"Aut"
"Jeep","Grand","2009","Gasoline",65467,4.7,"Med"
"Jeep","Grand","2008","Gasoline",51364,4.7,"Med"
"Jeep","Grand","2007","Gasoline",49474,4.7,"Med"
"Jeep","Grand","2006","Gasoline",46180,4.7,"Med"
"Jeep","Grand","2005","Gasoline",41820,4.7,"Med"
"Jeep","Grand","2004","Gasoline",36867,4.7,"Med"
"Jeep","Grand","2003","Gasoline",32160,4.7,"Med"
"Jeep","Grand","2002","Gasoline",29322,4.7,"Med"
"Jeep","Grand","2000","Gasoline",25839,4.7,"Med"
"Jeep","Grand","1999","Gasoline",23176,4.7,"Med"
"Jeep","Grand","2000","Gasoline",34131,5.2,"Aut"
"Jeep","Grand","1999","Gasoline",26188,5.2,"Aut"
"Jeep","Grand","1998","Gasoline",22375,5.2,"Aut"
"Jeep","Grand","1997","Gasoline",21395,5.2,"Aut"
"Jeep","Grand","1996","Gasoline",20162,5.2,"Aut"
"Jeep","Grand","1995","Gasoline",19536,5.2,"Aut"
"Jeep","Grand","1994","Gasoline",17000,5.2,"Aut"
"Jeep","Grand","1993","Gasoline",14621,5.2,"Aut"
"Jeep","Grand","2006","Gasoline",53857,5.7,"Med"
"Jeep","Grand","2005","Gasoline",38470,5.7,"Med"
"Jeep","Grand","1999","Gasoline",25662,5.9,"Med"
"Jeep","Grand","1998","Gasoline",22348,5.9,"Med"
"Jeep","Grand","1997","Gasoline",20875,5.9,"Med"
"Jeep","Grand","2000","Gasoline",27599,4.7,"Med"
"Jeep","Grand","1999","Gasoline",26174,4.7,"Med"
"Jeep","Grand","2009","Gasoline",83008,5.7,"Med"
"Jeep","Grand","2008","Gasoline",60565,5.7,"Med"
"Jeep","Grand","2007","Gasoline",58609,5.7,"Med"
"Jeep","Grand","2006","Gasoline",46698,5.7,"Med"
"Jeep","Grand","2010","Gasoline",126522,6.1,"Med"
"Jeep","Grand","2009","Gasoline",111356,6.1,"Med"
"Jeep","Grand","2008","Gasoline",96089,6.1,"Med"
"Jeep","Grand","2007","Gasoline",83102,6.1,"Med"
"Jeep","Grand","2006","Gasoline",74899,6.1,"Med"
"Jeep","Renegade","2017","Gasoline",83472,1.8,"Aut"
"Jeep","Renegade","2016","Gasoline",75710,1.8,"Aut"
"Jeep","Renegade","2017","Diesel",112111,2,"Aut"
"Jeep","Renegade","2016","Diesel",87662,2,"Aut"
"Jeep","Renegade","Zero KM","Gasoline",76025,1.8,"Med"
"Jeep","Renegade","2018","Gasoline",65679,1.8,"Med"
"Jeep","Renegade","Zero KM","Diesel",109748,2,"Aut"
"Jeep","Renegade","2018","Diesel",96674,2,"Aut"
"Jeep","Renegade","Zero KM","Gasoline",95835,1.8,"Med"
"Jeep","Renegade","2017","Gasoline",86997,1.8,"Med"
"Jeep","Renegade","2016","Gasoline",77365,1.8,"Med"
"Jeep","Renegade","Zero KM","Gasoline",100658,1.8,"Aut"
"Jeep","Renegade","2018","Gasoline",88675,1.8,"Aut"
"Jeep","Renegade","Zero KM","Diesel",125401,2,"Aut"
"Jeep","Renegade","2018","Diesel",109369,2,"Aut"
"Jeep","Renegade","Zero KM","Gasoline",92790,1.8,"Aut"
"Jeep","Renegade","2018","Gasoline",84503,1.8,"Aut"
"Jeep","Renegade","2017","Gasoline",81495,1.8,"Aut"
"Jeep","Renegade","2016","Gasoline",75084,1.8,"Aut"
"Jeep","Renegade","2015","Gasoline",72841,1.8,"Aut"
"Jeep","Renegade","Zero KM","Diesel",121733,2,"Med"
"Jeep","Renegade","2018","Diesel",111885,2,"Med"
"Jeep","Renegade","2017","Diesel",108289,2,"Med"
"Jeep","Renegade","2016","Diesel",96916,2,"Med"
"Jeep","Renegade","Zero KM","Gasoline",96469,1.8,"Aut"
"Jeep","Renegade","2018","Gasoline",88579,1.8,"Aut"
"Jeep","Renegade","Zero KM","Diesel",120005,2,"Med"
"Jeep","Renegade","2018","Diesel",110452,2,"Med"
"Jeep","Renegade","Zero KM","Gasoline",88948,1.8,"Aut"
"Jeep","Renegade","2018","Gasoline",81062,1.8,"Aut"
"Jeep","Renegade","2017","Gasoline",78005,1.8,"Aut"
"Jeep","Renegade","2016","Gasoline",71191,1.8,"Aut"
"Jeep","Renegade","Zero KM","Gasoline",80307,1.8,"Med"
"Jeep","Renegade","2018","Gasoline",74568,1.8,"Med"
"Jeep","Renegade","2017","Gasoline",71279,1.8,"Med"
"Jeep","Renegade","2016","Gasoline",66063,1.8,"Med"
"Jeep","Renegade","2015","Gasoline",63306,1.8,"Med"
"Jeep","Renegade","Zero KM","Diesel",117497,2,"Aut"
"Jeep","Renegade","2017","Diesel",101939,2,"Aut"
"Jeep","Renegade","2016","Diesel",88995,2,"Aut"
"Jeep","Renegade","Zero KM","Diesel",128100,2,"Med"
"Jeep","Renegade","2018","Diesel",118020,2,"Med"
"Jeep","Renegade","2017","Diesel",114010,2,"Med"
"Jeep","Renegade","2016","Diesel",102405,2,"Med"
"Jeep","Renegade","2015","Diesel",99005,2,"Med"
"Jeep","Renegade1.8","Zero KM","Gasoline",70455,1.8,"Med"
"Jeep","Renegade1.8","2017","Gasoline",65201,1.8,"Med"
"Jeep","Renegade1.8","2016","Gasoline",63251,1.8,"Med"
"Jeep","Wrangler","2001","Gasoline",49558,4,"Med"
"Jeep","Wrangler","2000","Gasoline",45382,4,"Med"
"Jeep","Wrangler","1999","Gasoline",44020,4,"Med"
"Jeep","Wrangler","1998","Gasoline",42561,4,"Med"
"Jeep","Wrangler","1997","Gasoline",38696,4,"Med"
"Jeep","Wrangler","1993","Gasoline",22065,4,"Med"
"Jeep","Wrangler","1992","Gasoline",21071,4,"Med"
"Jeep","Wrangler","2011","Gasoline",68821,3.8,"Med"
"Jeep","Wrangler","Zero KM","Gasoline",194977,3.6,"Med"
"Jeep","Wrangler","2018","Gasoline",176552,3.6,"Med"
"Jeep","Wrangler","2017","Gasoline",169491,3.6,"Med"
"Jeep","Wrangler","2016","Gasoline",162787,3.6,"Med"
"Jeep","Wrangler","2015","Gasoline",144098,3.6,"Med"
"Jeep","Wrangler","2014","Gasoline",121731,3.6,"Med"
"Jeep","Wrangler","2013","Gasoline",115702,3.6,"Med"
"Jeep","Wrangler","2012","Gasoline",108676,3.6,"Med"
"Jeep","Wrangler","2011","Gasoline",89411,3.8,"Med"
"Jeep","Wrangler","2010","Gasoline",84460,3.8,"Med"
"Jeep","Wrangler","2009","Gasoline",78827,3.8,"Med"
"Jeep","Wrangler","2008","Gasoline",76114,3.8,"Med"
"Jeep","Wrangler","2007","Gasoline",66187,3.8,"Med"
"Jeep","Wrangler","2016","Gasoline",194513,3.6,"Med"
"Jeep","Wrangler","2011","Gasoline",98029,3.8,"Med"
"Jeep","Wrangler","Zero KM","Gasoline",204478,3.6,"Med"
"Jeep","Wrangler","2017","Gasoline",179343,3.6,"Med"
"Jeep","Wrangler","2016","Gasoline",170241,3.6,"Med"
"Jeep","Wrangler","2015","Gasoline",162781,3.6,"Med"
"Jeep","Wrangler","2014","Gasoline",149616,3.6,"Med"
"Jeep","Wrangler","2013","Gasoline",131570,3.6,"Med"
"Jeep","Wrangler","2012","Gasoline",123350,3.6,"Med"
"Jeep","Wrangler","2011","Gasoline",96880,3.8,"Med"
"Jeep","Wrangler","2010","Gasoline",93994,3.8,"Med"
"Jeep","Wrangler","2009","Gasoline",89985,3.8,"Med"
"JINBEI","TOPIC","2015","Gasoline",45913,2.2,"Med"
"JINBEI","TOPIC","2014","Gasoline",44451,2.2,"Med"
"JINBEI","TOPIC","2013","Gasoline",39360,2.2,"Med"
"JINBEI","TOPIC","2012","Gasoline",36532,2.2,"Med"
"JINBEI","TOPIC","2011","Gasoline",34998,2.2,"Med"
"JINBEI","TOPIC","2010","Gasoline",33652,2.2,"Med"
"JINBEI","TOPIC","2009","Gasoline",32360,2.2,"Med"
"JINBEI","TOPIC","2015","Gasoline",59804,2.2,"Med"
"JINBEI","TOPIC","2014","Gasoline",45590,2.2,"Med"
"JINBEI","TOPIC","2013","Gasoline",42551,2.2,"Med"
"JINBEI","TOPIC","2012","Gasoline",37878,2.2,"Med"
"JINBEI","TOPIC","2011","Gasoline",36049,2.2,"Med"
"JINBEI","TOPIC","2010","Gasoline",34067,2.2,"Med"
"JINBEI","TOPIC","2009","Gasoline",32879,2.2,"Med"
"JINBEI","TOPIC","2012","Gasoline",32000,2.2,"Med"
"JINBEI","TOPIC","2011","Gasoline",30022,2.2,"Med"
"JINBEI","TOPIC","2010","Gasoline",28184,2.2,"Med"
"JINBEI","TOPIC","2009","Gasoline",24386,2.2,"Med"
"JINBEI","TOPIC","2015","Gasoline",40093,2.2,"Med"
"JINBEI","TOPIC","2014","Gasoline",38858,2.2,"Med"
"JINBEI","TOPIC","2013","Gasoline",36995,2.2,"Med"
"JINBEI","TOPIC","2012","Gasoline",35366,2.2,"Med"
"JINBEI","TOPIC","2011","Gasoline",33894,2.2,"Med"
"JINBEI","TOPIC","2010","Gasoline",32543,2.2,"Med"
"JINBEI","TOPIC","2009","Gasoline",29938,2.2,"Med"
"JINBEI","TOPIC","2015","Gasoline",44215,2.2,"Med"
"JINBEI","TOPIC","2014","Gasoline",42262,2.2,"Med"
"JINBEI","TOPIC","2013","Gasoline",38611,2.2,"Med"
"JINBEI","TOPIC","2012","Gasoline",35698,2.2,"Med"
"JINBEI","TOPIC","2011","Gasoline",34100,2.2,"Med"
"JINBEI","TOPIC","2010","Gasoline",32965,2.2,"Med"
"JINBEI","TOPIC","2009","Gasoline",31452,2.2,"Med"
"JINBEI","TOPIC","2008","Gasoline",29799,2.2,"Med"
"JINBEI","TOPIC","2015","Gasoline",39499,2,"Med"
"JINBEI","TOPIC","2014","Gasoline",38177,2,"Med"
"JINBEI","TOPIC","2013","Gasoline",35696,2,"Med"
"JINBEI","TOPIC","2012","Gasoline",33286,2,"Med"
"JINBEI","TOPIC","2011","Gasoline",30037,2,"Med"
"JINBEI","VKN","2016","Gasoline",60474,2,"Med"
"JPX","Picape","2001","Diesel",17611,1.9,"Med"
"JPX","Picape","2000","Diesel",16342,1.9,"Med"
"JPX","Picape","1999","Diesel",15029,1.9,"Med"
"JPX","Picape","1998","Diesel",14274,1.9,"Med"
"JPX","Picape","1997","Diesel",13336,1.9,"Med"
"JPX","Picape","1996","Diesel",12416,1.9,"Med"
"JPX","Picape","1995","Diesel",11044,1.9,"Med"
"JPX","Picape","1994","Diesel",9955,1.9,"Med"
"Kia Motors","Besta","1999","Diesel",16949,2.7,"Med"
"Kia Motors","Besta","1998","Diesel",15674,2.7,"Med"
"Kia Motors","Besta","1997","Diesel",14326,2.7,"Med"
"Kia Motors","Besta","1996","Diesel",12430,2.7,"Med"
"Kia Motors","Besta","1995","Diesel",11712,2.7,"Med"
"Kia Motors","Besta","1994","Diesel",10921,2.7,"Med"
"Kia Motors","Besta","1993","Diesel",8936,2.7,"Med"
"Kia Motors","Besta","1998","Diesel",15987,2.7,"Med"
"Kia Motors","Besta","1997","Diesel",15497,2.7,"Med"
"Kia Motors","Besta","1996","Diesel",13697,2.7,"Med"
"Kia Motors","Besta","1995","Diesel",12315,2.7,"Med"
"Kia Motors","Besta","1994","Diesel",11751,2.7,"Med"
"Kia Motors","Besta","1993","Diesel",10840,2.7,"Med"
"Kia Motors","Besta","1998","Diesel",12343,2.2,"Med"
"Kia Motors","Besta","1997","Diesel",11732,2.2,"Med"
"Kia Motors","Besta","1996","Diesel",9013,2.2,"Med"
"Kia Motors","Besta","1995","Diesel",8549,2.2,"Med"
"Kia Motors","Besta","1994","Diesel",8024,2.2,"Med"
"Kia Motors","Besta","1993","Diesel",6995,2.2,"Med"
"Kia Motors","Besta","2005","Diesel",23698,2.7,"Med"
"Kia Motors","Besta","2003","Diesel",22410,2.7,"Med"
"Kia Motors","Besta","2002","Diesel",21372,2.7,"Med"
"Kia Motors","Besta","2001","Diesel",17621,2.7,"Med"
"Kia Motors","Besta","2000","Diesel",17101,2.7,"Med"
"Kia Motors","Besta","1999","Diesel",16562,2.7,"Med"
"Kia Motors","Besta","1998","Diesel",15561,2.7,"Med"
"Kia Motors","Besta","1997","Diesel",14232,2.7,"Med"
"Kia Motors","Besta","1996","Diesel",12339,2.7,"Med"
"Kia Motors","Besta","1995","Diesel",11334,2.7,"Med"
"Kia Motors","Besta","1994","Diesel",10406,2.7,"Med"
"Kia Motors","Besta","1993","Diesel",8599,2.7,"Med"
"Kia Motors","Besta","2005","Diesel",29689,3,"Med"
"Kia Motors","Besta","2004","Diesel",28804,3,"Med"
"Kia Motors","Besta","2002","Diesel",23901,3,"Med"
"Kia Motors","Besta","2001","Diesel",19215,3,"Med"
"Kia Motors","Besta","2005","Diesel",28627,2.7,"Med"
"Kia Motors","Besta","2002","Diesel",24646,2.7,"Med"
"Kia Motors","Besta","2001","Diesel",18696,2.7,"Med"
"Kia Motors","Besta","2000","Diesel",17455,2.7,"Med"
"Kia Motors","Besta","1999","Diesel",16843,2.7,"Med"
"Kia Motors","Besta","1998","Diesel",16000,2.7,"Med"
"Kia Motors","Besta","2002","Diesel",25944,2.7,"Med"
"Kia Motors","Besta","2001","Diesel",20928,2.7,"Med"
"Kia Motors","Besta","2000","Diesel",20295,2.7,"Med"
"Kia Motors","Besta","1999","Diesel",19176,2.7,"Med"
"Kia Motors","Besta","1998","Diesel",17708,2.7,"Med"
"Kia Motors","Besta","2005","Diesel",36615,3,"Med"
"Kia Motors","Besta","2004","Diesel",33011,3,"Med"
"Kia Motors","Besta","2002","Diesel",26696,3,"Med"
"Kia Motors","Besta","2001","Diesel",21912,3,"Med"
"Kia Motors","Besta","2000","Diesel",21255,3,"Med"
"Kia Motors","Besta","1999","Diesel",20569,3,"Med"
"Kia Motors","Besta","1998","Diesel",14200,2.2,"Med"
"Kia Motors","Besta","1997","Diesel",13370,2.2,"Med"
"Kia Motors","Besta","1996","Diesel",12051,2.2,"Med"
"Kia Motors","Besta","1995","Diesel",10394,2.2,"Med"
"Kia Motors","Besta","1994","Diesel",9237,2.2,"Med"
"Kia Motors","Besta","1993","Diesel",8286,2.2,"Med"
"Kia Motors","Bongo","1997","Diesel",13241,2.4,"Med"
"Kia Motors","Bongo","1996","Diesel",11934,2.4,"Med"
"Kia Motors","Bongo","1995","Diesel",10651,2.4,"Med"
"Kia Motors","Bongo","1994","Diesel",8161,2.4,"Med"
"Kia Motors","Bongo","1993","Diesel",6120,2.4,"Med"
"Kia Motors","Bongo","Zero KM","Diesel",73330,2.5,"Med"
"Kia Motors","Bongo","2019","Diesel",66745,2.5,"Med"
"Kia Motors","Bongo","2018","Diesel",64100,2.5,"Med"
"Kia Motors","Bongo","2016","Diesel",60977,2.5,"Med"
"Kia Motors","Bongo","2015","Diesel",59125,2.5,"Med"
"Kia Motors","Bongo","2014","Diesel",56122,2.5,"Med"
"Kia Motors","Bongo","2013","Diesel",51826,2.5,"Med"
"Kia Motors","Bongo","2012","Diesel",47611,2.5,"Med"
"Kia Motors","Bongo","2011","Diesel",43449,2.5,"Med"
"Kia Motors","Bongo","2010","Diesel",41616,2.5,"Med"
"Kia Motors","Bongo","2009","Diesel",37936,2.5,"Med"
"Kia Motors","Bongo","2008","Diesel",34997,2.5,"Med"
"Kia Motors","Bongo","2012","Diesel",48220,2.7,"Med"
"Kia Motors","Bongo","2011","Diesel",43870,2.7,"Med"
"Kia Motors","Bongo","2010","Diesel",41874,2.7,"Med"
"Kia Motors","Bongo","2009","Diesel",38326,2.7,"Med"
"Kia Motors","Bongo","2008","Diesel",35274,2.7,"Med"
"Kia Motors","Bongo","2007","Diesel",32039,2.7,"Med"
"Kia Motors","Bongo","2006","Diesel",29697,2.7,"Med"
"Kia Motors","Bongo","2005","Diesel",28522,2.7,"Med"
"Kia Motors","Bongo","2004","Diesel",26351,2.7,"Med"
"Kia Motors","Bongo","2003","Diesel",24843,2.7,"Med"
"Kia Motors","Bongo","2002","Diesel",23357,2.7,"Med"
"Kia Motors","Bongo","2001","Diesel",21781,2.7,"Med"
"Kia Motors","Bongo","2000","Diesel",20321,2.7,"Med"
"Kia Motors","Bongo","1999","Diesel",18697,2.7,"Med"
"Kia Motors","Bongo","1998","Diesel",18002,2.7,"Med"
"Kia Motors","Bongo","1997","Diesel",14009,2.7,"Med"
"Kia Motors","Bongo","2008","Diesel",39465,2.7,"Med"
"Kia Motors","Bongo","2007","Diesel",35294,2.7,"Med"
"Kia Motors","Bongo","2006","Diesel",31574,2.7,"Med"
"Kia Motors","Bongo","2012","Diesel",58423,2.7,"Med"
"Kia Motors","Bongo","2011","Diesel",48549,2.7,"Med"
"Kia Motors","Bongo","2010","Diesel",45198,2.7,"Med"
"Kia Motors","Bongo","2009","Diesel",43758,2.7,"Med"
"Kia Motors","Bongo","2008","Diesel",40598,2.7,"Med"
"Kia Motors","Bongo","2007","Diesel",38898,2.7,"Med"
"Kia Motors","Bongo","2006","Diesel",33220,2.7,"Med"
"Kia Motors","Bongo","2005","Diesel",32201,2.7,"Med"
"Kia Motors","Bongo","1999","Diesel",22274,3.6,"Med"
"Kia Motors","Bongo","1998","Diesel",19687,3.6,"Med"
"Kia Motors","Bongo","1997","Diesel",16786,3.6,"Med"
"Kia Motors","Bongo","1996","Diesel",15328,3.6,"Med"
"Kia Motors","Bongo","1995","Diesel",14227,3.6,"Med"
"Kia Motors","Bongo","1994","Diesel",11271,3.6,"Med"
"Kia Motors","Bongo","1993","Diesel",10258,3.6,"Med"
"Kia Motors","CADENZA","2016","Gasoline",131263,3.5,"Aut"
"Kia Motors","CADENZA","2015","Gasoline",112124,3.5,"Aut"
"Kia Motors","CADENZA","2014","Gasoline",90582,3.5,"Aut"
"Kia Motors","CADENZA","2013","Gasoline",75330,3.5,"Aut"
"Kia Motors","CADENZA","2012","Gasoline",61088,3.5,"Aut"
"Kia Motors","CADENZA","2011","Gasoline",53862,3.5,"Aut"
"Kia Motors","Carens","2013","Gasoline",40297,2,"Aut"
"Kia Motors","Carens","2012","Gasoline",36185,2,"Aut"
"Kia Motors","Carens","2011","Gasoline",32558,2,"Aut"
"Kia Motors","Carens","2010","Gasoline",31071,2,"Aut"
"Kia Motors","Carens","2009","Gasoline",30111,2,"Aut"
"Kia Motors","Carens","2001","Gasoline",14121,1.8,"Aut"
"Kia Motors","Carens","1999","Gasoline",10382,1.8,"Aut"
"Kia Motors","Carens","2001","Gasoline",13991,1.8,"Med"
"Kia Motors","Carnival","2006","Gasoline",35564,2.5,"Med"
"Kia Motors","Carnival","2005","Gasoline",29337,2.5,"Med"
"Kia Motors","Carnival","2004","Gasoline",27133,2.5,"Med"
"Kia Motors","Carnival","2001","Gasoline",19335,2.5,"Med"
"Kia Motors","Carnival","2000","Gasoline",16942,2.5,"Med"
"Kia Motors","Carnival","1999","Gasoline",15017,2.5,"Med"
"Kia Motors","Carnival","2015","Gasoline",115100,3.5,"Aut"
"Kia Motors","Carnival","2014","Gasoline",98078,3.5,"Aut"
"Kia Motors","Carnival","2013","Gasoline",83280,3.5,"Aut"
"Kia Motors","Carnival","2012","Gasoline",72155,3.5,"Aut"
"Kia Motors","Carnival","2011","Gasoline",69587,3.5,"Aut"
"Kia Motors","Carnival","2011","Gasoline",63999,3.8,"Aut"
"Kia Motors","Carnival","2010","Gasoline",56012,3.8,"Aut"
"Kia Motors","Carnival","2009","Gasoline",47190,3.8,"Aut"
"Kia Motors","Carnival","2008","Gasoline",43344,3.8,"Aut"
"Kia Motors","Carnival","2007","Gasoline",38562,3.8,"Aut"
"Kia Motors","Carnival","2006","Gasoline",37010,3.8,"Aut"
"Kia Motors","Carnival","2005","Diesel",41199,2.9,"Med"
"Kia Motors","Carnival","2004","Diesel",35111,2.9,"Med"
"Kia Motors","Carnival","2001","Diesel",27813,2.9,"Med"
"Kia Motors","Cerato","2014","Gasoline",50623,1.6,"Med"
"Kia Motors","Cerato","2013","Gasoline",42036,1.6,"Med"
"Kia Motors","Cerato","2013","Gasoline",42887,1.6,"Aut"
"Kia Motors","Cerato","2012","Gasoline",40158,1.6,"Aut"
"Kia Motors","Cerato","2011","Gasoline",37636,1.6,"Aut"
"Kia Motors","Cerato","2010","Gasoline",35170,1.6,"Aut"
"Kia Motors","Cerato","2009","Gasoline",26903,1.6,"Aut"
"Kia Motors","Cerato","2008","Gasoline",23876,1.6,"Aut"
"Kia Motors","Cerato","2013","Gasoline",40345,1.6,"Med"
"Kia Motors","Cerato","2012","Gasoline",36523,1.6,"Med"
"Kia Motors","Cerato","2011","Gasoline",33453,1.6,"Med"
"Kia Motors","Cerato","2010","Gasoline",32225,1.6,"Med"
"Kia Motors","Cerato","2009","Gasoline",26674,1.6,"Med"
"Kia Motors","Cerato","2008","Gasoline",21306,1.6,"Med"
"Kia Motors","Cerato","2007","Gasoline",19155,1.6,"Med"
"Kia Motors","Cerato","2006","Gasoline",18415,1.6,"Med"
"Kia Motors","Cerato","2006","Gasoline",19609,2,"Aut"
"Kia Motors","Cerato","2013","Gasoline",56085,2,"Aut"
"Kia Motors","Cerato","2012","Gasoline",51544,2,"Aut"
"Kia Motors","Cerato","2011","Gasoline",49006,2,"Aut"
"Kia Motors","Ceres","1996","Diesel",8718,2.2,"Med"
"Kia Motors","Ceres","1995","Diesel",8259,2.2,"Med"
"Kia Motors","Ceres","1994","Diesel",7379,2.2,"Med"
"Kia Motors","Ceres","1993","Diesel",6989,2.2,"Med"
"Kia Motors","Clarus","2000","Gasoline",9952,2,"Aut"
"Kia Motors","Clarus","1999","Gasoline",9014,2,"Aut"
"Kia Motors","Clarus","1998","Gasoline",8618,2,"Aut"
"Kia Motors","Clarus","1997","Gasoline",8088,2,"Aut"
"Kia Motors","Clarus","2000","Gasoline",8345,2,"Med"
"Kia Motors","Clarus","1999","Gasoline",8083,2,"Med"
"Kia Motors","Clarus","1998","Gasoline",7724,2,"Med"
"Kia Motors","Clarus","1997","Gasoline",7375,2,"Med"
"Kia Motors","Clarus","2000","Gasoline",11058,2,"Aut"
"Kia Motors","Clarus","1999","Gasoline",10581,2,"Aut"
"Kia Motors","Clarus","2000","Gasoline",9770,2,"Med"
"Kia Motors","Clarus","1999","Gasoline",8593,2,"Med"
"Kia Motors","Clarus","1998","Gasoline",8118,2,"Med"
"Kia Motors","Grand","Zero KM","Gasoline",258237,3.3,"Aut"
"Kia Motors","Grand","2018","Gasoline",237587,3.3,"Aut"
"Kia Motors","Grand","2016","Gasoline",195678,3.3,"Aut"
"Kia Motors","Magentis","2011","Gasoline",32861,2,"Aut"
"Kia Motors","Magentis","2010","Gasoline",31788,2,"Aut"
"Kia Motors","Magentis","2009","Gasoline",30320,2,"Aut"
"Kia Motors","Magentis","2008","Gasoline",26790,2,"Aut"
"Kia Motors","Magentis","2007","Gasoline",25429,2,"Aut"
"Kia Motors","Magentis","2006","Gasoline",24637,2,"Aut"
"Kia Motors","Magentis","2007","Gasoline",24642,2,"Med"
"Kia Motors","MOHAVE","2017","Diesel",193566,3,"Aut"
"Kia Motors","MOHAVE","2016","Diesel",187721,3,"Aut"
"Kia Motors","MOHAVE","2015","Diesel",161002,3,"Aut"
"Kia Motors","MOHAVE","2014","Diesel",131073,3,"Aut"
"Kia Motors","MOHAVE","2013","Diesel",120357,3,"Aut"
"Kia Motors","MOHAVE","2012","Diesel",115895,3,"Aut"
"Kia Motors","MOHAVE","2011","Diesel",87570,3,"Aut"
"Kia Motors","MOHAVE","2010","Diesel",81008,3,"Aut"
"Kia Motors","MOHAVE","2009","Diesel",74139,3,"Aut"
"Kia Motors","MOHAVE","2008","Diesel",71269,3,"Aut"
"Kia Motors","MOHAVE","2013","Gasoline",92268,3.8,"Aut"
"Kia Motors","MOHAVE","2012","Gasoline",66488,3.8,"Aut"
"Kia Motors","MOHAVE","2011","Gasoline",63990,3.8,"Aut"
"Kia Motors","MOHAVE","2010","Gasoline",57615,3.8,"Aut"
"Kia Motors","MOHAVE","2009","Gasoline",53142,3.8,"Aut"
"Kia Motors","MOHAVE","2012","Gasoline",98372,4.6,"Aut"
"Kia Motors","MOHAVE","2011","Gasoline",70452,4.6,"Aut"
"Kia Motors","MOHAVE","2010","Gasoline",67846,4.6,"Aut"
"Kia Motors","MOHAVE","2009","Gasoline",65767,4.6,"Aut"
"Kia Motors","Opirus","2007","Gasoline",36288,3.5,"Aut"
"Kia Motors","Opirus","2006","Gasoline",31822,3.5,"Aut"
"Kia Motors","Opirus","2005","Gasoline",27382,3.5,"Aut"
"Kia Motors","Opirus","2004","Gasoline",25991,3.5,"Aut"
"Kia Motors","Opirus","2009","Gasoline",36634,3.8,"Aut"
"Kia Motors","Opirus","2008","Gasoline",33501,3.8,"Aut"
"Kia Motors","OPTIMA","2016","Gasoline",88149,2,"Aut"
"Kia Motors","OPTIMA","2015","Gasoline",78186,2,"Aut"
"Kia Motors","OPTIMA","2014","Gasoline",74118,2,"Aut"
"Kia Motors","OPTIMA","2014","Gasoline",74175,2.4,"Aut"
"Kia Motors","OPTIMA","2013","Gasoline",64745,2.4,"Aut"
"Kia Motors","Picanto","Zero KM","Gasoline",51900,1.1,"Aut"
"Kia Motors","Picanto","2017","Gasoline",48961,1.1,"Aut"
"Kia Motors","Picanto","2016","Gasoline",46313,1.1,"Aut"
"Kia Motors","Picanto","2015","Gasoline",40286,1.1,"Aut"
"Kia Motors","Picanto","2014","Gasoline",36535,1.1,"Aut"
"Kia Motors","Picanto","2013","Gasoline",33889,1.1,"Aut"
"Kia Motors","Picanto","2012","Gasoline",31171,1.1,"Aut"
"Kia Motors","Picanto","2011","Gasoline",26055,1.1,"Aut"
"Kia Motors","Picanto","2010","Gasoline",24120,1.1,"Aut"
"Kia Motors","Picanto","2009","Gasoline",22854,1.1,"Aut"
"Kia Motors","Picanto","2008","Gasoline",20771,1.1,"Aut"
"Kia Motors","Picanto","2007","Gasoline",19927,1.1,"Aut"
"Kia Motors","Picanto","2006","Gasoline",19282,1.1,"Aut"
"Kia Motors","Picanto","2017","Gasoline",37952,1.1,"Med"
"Kia Motors","Picanto","2016","Gasoline",36733,1.1,"Med"
"Kia Motors","Picanto","2014","Gasoline",30821,1.1,"Med"
"Kia Motors","Picanto","2013","Gasoline",29493,1.1,"Med"
"Kia Motors","Picanto","2012","Gasoline",28256,1.1,"Med"
"Kia Motors","Picanto","2011","Gasoline",22973,1.1,"Med"
"Kia Motors","Picanto","2010","Gasoline",20715,1.1,"Med"
"Kia Motors","Picanto","2009","Gasoline",19288,1.1,"Med"
"Kia Motors","Picanto","2008","Gasoline",18065,1.1,"Med"
"Kia Motors","Picanto","2007","Gasoline",16988,1.1,"Med"
"Kia Motors","Picanto","2006","Gasoline",15990,1.1,"Med"
"Kia Motors","Picanto","Zero KM","Gasoline",59412,1,"Aut"
"Kia Motors","Picanto","2018","Gasoline",53217,1,"Aut"
"Kia Motors","QUORIS","2016","Gasoline",240833,3.8,"Aut"
"Kia Motors","QUORIS","2015","Gasoline",191917,3.8,"Aut"
"Kia Motors","Sephia","1998","Gasoline",6182,1.5,"Med"
"Kia Motors","Sephia","1997","Gasoline",5790,1.5,"Med"
"Kia Motors","Sephia","1996","Gasoline",5587,1.5,"Med"
"Kia Motors","Sephia","1995","Gasoline",4656,1.5,"Med"
"Kia Motors","Sephia","1994","Gasoline",4333,1.5,"Med"
"Kia Motors","Sephia","1993","Gasoline",4133,1.5,"Med"
"Kia Motors","Sephia","1995","Gasoline",5545,1.6,"Med"
"Kia Motors","Sephia","2001","Gasoline",11555,1.5,"Aut"
"Kia Motors","Sephia","2000","Gasoline",10402,1.5,"Aut"
"Kia Motors","Sephia","1999","Gasoline",9526,1.5,"Aut"
"Kia Motors","Sephia","1998","Gasoline",8205,1.5,"Aut"
"Kia Motors","Sephia","2000","Gasoline",9241,1.5,"Med"
"Kia Motors","Sephia","1999","Gasoline",8203,1.5,"Med"
"Kia Motors","Sephia","1998","Gasoline",7398,1.5,"Med"
"Kia Motors","Shuma","2000","Gasoline",9199,1.5,"Aut"
"Kia Motors","Shuma","1999","Gasoline",8278,1.5,"Aut"
"Kia Motors","Shuma","2000","Gasoline",9015,1.5,"Med"
"Kia Motors","Shuma","1999","Gasoline",7555,1.5,"Med"
"Kia Motors","Shuma","1998","Gasoline",7115,1.5,"Med"
"Kia Motors","Sorento","Zero KM","Gasoline",162333,2.4,"Aut"
"Kia Motors","Sorento","2018","Gasoline",145727,2.4,"Aut"
"Kia Motors","Sorento","2015","Gasoline",78890,2.4,"Aut"
"Kia Motors","Sorento","2014","Gasoline",75985,2.4,"Aut"
"Kia Motors","Sorento","2013","Gasoline",67951,2.4,"Aut"
"Kia Motors","Sorento","2012","Gasoline",61086,2.4,"Aut"
"Kia Motors","Sorento","2011","Gasoline",56746,2.4,"Aut"
"Kia Motors","Sorento","Zero KM","Gasoline",173348,2.4,"Aut"
"Kia Motors","Sorento","2018","Gasoline",155632,2.4,"Aut"
"Kia Motors","Sorento","2012","Gasoline",61420,2.4,"Aut"
"Kia Motors","Sorento","2011","Gasoline",59485,2.4,"Aut"
"Kia Motors","Sorento","Zero KM","Gasoline",211895,3.3,"Aut"
"Kia Motors","Sorento","2018","Gasoline",190790,3.3,"Aut"
"Kia Motors","Sorento","2017","Gasoline",184732,3.3,"Aut"
"Kia Motors","Sorento","2016","Gasoline",172362,3.3,"Aut"
"Kia Motors","Sorento","2015","Gasoline",143858,3.3,"Aut"
"Kia Motors","Sorento","Zero KM","Gasoline",199996,3.5,"Aut"
"Kia Motors","Sorento","2018","Gasoline",179794,3.5,"Aut"
"Kia Motors","Sorento","2013","Gasoline",72440,3.5,"Aut"
"Kia Motors","Sorento","2012","Gasoline",70296,3.5,"Aut"
"Kia Motors","Sorento","2011","Gasoline",61022,3.5,"Aut"
"Kia Motors","Sorento","Zero KM","Gasoline",217508,3.5,"Aut"
"Kia Motors","Sorento","2018","Gasoline",195539,3.5,"Aut"
"Kia Motors","Sorento","2015","Gasoline",108005,3.5,"Aut"
"Kia Motors","Sorento","2014","Gasoline",102845,3.5,"Aut"
"Kia Motors","Sorento","2013","Gasoline",90097,3.5,"Aut"
"Kia Motors","Sorento","2012","Gasoline",73075,3.5,"Aut"
"Kia Motors","Sorento","2011","Gasoline",67807,3.5,"Aut"
"Kia Motors","Sorento","2010","Gasoline",64807,3.5,"Aut"
"Kia Motors","Sorento","2009","Diesel",50980,2.5,"Aut"
"Kia Motors","Sorento","2008","Diesel",49354,2.5,"Aut"
"Kia Motors","Sorento","2007","Diesel",47241,2.5,"Aut"
"Kia Motors","Sorento","2006","Diesel",44878,2.5,"Aut"
"Kia Motors","Sorento","2005","Diesel",42950,2.5,"Aut"
"Kia Motors","Sorento","2004","Diesel",41510,2.5,"Aut"
"Kia Motors","Sorento","2009","Diesel",48283,2.5,"Med"
"Kia Motors","Sorento","2008","Diesel",46411,2.5,"Med"
"Kia Motors","Sorento","2007","Diesel",44733,2.5,"Med"
"Kia Motors","Sorento","2006","Diesel",42054,2.5,"Med"
"Kia Motors","Sorento","2006","Gasoline",37834,3.5,"Aut"
"Kia Motors","Sorento","2005","Gasoline",36680,3.5,"Aut"
"Kia Motors","Sorento","2004","Gasoline",35450,3.5,"Aut"
"Kia Motors","Sorento","2003","Gasoline",33155,3.5,"Aut"
"Kia Motors","Sorento","2009","Gasoline",42149,3.8,"Aut"
"Kia Motors","Sorento","2008","Gasoline",40745,3.8,"Aut"
"Kia Motors","Sorento","2007","Gasoline",39105,3.8,"Aut"
"Kia Motors","Sorento","2006","Gasoline",37913,3.8,"Aut"
"Kia Motors","Sorento","2006","Diesel",40779,2.5,"Aut"
"Kia Motors","Sorento","2005","Diesel",39520,2.5,"Aut"
"Kia Motors","Sorento","2006","Diesel",38693,2.5,"Med"
"Kia Motors","Sorento","2005","Diesel",36641,2.5,"Med"
"Kia Motors","SOUL","Zero KM","Gasoline",90352,1.6,"Aut"
"Kia Motors","SOUL","2019","Gasoline",82541,1.6,"Aut"
"Kia Motors","SOUL","2018","Gasoline",79656,1.6,"Aut"
"Kia Motors","SOUL","2017","Gasoline",77020,1.6,"Aut"
"Kia Motors","SOUL","2016","Gasoline",74584,1.6,"Aut"
"Kia Motors","SOUL","2015","Gasoline",71768,1.6,"Aut"
"Kia Motors","SOUL","2014","Gasoline",50157,1.6,"Aut"
"Kia Motors","SOUL","2013","Gasoline",45299,1.6,"Aut"
"Kia Motors","SOUL","2012","Gasoline",38469,1.6,"Aut"
"Kia Motors","SOUL","2011","Gasoline",36649,1.6,"Aut"
"Kia Motors","SOUL","2010","Gasoline",34694,1.6,"Aut"
"Kia Motors","SOUL","2014","Gasoline",46706,1.6,"Med"
"Kia Motors","SOUL","2013","Gasoline",42216,1.6,"Med"
"Kia Motors","SOUL","2012","Gasoline",36253,1.6,"Med"
"Kia Motors","SOUL","2011","Gasoline",33840,1.6,"Med"
"Kia Motors","SOUL","2010","Gasoline",32303,1.6,"Med"
"Kia Motors","SOUL","2009","Gasoline",30965,1.6,"Med"
"Kia Motors","Sportage","2000","Gasoline",16898,2,"Aut"
"Kia Motors","Sportage","1999","Gasoline",15730,2,"Aut"
"Kia Motors","Sportage","1998","Gasoline",13568,2,"Aut"
"Kia Motors","Sportage","1997","Gasoline",12398,2,"Aut"
"Kia Motors","Sportage","2003","Diesel",27013,2,"Med"
"Kia Motors","Sportage","2002","Diesel",24568,2,"Med"
"Kia Motors","Sportage","2001","Diesel",23201,2,"Med"
"Kia Motors","Sportage","2000","Diesel",22412,2,"Med"
"Kia Motors","Sportage","2001","Gasoline",19935,2,"Aut"
"Kia Motors","Sportage","2000","Gasoline",18002,2,"Aut"
"Kia Motors","Sportage","1999","Gasoline",16765,2,"Aut"
"Kia Motors","Sportage","1998","Gasoline",14793,2,"Aut"
"Kia Motors","Sportage","1997","Gasoline",13860,2,"Aut"
"Kia Motors","Sportage","1996","Gasoline",12662,2,"Aut"
"Kia Motors","Sportage","2001","Gasoline",19900,2,"Med"
"Kia Motors","Sportage","2000","Gasoline",17687,2,"Med"
"Kia Motors","Sportage","1999","Gasoline",16472,2,"Med"
"Kia Motors","Sportage","1998","Gasoline",14600,2,"Med"
"Kia Motors","Sportage","1997","Gasoline",13246,2,"Med"
"Kia Motors","Sportage","1996","Gasoline",11070,2,"Med"
"Kia Motors","Sportage","1999","Diesel",23043,2.2,"Med"
"Kia Motors","Sportage","1998","Diesel",19452,2.2,"Med"
"Kia Motors","Sportage","1997","Diesel",18203,2.2,"Med"
"Kia Motors","Sportage","1996","Diesel",17579,2.2,"Med"
"Kia Motors","Sportage","1995","Diesel",16272,2.2,"Med"
"Kia Motors","Sportage","2012","Gasoline",59599,2,"Med"
"Kia Motors","Sportage","2011","Gasoline",53132,2,"Med"
"Kia Motors","Sportage","2010","Gasoline",34863,2,"Med"
"Kia Motors","Sportage","2009","Gasoline",32044,2,"Med"
"Kia Motors","Sportage","2008","Gasoline",30215,2,"Med"
"Kia Motors","Sportage","Zero KM","Gasoline",145945,2,"Aut"
"Kia Motors","Sportage","2019","Gasoline",134105,2,"Aut"
"Kia Motors","Sportage","2018","Gasoline",130056,2,"Aut"
"Kia Motors","Sportage","2017","Gasoline",126211,2,"Aut"
"Kia Motors","Sportage","2016","Gasoline",113227,2,"Aut"
"Kia Motors","Sportage","2015","Gasoline",93180,2,"Aut"
"Kia Motors","Sportage","2014","Gasoline",83739,2,"Aut"
"Kia Motors","Sportage","2013","Gasoline",77313,2,"Aut"
"Kia Motors","Sportage","2012","Gasoline",65445,2,"Aut"
"Kia Motors","Sportage","2011","Gasoline",62286,2,"Aut"
"Kia Motors","Sportage","2010","Gasoline",36585,2,"Aut"
"Kia Motors","Sportage","2009","Gasoline",33539,2,"Aut"
"Kia Motors","Sportage","2008","Gasoline",31180,2,"Aut"
"Kia Motors","Sportage","2010","Gasoline",38602,2.7,"Aut"
"Kia Motors","Sportage","2009","Gasoline",33981,2.7,"Aut"
"Kia Motors","Sportage","2008","Gasoline",32511,2.7,"Aut"
"Kia Motors","Sportage","2007","Gasoline",30078,2.7,"Aut"
"Kia Motors","Sportage","2006","Gasoline",29114,2.7,"Aut"
"Kia Motors","Sportage","2005","Gasoline",28057,2.7,"Aut"
"Kia Motors","Sportage","2001","Gasoline",18078,2,"Aut"
"Kia Motors","Sportage","2000","Gasoline",17402,2,"Aut"
"Kia Motors","Sportage","1999","Gasoline",15725,2,"Aut"
"Kia Motors","Sportage","2001","Gasoline",16820,2,"Med"
"Kia Motors","Sportage","2000","Gasoline",16030,2,"Med"
"Kia Motors","Sportage","1999","Gasoline",15065,2,"Med"
"Kia Motors","Sportage","2003","Diesel",26455,2,"Med"
"Kia Motors","Sportage","2002","Diesel",24196,2,"Med"
"Kia Motors","Sportage","2001","Diesel",23213,2,"Med"
"Kia Motors","Sportage","2000","Diesel",20613,2,"Med"
"Kia Motors","Sportage","1999","Diesel",17544,2,"Med"
"Kia Motors","Sportage","1996","Diesel",14525,2.2,"Med"
"Kia Motors","Sportage","1995","Diesel",13705,2.2,"Med"
"Kia Motors","Sportage","2010","Gasoline",33093,2,"Med"
"Kia Motors","Sportage","2009","Gasoline",31883,2,"Med"
"Kia Motors","Sportage","2008","Gasoline",29871,2,"Med"
"Kia Motors","Sportage","2007","Gasoline",28535,2,"Med"
"Kia Motors","Sportage","2006","Gasoline",27622,2,"Med"
"Kia Motors","Sportage","2005","Gasoline",26714,2,"Med"
"Kia Motors","Sportage","2003","Gasoline",25798,2,"Med"
"Kia Motors","Sportage","Zero KM","Gasoline",112005,2,"Aut"
"Kia Motors","Sportage","2019","Gasoline",103967,2,"Aut"
"Kia Motors","Sportage","2018","Gasoline",100015,2,"Aut"
"Kia Motors","Sportage","2017","Gasoline",96026,2,"Aut"
"Kia Motors","Sportage","2016","Gasoline",92184,2,"Aut"
"Kia Motors","Sportage","2015","Gasoline",83254,2,"Aut"
"Kia Motors","Sportage","2014","Gasoline",76234,2,"Aut"
"Kia Motors","Sportage","2013","Gasoline",68018,2,"Aut"
"Kia Motors","Sportage","2012","Gasoline",62583,2,"Aut"
"Kia Motors","Sportage","2011","Gasoline",59418,2,"Aut"
"Kia Motors","Sportage","2014","Gasoline",75215,2,"Med"
"Kia Motors","Sportage","2013","Gasoline",65467,2,"Med"
"Kia Motors","Sportage","2012","Gasoline",59917,2,"Med"
"Kia Motors","Sportage","2011","Gasoline",54152,2,"Med"
"Kia Motors","Sportage","1999","Gasoline",14393,2,"Med"
"Lada","Laika","1992","Gasoline",2080,1.5,"Med"
"Lada","Laika","1991","Gasoline",1986,1.5,"Med"
"Lada","Laika","1995","Gasoline",3648,1.6,"Med"
"Lada","Laika","1994","Gasoline",3251,1.6,"Med"
"Lada","Laika","1993","Gasoline",2542,1.6,"Med"
"Lada","Laika","1992","Gasoline",2133,1.6,"Med"
"Lada","Laika","1991","Gasoline",2066,1.6,"Med"
"Lada","Niva","1996","Gasoline",11850,1.6,"Med"
"Lada","Niva","1995","Gasoline",11250,1.6,"Med"
"Lada","Niva","1994","Gasoline",10836,1.6,"Med"
"Lada","Niva","1993","Gasoline",10146,1.6,"Med"
"Lada","Niva","1992","Gasoline",9427,1.6,"Med"
"Lada","Niva","1991","Gasoline",9088,1.6,"Med"
"Lada","Niva","1995","Gasoline",13899,1.6,"Med"
"Lada","Niva","1994","Gasoline",12903,1.6,"Med"
"Lada","Niva","1993","Gasoline",12292,1.6,"Med"
"Lada","Niva","1992","Gasoline",11413,1.6,"Med"
"Lada","Niva","1991","Gasoline",11029,1.6,"Med"
"Lada","Niva","2000","Gasoline",11411,1.7,"Med"
"Lada","Niva","1999","Gasoline",10616,1.7,"Med"
"Lada","Niva","1998","Gasoline",10226,1.7,"Med"
"Lada","Samara","1995","Gasoline",4751,1.3,"Med"
"Lada","Samara","1994","Gasoline",4018,1.3,"Med"
"Lada","Samara","1993","Gasoline",3347,1.3,"Med"
"Lada","Samara","1992","Gasoline",2777,1.3,"Med"
"Lada","Samara","1991","Gasoline",2286,1.3,"Med"
"Land Rover","Defender","2011","Diesel",143744,2.4,"Med"
"Land Rover","Defender","2010","Diesel",133516,2.4,"Med"
"Land Rover","Defender","2009","Diesel",121756,2.4,"Med"
"Land Rover","Defender","2008","Diesel",116361,2.4,"Med"
"Land Rover","Defender","2007","Diesel",105693,2.4,"Med"
"Land Rover","Defender","2006","Diesel",55100,2.5,"Med"
"Land Rover","Defender","2005","Diesel",53403,2.5,"Med"
"Land Rover","Defender","2004","Diesel",51347,2.5,"Med"
"Land Rover","Defender","2001","Diesel",46107,2.5,"Med"
"Land Rover","Defender","2000","Diesel",41980,2.5,"Med"
"Land Rover","Defender","1999","Diesel",36419,2.5,"Med"
"Land Rover","Defender","1998","Diesel",34985,2.5,"Med"
"Land Rover","Defender","1997","Diesel",33703,2.5,"Med"
"Land Rover","Defender","1996","Diesel",26844,2.5,"Med"
"Land Rover","Defender","1995","Diesel",24568,2.5,"Med"
"Land Rover","Defender","1998","Diesel",36230,2.5,"Med"
"Land Rover","Defender","1997","Diesel",33770,2.5,"Med"
"Land Rover","Defender","1998","Diesel",31094,2.5,"Med"
"Land Rover","Defender","1997","Diesel",27117,2.5,"Med"
"Land Rover","Defender","1998","Diesel",33381,2.5,"Med"
"Land Rover","Defender","1997","Diesel",31171,2.5,"Med"
"Land Rover","Defender","1998","Diesel",27045,2.5,"Med"
"Land Rover","Defender","1997","Diesel",23017,2.5,"Med"
"Land Rover","Defender","2010","Diesel",94627,2.4,"Med"
"Land Rover","Defender","2011","Diesel",120097,2.4,"Med"
"Land Rover","Defender","2009","Diesel",115713,2.4,"Med"
"Land Rover","Defender","2006","Diesel",81134,2.5,"Med"
"Land Rover","Defender","2011","Diesel",120022,2.4,"Med"
"Land Rover","Defender","2010","Diesel",116002,2.4,"Med"
"Land Rover","Defender","2009","Diesel",112412,2.4,"Med"
"Land Rover","Defender","2008","Diesel",108430,2.4,"Med"
"Land Rover","Defender","2007","Diesel",103648,2.4,"Med"
"Land Rover","Defender","1996","Diesel",19154,2.5,"Med"
"Land Rover","Defender","1995","Diesel",16419,2.5,"Med"
"Land Rover","Defender","1993","Diesel",14137,2.5,"Med"
"Land Rover","Defender","1992","Diesel",13314,2.5,"Med"
"Land Rover","Defender","2010","Diesel",72938,2.4,"Med"
"Land Rover","Defender","2011","Diesel",112620,2.4,"Med"
"Land Rover","Defender","2009","Diesel",109703,2.4,"Med"
"Land Rover","Discovery","Zero KM","Diesel",396085,3,"Aut"
"Land Rover","Discovery","2018","Diesel",353808,3,"Aut"
"Land Rover","Discovery","2017","Diesel",343022,3,"Aut"
"Land Rover","Discovery","Zero KM","Diesel",437297,3,"Aut"
"Land Rover","Discovery","2018","Diesel",389798,3,"Aut"
"Land Rover","Discovery","2017","Diesel",373283,3,"Aut"
"Land Rover","Discovery","2015","Diesel",210379,3,"Aut"
"Land Rover","Discovery","Zero KM","Diesel",370084,3,"Aut"
"Land Rover","Discovery","2018","Diesel",330553,3,"Aut"
"Land Rover","Discovery","2017","Diesel",318680,3,"Aut"
"Land Rover","Discovery","Zero KM","Diesel",272024,2,"Aut"
"Land Rover","Discovery","2018","Diesel",250695,2,"Aut"
"Land Rover","Discovery","2017","Diesel",242300,2,"Aut"
"Land Rover","Discovery","2016","Diesel",221548,2,"Aut"
"Land Rover","Discovery","2016","Diesel",228588,2.2,"Aut"
"Land Rover","Discovery","Zero KM","Gasoline",246737,2,"Aut"
"Land Rover","Discovery","2018","Gasoline",230458,2,"Aut"
"Land Rover","Discovery","2017","Gasoline",223295,2,"Aut"
"Land Rover","Discovery","2016","Gasoline",201678,2,"Aut"
"Land Rover","Discovery","2015","Gasoline",178715,2,"Aut"
"Land Rover","Discovery","2016","Diesel",211934,2.2,"Aut"
"Land Rover","Discovery","Zero KM","Diesel",3e+05,2,"Aut"
"Land Rover","Discovery","2017","Diesel",261891,2,"Aut"
"Land Rover","Discovery","2016","Diesel",224105,2.2,"Aut"
"Land Rover","Discovery","2015","Diesel",216696,2.2,"Aut"
"Land Rover","Discovery","Zero KM","Gasoline",279000,2,"Aut"
"Land Rover","Discovery","2018","Gasoline",256883,2,"Aut"
"Land Rover","Discovery","2017","Gasoline",248425,2,"Aut"
"Land Rover","Discovery","2016","Gasoline",218958,2,"Aut"
"Land Rover","Discovery","2015","Gasoline",201200,2,"Aut"
"Land Rover","Discovery","Zero KM","Gasoline",224957,2,"Aut"
"Land Rover","Discovery","2018","Gasoline",204155,2,"Aut"
"Land Rover","Discovery","2017","Gasoline",197458,2,"Aut"
"Land Rover","Discovery","2016","Gasoline",184531,2,"Aut"
"Land Rover","Discovery","2015","Gasoline",162545,2,"Aut"
"Land Rover","Discovery","Zero KM","Diesel",244565,2,"Aut"
"Land Rover","Discovery","2018","Diesel",220120,2,"Aut"
"Land Rover","Discovery","2017","Diesel",212305,2,"Aut"
"Land Rover","Discovery","2016","Diesel",202185,2,"Aut"
"Land Rover","Discovery","2016","Diesel",197145,2.2,"Aut"
"Land Rover","Discovery","2000","Diesel",40369,2.5,"Med"
"Land Rover","Discovery","1999","Diesel",36351,2.5,"Med"
"Land Rover","Discovery","1998","Diesel",35135,2.5,"Med"
"Land Rover","Discovery","1997","Diesel",32597,2.5,"Med"
"Land Rover","Discovery","1996","Diesel",31603,2.5,"Med"
"Land Rover","Discovery","1995","Diesel",26486,2.5,"Med"
"Land Rover","Discovery","1994","Diesel",21892,2.5,"Med"
"Land Rover","Discovery","1993","Diesel",18773,2.5,"Med"
"Land Rover","Discovery","1992","Diesel",17602,2.5,"Med"
"Land Rover","Discovery3","2009","Diesel",88699,2.7,"Aut"
"Land Rover","Discovery3","2008","Diesel",82953,2.7,"Aut"
"Land Rover","Discovery3","2007","Diesel",71100,2.7,"Aut"
"Land Rover","Discovery3","2006","Diesel",67989,2.7,"Aut"
"Land Rover","Discovery3","2005","Diesel",65401,2.7,"Aut"
"Land Rover","Discovery3","2009","Gasoline",98953,4.4,"Aut"
"Land Rover","Discovery3","2008","Gasoline",80426,4.4,"Aut"
"Land Rover","Discovery3","2007","Gasoline",73185,4.4,"Aut"
"Land Rover","Discovery3","2006","Gasoline",57951,4.4,"Aut"
"Land Rover","Discovery3","2005","Gasoline",53500,4.4,"Aut"
"Land Rover","Discovery3","2009","Diesel",79959,2.7,"Aut"
"Land Rover","Discovery3","2008","Diesel",75742,2.7,"Aut"
"Land Rover","Discovery3","2007","Diesel",70593,2.7,"Aut"
"Land Rover","Discovery3","2006","Diesel",64471,2.7,"Aut"
"Land Rover","Discovery3","2005","Diesel",61403,2.7,"Aut"
"Land Rover","Discovery3","2009","Gasoline",64236,4,"Aut"
"Land Rover","Discovery3","2008","Gasoline",58845,4,"Aut"
"Land Rover","Discovery3","2007","Gasoline",57011,4,"Aut"
"Land Rover","Discovery3","2006","Gasoline",53481,4,"Aut"
"Land Rover","Discovery3","2009","Diesel",82471,2.7,"Aut"
"Land Rover","Discovery3","2008","Diesel",78395,2.7,"Aut"
"Land Rover","Discovery3","2006","Gasoline",57933,4,"Aut"
"Land Rover","Discovery3","2005","Gasoline",52720,4,"Aut"
"Land Rover","Discovery4","2011","Diesel",160960,3,"Aut"
"Land Rover","Discovery4","2016","Diesel",318402,3,"Aut"
"Land Rover","Discovery4","2016","Diesel",298228,3,"Med"
"Land Rover","Discovery4","2010","Diesel",110777,2.7,"Aut"
"Land Rover","Discovery4","2016","Diesel",305000,3,"Med"
"Land Rover","Discovery4","2015","Diesel",265255,3,"Med"
"Land Rover","Discovery4","2014","Diesel",246135,3,"Med"
"Land Rover","Discovery4","2013","Diesel",196830,3,"Med"
"Land Rover","Discovery4","2012","Diesel",166436,3,"Med"
"Land Rover","Discovery4","2011","Diesel",137360,3,"Med"
"Land Rover","Discovery4","2010","Diesel",117321,3,"Med"
"Land Rover","Discovery4","2013","Gasoline",210177,5,"Aut"
"Land Rover","Discovery4","2012","Gasoline",125971,5,"Aut"
"Land Rover","Discovery4","2011","Gasoline",117845,5,"Aut"
"Land Rover","Discovery4","2010","Gasoline",113695,5,"Aut"
"Land Rover","Discovery4","2011","Diesel",106412,2.7,"Aut"
"Land Rover","Discovery4","2010","Diesel",102563,2.7,"Aut"
"Land Rover","Discovery4","2016","Diesel",261867,3,"Aut"
"Land Rover","Discovery4","2015","Diesel",225135,3,"Aut"
"Land Rover","Discovery4","2014","Diesel",203671,3,"Aut"
"Land Rover","Discovery4","2013","Diesel",159870,3,"Aut"
"Land Rover","Discovery4","2012","Diesel",137251,3,"Aut"
"Land Rover","Discovery4","2010","Diesel",108082,2.7,"Aut"
"Land Rover","Discovery4","2016","Diesel",281092,3,"Med"
"Land Rover","Discovery4","2015","Diesel",260680,3,"Med"
"Land Rover","Discovery4","2014","Diesel",208625,3,"Med"
"Land Rover","Discovery4","2013","Diesel",176549,3,"Med"
"Land Rover","Discovery4","2012","Diesel",137412,3,"Med"
"Land Rover","Discovery4","2011","Diesel",124648,3,"Med"
"Land Rover","Discovery4","2010","Diesel",113912,3,"Med"
"Land Rover","Freelander","2000","Gasoline",28403,1.8,"Med"
"Land Rover","Freelander","1999","Gasoline",24321,1.8,"Med"
"Land Rover","Freelander","2006","Gasoline",31588,2.5,"Med"
"Land Rover","Freelander","2005","Gasoline",29926,2.5,"Med"
"Land Rover","Freelander","2004","Gasoline",28732,2.5,"Med"
"Land Rover","Freelander","2003","Gasoline",24382,2.5,"Med"
"Land Rover","Freelander","2005","Gasoline",30324,2.5,"Med"
"Land Rover","Freelander","2004","Gasoline",29058,2.5,"Med"
"Land Rover","Freelander","2005","Gasoline",29579,2.5,"Med"
"Land Rover","Freelander","2004","Gasoline",27750,2.5,"Med"
"Land Rover","Freelander","2003","Gasoline",24056,2.5,"Med"
"Land Rover","Freelander","2005","Gasoline",29377,2.5,"Med"
"Land Rover","Freelander","2004","Gasoline",27451,2.5,"Med"
"Land Rover","Freelander","2003","Gasoline",21828,2.5,"Med"
"Land Rover","Freelander2","2014","Diesel",128975,2.2,"Med"
"Land Rover","Freelander2","2013","Diesel",111664,2.2,"Med"
"Land Rover","Freelander2","2012","Diesel",97120,2.2,"Med"
"Land Rover","Freelander2","2015","Diesel",165930,2.2,"Med"
"Land Rover","Freelander2","2014","Diesel",135840,2.2,"Med"
"Land Rover","Freelander2","2013","Diesel",119950,2.2,"Med"
"Land Rover","Freelander2","2012","Diesel",95736,2.2,"Med"
"Land Rover","Freelander2","2011","Diesel",82876,2.2,"Med"
"Land Rover","Freelander2","2011","Gasoline",62126,3.2,"Aut"
"Land Rover","Freelander2","2011","Gasoline",80862,3.2,"Aut"
"Land Rover","Freelander2","2010","Gasoline",72685,3.2,"Aut"
"Land Rover","Freelander2","2015","Diesel",124990,2.2,"Med"
"Land Rover","Freelander2","2014","Diesel",116153,2.2,"Med"
"Land Rover","Freelander2","2013","Diesel",93400,2.2,"Med"
"Land Rover","Freelander2","2012","Diesel",82046,2.2,"Med"
"Land Rover","Freelander2","2011","Diesel",76061,2.2,"Med"
"Land Rover","Freelander2","2015","Diesel",131566,2.2,"Med"
"Land Rover","Freelander2","2014","Diesel",116440,2.2,"Med"
"Land Rover","Freelander2","2013","Diesel",103060,2.2,"Med"
"Land Rover","Freelander2","2012","Diesel",85998,2.2,"Med"
"Land Rover","Freelander2","2011","Diesel",76785,2.2,"Med"
"Land Rover","Freelander2","2013","Gasoline",111303,2,"Aut"
"Land Rover","Freelander2","2014","Gasoline",159756,2,"Aut"
"Land Rover","Freelander2","2013","Gasoline",121666,2,"Aut"
"Land Rover","Freelander2","2015","Gasoline",138807,2,"Aut"
"Land Rover","Freelander2","2014","Gasoline",121340,2,"Aut"
"Land Rover","Freelander2","2013","Gasoline",86870,2,"Aut"
"Land Rover","Freelander2","2015","Gasoline",146205,2,"Aut"
"Land Rover","Freelander2","2014","Gasoline",133939,2,"Aut"
"Land Rover","Freelander2","2013","Gasoline",102385,2,"Aut"
"Land Rover","New","1997","Gasoline",21435,3.9,"Med"
"Land Rover","New","1996","Gasoline",20676,3.9,"Med"
"Land Rover","New","1993","Gasoline",19634,3.9,"Med"
"Land Rover","New","1992","Gasoline",15782,3.9,"Med"
"Land Rover","Range","2014","Diesel",350393,3,"Med"
"Land Rover","Range","2013","Diesel",313126,3,"Med"
"Land Rover","Range","Zero KM","Gasoline",547443,5,"Med"
"Land Rover","Range","2016","Gasoline",481072,5,"Med"
"Land Rover","Range","2015","Gasoline",457627,5,"Med"
"Land Rover","Range","2014","Gasoline",426268,5,"Med"
"Land Rover","Range","2013","Gasoline",357915,5,"Med"
"Land Rover","Range","Zero KM","Gasoline",525300,5,"Med"
"Land Rover","Range","2017","Gasoline",482748,5,"Med"
"Land Rover","Range","2016","Gasoline",434085,5,"Med"
"Land Rover","Range","2015","Gasoline",410971,5,"Med"
"Land Rover","Range","2014","Gasoline",391586,5,"Med"
"Land Rover","Range","2016","Gasoline",334487,3,"Med"
"Land Rover","Range","2015","Gasoline",322067,3,"Med"
"Land Rover","Range","2014","Gasoline",302656,3,"Med"
"Land Rover","Range","2016","Gasoline",380934,3,"Med"
"Land Rover","Range","2016","Gasoline",302369,3,"Med"
"Land Rover","Range","2015","Diesel",297228,3,"Med"
"Land Rover","Range","Zero KM","Gasoline",1068000,5,"Med"
"Land Rover","Range","2017","Gasoline",932255,5,"Med"
"Land Rover","Range","2016","Gasoline",867383,5,"Med"
"Land Rover","Range","Zero KM","Gasoline",290383,2,"Aut"
"Land Rover","Range","2018","Gasoline",251809,2,"Aut"
"Land Rover","Range","Zero KM","Gasoline",338950,3,"Aut"
"Land Rover","Range","2018","Gasoline",294643,3,"Aut"
"Land Rover","Range","Zero KM","Gasoline",515066,3,"Aut"
"Land Rover","Range","2018","Gasoline",449563,3,"Aut"
"Land Rover","Range","Zero KM","Gasoline",380533,2,"Aut"
"Land Rover","Range","2018","Gasoline",334861,2,"Aut"
"Land Rover","Range","Zero KM","Gasoline",428800,3,"Med"
"Land Rover","Range","2018","Gasoline",378205,3,"Med"
"Land Rover","Range","Zero KM","Gasoline",308000,2,"Aut"
"Land Rover","Range","2018","Gasoline",266492,2,"Aut"
"Land Rover","Range","Zero KM","Gasoline",356416,3,"Aut"
"Land Rover","Range","2018","Gasoline",309131,3,"Aut"
"Land Rover","Range","Zero KM","Gasoline",397216,2,"Med"
"Land Rover","Range","2018","Gasoline",349374,2,"Med"
"Land Rover","Range","Zero KM","Gasoline",445400,3,"Med"
"Land Rover","Range","2018","Gasoline",392814,3,"Med"
"Land Rover","Range","Zero KM","Gasoline",334833,2,"Aut"
"Land Rover","Range","2018","Gasoline",294350,2,"Aut"
"Land Rover","Range","Zero KM","Gasoline",382900,3,"Aut"
"Land Rover","Range","2018","Gasoline",338584,3,"Aut"
"Land Rover","Range","Zero KM","Gasoline",357000,2,"Aut"
"Land Rover","Range","2018","Gasoline",316015,2,"Aut"
"Land Rover","Range","Zero KM","Gasoline",405350,3,"Aut"
"Land Rover","Range","2018","Gasoline",361338,3,"Aut"
"Land Rover","Range","Zero KM","Gasoline",317650,2,"Aut"
"Land Rover","Range","2018","Gasoline",282100,2,"Aut"
"Land Rover","Range","Zero KM","Gasoline",365833,3,"Aut"
"Land Rover","Range","2018","Gasoline",323512,3,"Aut"
"Land Rover","Range","Zero KM","Gasoline",339833,2,"Aut"
"Land Rover","Range","2018","Gasoline",304418,2,"Aut"
"Land Rover","Range","Zero KM","Gasoline",387950,3,"Aut"
"Land Rover","Range","2018","Gasoline",347190,3,"Aut"
"Land Rover","Range","2014","Diesel",406481,4.4,"Aut"
"Land Rover","Range","2013","Diesel",345406,4.4,"Aut"
"Land Rover","Range","2012","Diesel",213989,4.4,"Aut"
"Land Rover","Range","2011","Diesel",192627,4.4,"Aut"
"Land Rover","Range","Zero KM","Gasoline",737180,5,"Med"
"Land Rover","Range","2017","Gasoline",667733,5,"Med"
"Land Rover","Range","2016","Gasoline",558590,5,"Med"
"Land Rover","Range","2015","Gasoline",528874,5,"Med"
"Land Rover","Range","2014","Gasoline",469536,5,"Med"
"Land Rover","Range","2013","Gasoline",436667,5,"Med"
"Land Rover","Range","2015","Gasoline",186745,2,"Aut"
"Land Rover","Range","2015","Gasoline",142483,2,"Aut"
"Land Rover","Range","Zero KM","Gasoline",292980,2,"Aut"
"Land Rover","Range","2018","Gasoline",262153,2,"Aut"
"Land Rover","Range","2017","Gasoline",251719,2,"Aut"
"Land Rover","Range","2015","Gasoline",173156,2,"Med"
"Land Rover","Range","2014","Gasoline",150923,2,"Med"
"Land Rover","Range","2013","Gasoline",123044,2,"Med"
"Land Rover","Range","2012","Gasoline",118578,2,"Med"
"Land Rover","Range","2015","Gasoline",173259,2,"Med"
"Land Rover","Range","2014","Gasoline",153488,2,"Med"
"Land Rover","Range","2013","Gasoline",128658,2,"Med"
"Land Rover","Range","2012","Gasoline",118701,2,"Med"
"Land Rover","Range","2015","Gasoline",189350,2,"Med"
"Land Rover","Range","2014","Gasoline",173055,2,"Med"
"Land Rover","Range","2013","Gasoline",145819,2,"Med"
"Land Rover","Range","2012","Gasoline",124071,2,"Med"
"Land Rover","Range","2015","Gasoline",189417,2,"Med"
"Land Rover","Range","2014","Gasoline",173434,2,"Med"
"Land Rover","Range","2013","Gasoline",146979,2,"Med"
"Land Rover","Range","2012","Gasoline",127542,2,"Med"
"Land Rover","Range","Zero KM","Diesel",286100,2,"Aut"
"Land Rover","Range","2018","Diesel",254049,2,"Aut"
"Land Rover","Range","2015","Gasoline",192541,2,"Aut"
"Land Rover","Range","2013","Gasoline",156592,2,"Aut"
"Land Rover","Range","2015","Gasoline",167780,2,"Aut"
"Land Rover","Range","2014","Gasoline",147171,2,"Aut"
"Land Rover","Range","2013","Gasoline",126337,2,"Aut"
"Land Rover","Range","2012","Gasoline",117531,2,"Aut"
"Land Rover","Range","2015","Diesel",178990,2.2,"Med"
"Land Rover","Range","2014","Diesel",170358,2.2,"Med"
"Land Rover","Range","2015","Gasoline",180322,2,"Med"
"Land Rover","Range","2014","Gasoline",148534,2,"Med"
"Land Rover","Range","2013","Gasoline",135377,2,"Med"
"Land Rover","Range","2012","Gasoline",120166,2,"Med"
"Land Rover","Range","2015","Diesel",189015,2.2,"Med"
"Land Rover","Range","2015","Gasoline",146930,2,"Aut"
"Land Rover","Range","2014","Gasoline",130005,2,"Aut"
"Land Rover","Range","2013","Gasoline",116664,2,"Aut"
"Land Rover","Range","2012","Gasoline",108112,2,"Aut"
"Land Rover","Range","2013","Gasoline",120370,2,"Aut"
"Land Rover","Range","2012","Gasoline",111518,2,"Aut"
"Land Rover","Range","2016","Diesel",226409,2.2,"Aut"
"Land Rover","Range","2016","Diesel",192560,2.2,"Aut"
"Land Rover","Range","Zero KM","Gasoline",252833,2,"Aut"
"Land Rover","Range","2018","Gasoline",236943,2,"Aut"
"Land Rover","Range","2017","Gasoline",227838,2,"Aut"
"Land Rover","Range","2016","Gasoline",205072,2,"Aut"
"Land Rover","Range","Zero KM","Gasoline",227833,2,"Aut"
"Land Rover","Range","2018","Gasoline",213208,2,"Aut"
"Land Rover","Range","2017","Gasoline",205996,2,"Aut"
"Land Rover","Range","2016","Gasoline",173926,2,"Aut"
"Land Rover","Range","Zero KM","Gasoline",251000,2,"Aut"
"Land Rover","Range","2018","Gasoline",220282,2,"Aut"
"Land Rover","Range","2017","Gasoline",211541,2,"Aut"
"Land Rover","Range","2016","Gasoline",178867,2,"Aut"
"Land Rover","Range","Zero KM","Diesel",535657,4.4,"Med"
"Land Rover","Range","2017","Diesel",488336,4.4,"Med"
"Land Rover","Range","2016","Diesel",423752,4.4,"Med"
"Land Rover","Range","2015","Diesel",399455,4.4,"Med"
"Land Rover","Range","Zero KM","Diesel",435202,3,"Med"
"Land Rover","Range","2018","Diesel",396314,3,"Med"
"Land Rover","Range","2017","Diesel",384431,3,"Med"
"Land Rover","Range","2016","Diesel",354073,3,"Med"
"Land Rover","Range","2015","Diesel",329380,3,"Med"
"Land Rover","Range","2014","Diesel",279560,3,"Med"
"Land Rover","Range","2013","Diesel",162975,3,"Med"
"Land Rover","Range","2012","Diesel",152094,3,"Med"
"Land Rover","Range","2011","Diesel",130504,3,"Med"
"Land Rover","Range","2010","Diesel",126586,3,"Med"
"Land Rover","Range","2013","Gasoline",122904,2,"Aut"
"Land Rover","Range","2012","Gasoline",111565,2,"Aut"
"Land Rover","Range","2015","Gasoline",154004,2,"Aut"
"Land Rover","Range","2014","Gasoline",135591,2,"Aut"
"Land Rover","Range","2013","Gasoline",120008,2,"Aut"
"Land Rover","Range","2012","Gasoline",108371,2,"Aut"
"Land Rover","Range","Zero KM","Diesel",249083,2,"Aut"
"Land Rover","Range","2018","Diesel",231259,2,"Aut"
"Land Rover","Range","2017","Diesel",222540,2,"Aut"
"Land Rover","Range","2016","Diesel",202334,2,"Aut"
"Land Rover","Range","2015","Gasoline",184752,2,"Aut"
"Land Rover","Range","2005","Gasoline",57160,4.4,"Med"
"Land Rover","Range","2004","Gasoline",52300,4.4,"Med"
"Land Rover","Range","2003","Gasoline",47848,4.4,"Med"
"Land Rover","Range","2002","Gasoline",42886,4.4,"Med"
"Land Rover","Range","2001","Gasoline",38659,4.4,"Med"
"Land Rover","Range","2000","Gasoline",31415,4.4,"Med"
"Land Rover","Range","1999","Gasoline",29796,4.4,"Med"
"Land Rover","Range","1998","Gasoline",28715,4.4,"Med"
"Land Rover","Range","1997","Gasoline",25921,4.4,"Med"
"Land Rover","Range","1996","Gasoline",22199,4.4,"Med"
"Land Rover","Range","2011","Diesel",243593,3.6,"Med"
"Land Rover","Range","2010","Diesel",197916,3.6,"Med"
"Land Rover","Range","2009","Diesel",154839,3.6,"Med"
"Land Rover","Range","2008","Diesel",113949,3.6,"Med"
"Land Rover","Range","2007","Diesel",106834,3.6,"Med"
"Land Rover","Range","2007","Diesel",103777,2.7,"Med"
"Land Rover","Range","2006","Diesel",80844,2.7,"Med"
"Land Rover","Range","Zero KM","Diesel",456047,3,"Med"
"Land Rover","Range","2017","Diesel",416682,3,"Med"
"Land Rover","Range","2016","Diesel",375768,3,"Med"
"Land Rover","Range","2015","Diesel",329476,3,"Med"
"Land Rover","Range","2014","Diesel",290988,3,"Med"
"Land Rover","Range","2013","Diesel",188599,3,"Med"
"Land Rover","Range","2012","Diesel",172657,3,"Med"
"Land Rover","Range","2011","Diesel",163604,3,"Med"
"Land Rover","Range","2010","Diesel",134532,3,"Med"
"Land Rover","Range","2007","Gasoline",89526,4.4,"Med"
"Land Rover","Range","2006","Gasoline",84230,4.4,"Med"
"Land Rover","Range","2005","Gasoline",81251,4.4,"Med"
"Land Rover","Range","2013","Gasoline",210843,5,"Med"
"Land Rover","Range","2012","Gasoline",179374,5,"Med"
"Land Rover","Range","2011","Gasoline",165391,5,"Med"
"Land Rover","Range","2010","Gasoline",136485,5,"Med"
"Land Rover","Range","2009","Diesel",90372,2.7,"Med"
"Land Rover","Range","2008","Diesel",87692,2.7,"Med"
"Land Rover","Range","2007","Diesel",72931,2.7,"Med"
"Land Rover","Range","2011","Diesel",162852,3.6,"Med"
"Land Rover","Range","2010","Diesel",129589,3.6,"Med"
"Land Rover","Range","2009","Diesel",110176,3.6,"Med"
"Land Rover","Range","2008","Diesel",101718,3.6,"Med"
"Land Rover","Range","2008","Gasoline",117319,4.4,"Med"
"Land Rover","Range","2007","Gasoline",99729,4.4,"Med"
"Land Rover","Range","Zero KM","Gasoline",369166,3,"Aut"
"Land Rover","Range","2017","Gasoline",321688,3,"Aut"
"Land Rover","Range","2009","Gasoline",107816,4.2,"Med"
"Land Rover","Range","2008","Gasoline",87649,4.2,"Med"
"Land Rover","Range","2007","Gasoline",74147,4.2,"Med"
"Land Rover","Range","2006","Gasoline",69551,4.2,"Med"
"Land Rover","Range","Zero KM","Gasoline",724400,5,"Med"
"Land Rover","Range","2017","Gasoline",678074,5,"Med"
"Land Rover","Range","2016","Gasoline",552727,5,"Med"
"Land Rover","Range","2015","Gasoline",508405,5,"Med"
"Land Rover","Range","2009","Gasoline",142402,4.2,"Med"
"Land Rover","Range","2008","Gasoline",120515,4.2,"Med"
"Land Rover","Range","2007","Gasoline",110583,4.2,"Med"
"Land Rover","Range","2006","Gasoline",78029,4.2,"Med"
"Land Rover","Range","2005","Gasoline",75389,4.2,"Med"
"Land Rover","Range","Zero KM","Diesel",567400,3,"Aut"
"Land Rover","Range","2017","Diesel",517962,3,"Aut"
"Land Rover","Range","2016","Diesel",455336,3,"Aut"
"Land Rover","Range","2015","Diesel",400232,3,"Aut"
"Land Rover","Range","2014","Diesel",345652,3,"Aut"
"Land Rover","Range","2010","Diesel",152578,3.6,"Med"
"Land Rover","Range","2009","Diesel",124592,3.6,"Med"
"Land Rover","Range","2008","Diesel",107140,3.6,"Med"
"Land Rover","Range","2007","Diesel",95432,3.6,"Med"
"Land Rover","Range","Zero KM","Diesel",704340,4.4,"Med"
"Land Rover","Range","2017","Diesel",626973,4.4,"Med"
"Land Rover","Range","2016","Diesel",522936,4.4,"Med"
"Land Rover","Range","2015","Diesel",495895,4.4,"Med"
"Land Rover","Range","2014","Diesel",434685,4.4,"Med"
"Land Rover","Range","2013","Diesel",405713,4.4,"Med"
"Land Rover","Range","2014","Diesel",403487,3,"Med"
"Land Rover","Range","Zero KM","Diesel",677500,4.4,"Med"
"Land Rover","Range","2017","Diesel",613097,4.4,"Med"
"Land Rover","Range","2016","Diesel",509955,4.4,"Med"
"Land Rover","Range","2015","Diesel",484056,4.4,"Med"
"Land Rover","Range","2014","Diesel",414177,4.4,"Med"
"Land Rover","Range","2013","Diesel",358402,4.4,"Med"
"Land Rover","Range","2015","Gasoline",513152,5,"Med"
"Land Rover","Range","2014","Gasoline",444107,5,"Med"
"Land Rover","Range","2013","Gasoline",377596,5,"Med"
"Land Rover","Range","2012","Gasoline",227621,5,"Med"
"Land Rover","Range","2011","Gasoline",178561,5,"Med"
"Land Rover","Range","2010","Gasoline",140066,5,"Med"
"Lexus","CT200h","Zero KM","Gasoline",146850,1.8,"Aut"
"Lexus","CT200h","2018","Gasoline",132106,1.8,"Aut"
"Lexus","CT200h","2017","Gasoline",125159,1.8,"Aut"
"Lexus","CT200h","2016","Gasoline",114921,1.8,"Aut"
"Lexus","CT200h","2015","Gasoline",111490,1.8,"Aut"
"Lexus","CT200h","2014","Gasoline",104246,1.8,"Aut"
"Lexus","CT200h","2013","Gasoline",82410,1.8,"Aut"
"Lexus","CT200h","2013","Gasoline",125758,1.8,"Aut"
"Lexus","ES-300","2003","Gasoline",33293,3,"Med"
"Lexus","ES-300","2002","Gasoline",32233,3,"Med"
"Lexus","ES-300","2001","Gasoline",23952,3,"Med"
"Lexus","ES-300","2000","Gasoline",23195,3,"Med"
"Lexus","ES-300","1999","Gasoline",19449,3,"Med"
"Lexus","ES-300","1998","Gasoline",18845,3,"Med"
"Lexus","ES-300","1997","Gasoline",17783,3,"Med"
"Lexus","ES-300","1995","Gasoline",15116,3,"Med"
"Lexus","ES-300","1994","Gasoline",14547,3,"Med"
"Lexus","ES-300","1993","Gasoline",13989,3,"Med"
"Lexus","ES-300","1992","Gasoline",13489,3,"Med"
"Lexus","ES-300","1991","Gasoline",10756,3,"Med"
"Lexus","ES-330","2006","Gasoline",44714,3.3,"Med"
"Lexus","ES-330","2005","Gasoline",36373,3.3,"Med"
"Lexus","ES-350","Zero KM","Gasoline",276250,3.5,"Med"
"Lexus","ES-350","2018","Gasoline",239155,3.5,"Med"
"Lexus","ES-350","2017","Gasoline",231295,3.5,"Med"
"Lexus","ES-350","2016","Gasoline",215000,3.5,"Med"
"Lexus","ES-350","2015","Gasoline",181663,3.5,"Med"
"Lexus","ES-350","2014","Gasoline",154152,3.5,"Med"
"Lexus","ES-350","2013","Gasoline",148000,3.5,"Med"
"Lexus","ES-350","2012","Gasoline",141538,3.5,"Med"
"Lexus","ES-350","2011","Gasoline",137026,3.5,"Med"
"Lexus","ES-350","2010","Gasoline",132672,3.5,"Med"
"Lexus","ES-350","2009","Gasoline",103090,3.5,"Med"
"Lexus","ES-350","2008","Gasoline",76495,3.5,"Med"
"Lexus","ES-350","2007","Gasoline",73595,3.5,"Med"
"Lexus","ES-350","2006","Gasoline",68746,3.5,"Med"
"Lexus","GS","1996","Gasoline",23233,3,"Med"
"Lexus","GS","1995","Gasoline",22422,3,"Med"
"Lexus","GS","1994","Gasoline",21726,3,"Med"
"Lexus","GS","1993","Gasoline",21010,3,"Med"
"Lexus","LS","2000","Gasoline",37529,4,"Med"
"Lexus","LS","1999","Gasoline",36042,4,"Med"
"Lexus","LS","1998","Gasoline",30656,4,"Med"
"Lexus","LS","1997","Gasoline",27849,4,"Med"
"Lexus","LS","1995","Gasoline",25556,4,"Med"
"Lexus","LS","1994","Gasoline",22098,4,"Med"
"Lexus","LS","1993","Gasoline",21385,4,"Med"
"Lexus","LS","1992","Gasoline",18109,4,"Med"
"Lexus","LS","1991","Gasoline",16328,4,"Med"
"Lexus","LS","2006","Gasoline",128234,4.3,"Med"
"Lexus","LS","2005","Gasoline",100756,4.3,"Med"
"Lexus","LS","2001","Gasoline",45366,4.3,"Med"
"Lexus","LS-460L","Zero KM","Gasoline",695118,4.6,"Aut"
"Lexus","LS-460L","2017","Gasoline",558921,4.6,"Aut"
"Lexus","LS-460L","2016","Gasoline",520583,4.6,"Aut"
"Lexus","LS-460L","2015","Gasoline",457067,4.6,"Aut"
"Lexus","LS-460L","2014","Gasoline",435984,4.6,"Aut"
"Lexus","LS-460L","2013","Gasoline",370409,4.6,"Aut"
"Lexus","LS-460L","2012","Gasoline",343621,4.6,"Aut"
"Lexus","NX-200t","Zero KM","Gasoline",248450,2,"Aut"
"Lexus","NX-200t","2017","Gasoline",213141,2,"Aut"
"Lexus","NX-200t","2016","Gasoline",201522,2,"Aut"
"Lexus","NX-200t","2015","Gasoline",169689,2,"Aut"
"Lexus","NX-200t","Zero KM","Gasoline",229223,2,"Aut"
"Lexus","NX-200t","2017","Gasoline",187967,2,"Aut"
"Lexus","NX-200t","2016","Gasoline",172169,2,"Aut"
"Lexus","NX-200t","2015","Gasoline",157709,2,"Aut"
"Lexus","NX-300","Zero KM","Gasoline",217850,2,"Aut"
"Lexus","NX-300","2018","Gasoline",192202,2,"Aut"
"Lexus","NX-300","Zero KM","Gasoline",247730,2,"Aut"
"Lexus","NX-300","2018","Gasoline",220535,2,"Aut"
"Lexus","NX-300","Zero KM","Gasoline",227010,2,"Aut"
"Lexus","NX-300","2018","Gasoline",198639,2,"Aut"
"Lexus","RX","2002","Gasoline",41270,3,"Med"
"Lexus","RX","2001","Gasoline",39536,3,"Med"
"Lexus","RX","2000","Gasoline",37109,3,"Med"
"Lexus","RX","1999","Gasoline",34622,3,"Med"
"Lexus","RX-350","Zero KM","Gasoline",341225,3.5,"Aut"
"Lexus","RX-350","2018","Gasoline",310161,3.5,"Aut"
"Lexus","RX-350","2017","Gasoline",298729,3.5,"Aut"
"Lexus","RX-350","2016","Gasoline",271455,3.5,"Aut"
"Lexus","RX-350","2015","Gasoline",200606,3.5,"Aut"
"Lexus","RX-350","2014","Gasoline",180597,3.5,"Aut"
"Lexus","RX-350","2013","Gasoline",133314,3.5,"Aut"
"Lexus","RX-350","Zero KM","Gasoline",359750,3.5,"Aut"
"Lexus","RX-350","2018","Gasoline",324100,3.5,"Aut"
"Lexus","RX-350","2017","Gasoline",313056,3.5,"Aut"
"Lexus","RX-350","2016","Gasoline",272210,3.5,"Aut"
"Lexus","RX-350","2015","Gasoline",201392,3.5,"Aut"
"Lexus","RX-350","2014","Gasoline",181774,3.5,"Aut"
"Lexus","RX-350","2013","Gasoline",150341,3.5,"Aut"
"Lexus","SC","1995","Gasoline",32921,4,"Med"
"Lexus","SC","1994","Gasoline",31694,4,"Med"
"Lexus","SC","1993","Gasoline",26694,4,"Med"
"LIFAN","320","2012","Gasoline",18129,1.3,"Med"
"LIFAN","320","2011","Gasoline",17584,1.3,"Med"
"LIFAN","320","2010","Gasoline",16985,1.3,"Med"
"LIFAN","320","2009","Gasoline",16054,1.3,"Med"
"LIFAN","530","2016","Gasoline",33900,1.5,"Med"
"LIFAN","530","2015","Gasoline",32664,1.5,"Med"
"LIFAN","530","Zero KM","Gasoline",44175,1.5,"Med"
"LIFAN","530","2018","Gasoline",40191,1.5,"Med"
"LIFAN","530","2016","Gasoline",37374,1.5,"Med"
"LIFAN","530","2015","Gasoline",34095,1.5,"Med"
"LIFAN","620","2012","Gasoline",21446,1.6,"Med"
"LIFAN","620","2011","Gasoline",19891,1.6,"Med"
"LIFAN","620","2010","Gasoline",19284,1.6,"Med"
"LIFAN","620","2009","Gasoline",18021,1.6,"Med"
"LIFAN","FOISON","Zero KM","Gasoline",40317,1.3,"Med"
"LIFAN","FOISON","2016","Gasoline",37223,1.3,"Med"
"LIFAN","FOISON","2015","Gasoline",35917,1.3,"Med"
"LIFAN","FOISON","2014","Gasoline",34420,1.3,"Med"
"LIFAN","X60","Zero KM","Gasoline",67390,1.8,"Med"
"LIFAN","X60","2019","Gasoline",60025,1.8,"Med"
"LIFAN","X60","2018","Gasoline",58066,1.8,"Med"
"LIFAN","X60","2016","Gasoline",54276,1.8,"Med"
"LIFAN","X60","2015","Gasoline",47753,1.8,"Med"
"LIFAN","X60","2014","Gasoline",41503,1.8,"Med"
"LIFAN","X60","2013","Gasoline",37752,1.8,"Med"
"LIFAN","X60","Zero KM","Gasoline",80061,1.8,"Aut"
"LIFAN","X60","2019","Gasoline",72058,1.8,"Aut"
"LIFAN","X60","2018","Gasoline",69413,1.8,"Aut"
"Mercedes-Benz","180-D","1996","Diesel",14660,2.4,"Med"
"Mercedes-Benz","180-D","1995","Diesel",14171,2.4,"Med"
"Mercedes-Benz","180-D","1994","Diesel",13622,2.4,"Med"
"Mercedes-Benz","180-D","1993","Diesel",10145,2.4,"Med"
"Mercedes-Benz","180-D","1996","Diesel",14511,2.4,"Med"
"Mercedes-Benz","180-D","1995","Diesel",14059,2.4,"Med"
"Mercedes-Benz","180-D","1994","Diesel",13440,2.4,"Med"
"Mercedes-Benz","180-D","1993","Diesel",9343,2.4,"Med"
"Mercedes-Benz","190-E","1993","Gasoline",22331,2.3,"Med"
"Mercedes-Benz","190-E","1992","Gasoline",21108,2.3,"Med"
"Mercedes-Benz","190-E","1991","Gasoline",19407,2.3,"Med"
"Mercedes-Benz","190-E","1990","Gasoline",18769,2.3,"Med"
"Mercedes-Benz","190-E","1989","Gasoline",18210,2.3,"Med"
"Mercedes-Benz","190-E","1988","Gasoline",16932,2.3,"Med"
"Mercedes-Benz","190-E","1987","Gasoline",16414,2.3,"Med"
"Mercedes-Benz","190-E","1986","Gasoline",15877,2.3,"Med"
"Mercedes-Benz","190-E","1985","Gasoline",15362,2.3,"Med"
"Mercedes-Benz","230-E","1993","Gasoline",22711,2.3,"Med"
"Mercedes-Benz","230-E","1992","Gasoline",21123,2.3,"Med"
"Mercedes-Benz","230-E","1991","Gasoline",19800,2.3,"Med"
"Mercedes-Benz","230-E","1990","Gasoline",19177,2.3,"Med"
"Mercedes-Benz","230-E","1988","Gasoline",17796,2.3,"Med"
"Mercedes-Benz","260-E","1993","Gasoline",23108,2.6,"Med"
"Mercedes-Benz","260-E","1992","Gasoline",22142,2.6,"Med"
"Mercedes-Benz","260-E","1991","Gasoline",20367,2.6,"Med"
"Mercedes-Benz","300-D","1992","Diesel",18324,3,"Med"
"Mercedes-Benz","300-D","1991","Diesel",16766,3,"Med"
"Mercedes-Benz","300-E","1993","Gasoline",30770,3,"Med"
"Mercedes-Benz","300-E","1992","Gasoline",24640,3,"Med"
"Mercedes-Benz","300-E","1991","Gasoline",23805,3,"Med"
"Mercedes-Benz","300-SE","1993","Gasoline",32051,3,"Med"
"Mercedes-Benz","300-SE","1992","Gasoline",26322,3,"Med"
"Mercedes-Benz","300-SE","1991","Gasoline",24656,3,"Med"
"Mercedes-Benz","300-SL","1993","Gasoline",64898,3,"Med"
"Mercedes-Benz","300-SL","1992","Gasoline",47170,3,"Med"
"Mercedes-Benz","300-SL","1991","Gasoline",34602,3,"Med"
"Mercedes-Benz","300-TE","1995","Gasoline",34515,3,"Med"
"Mercedes-Benz","300-TE","1992","Gasoline",32965,3,"Med"
"Mercedes-Benz","500-E","1993","Gasoline",34264,5,"Med"
"Mercedes-Benz","500-E","1992","Gasoline",33010,5,"Med"
"Mercedes-Benz","500-E","1991","Gasoline",25000,5,"Med"
"Mercedes-Benz","500-SEL","1993","Gasoline",37356,5,"Med"
"Mercedes-Benz","500-SEL","1992","Gasoline",33130,5,"Med"
"Mercedes-Benz","500-SEL","1991","Gasoline",32020,5,"Med"
"Mercedes-Benz","500-SEL","1990","Gasoline",30880,5,"Med"
"Mercedes-Benz","500-SEL","1989","Gasoline",27110,5,"Med"
"Mercedes-Benz","500-SEL","1988","Gasoline",23551,5,"Med"
"Mercedes-Benz","500-SEL","1987","Gasoline",22423,5,"Med"
"Mercedes-Benz","500-SEL","1986","Gasoline",20635,5,"Med"
"Mercedes-Benz","500-SEL","1985","Gasoline",19983,5,"Med"
"Mercedes-Benz","560-SEL","1992","Gasoline",33478,5.6,"Med"
"Mercedes-Benz","560-SEL","1991","Gasoline",32417,5.6,"Med"
"Mercedes-Benz","560-SEL","1990","Gasoline",31294,5.6,"Med"
"Mercedes-Benz","560-SEL","1989","Gasoline",30320,5.6,"Med"
"Mercedes-Benz","560-SEL","1988","Gasoline",29355,5.6,"Med"
"Mercedes-Benz","560-SEL","1987","Gasoline",28445,5.6,"Med"
"Mercedes-Benz","C-180","2017","Gasoline",139324,1.6,"Aut"
"Mercedes-Benz","C-180","2016","Gasoline",120271,1.6,"Aut"
"Mercedes-Benz","C-180","2015","Gasoline",113209,1.6,"Aut"
"Mercedes-Benz","C-180","Zero KM","Gasoline",168950,1.6,"Aut"
"Mercedes-Benz","C-180","2018","Gasoline",147785,1.6,"Aut"
"Mercedes-Benz","C-180","2017","Gasoline",142745,1.6,"Aut"
"Mercedes-Benz","C-180","2016","Gasoline",128334,1.6,"Aut"
"Mercedes-Benz","C-180","2015","Gasoline",114944,1.6,"Aut"
"Mercedes-Benz","C-180","2012","Gasoline",65556,1.8,"Aut"
"Mercedes-Benz","C-180","2011","Gasoline",60107,1.8,"Aut"
"Mercedes-Benz","C-180","2012","Gasoline",75211,1.8,"Aut"
"Mercedes-Benz","C-180","Zero KM","Gasoline",189000,1.6,"Aut"
"Mercedes-Benz","C-180","2018","Gasoline",161976,1.6,"Aut"
"Mercedes-Benz","C-180","2017","Gasoline",145646,1.6,"Aut"
"Mercedes-Benz","C-180","2015","Gasoline",107287,1.6,"Aut"
"Mercedes-Benz","C-180","2014","Gasoline",82351,1.6,"Aut"
"Mercedes-Benz","C-180","2013","Gasoline",77337,1.6,"Aut"
"Mercedes-Benz","C-180","2017","Gasoline",156535,1.6,"Aut"
"Mercedes-Benz","C-180","2016","Gasoline",135375,1.6,"Aut"
"Mercedes-Benz","C-180","2015","Gasoline",130598,1.6,"Aut"
"Mercedes-Benz","C-180","Zero KM","Gasoline",168000,1.6,"Aut"
"Mercedes-Benz","C-180","2018","Gasoline",147952,1.6,"Aut"
"Mercedes-Benz","C-180","2017","Gasoline",140418,1.6,"Aut"
"Mercedes-Benz","C-180","2016","Gasoline",125895,1.6,"Aut"
"Mercedes-Benz","C-180","2015","Gasoline",115119,1.6,"Aut"
"Mercedes-Benz","C-180","2014","Gasoline",77656,1.6,"Aut"
"Mercedes-Benz","C-180","2013","Gasoline",73278,1.6,"Aut"
"Mercedes-Benz","C-180","2012","Gasoline",75244,1.8,"Aut"
"Mercedes-Benz","C-180","2014","Gasoline",94786,1.6,"Aut"
"Mercedes-Benz","C-180","2013","Gasoline",83543,1.6,"Aut"
"Mercedes-Benz","C-180","2011","Gasoline",58816,1.6,"Aut"
"Mercedes-Benz","C-180","2010","Gasoline",54550,1.6,"Aut"
"Mercedes-Benz","C-180","2007","Gasoline",37845,1.8,"Med"
"Mercedes-Benz","C-180","2006","Gasoline",36698,1.8,"Med"
"Mercedes-Benz","C-180","2005","Gasoline",35610,1.8,"Med"
"Mercedes-Benz","C-180","2004","Gasoline",33833,1.8,"Med"
"Mercedes-Benz","C-180","2003","Gasoline",31021,1.8,"Med"
"Mercedes-Benz","C-200","2017","Gasoline",162924,2,"Aut"
"Mercedes-Benz","C-200","2016","Gasoline",144214,2,"Aut"
"Mercedes-Benz","C-200","2015","Gasoline",129100,2,"Aut"
"Mercedes-Benz","C-200","2014","Gasoline",89619,1.8,"Aut"
"Mercedes-Benz","C-200","2013","Gasoline",83593,1.8,"Aut"
"Mercedes-Benz","C-200","2012","Gasoline",76373,1.8,"Aut"
"Mercedes-Benz","C-200","2011","Gasoline",68407,1.8,"Aut"
"Mercedes-Benz","C-200","2010","Gasoline",57800,1.8,"Aut"
"Mercedes-Benz","C-200","2014","Gasoline",86581,1.8,"Aut"
"Mercedes-Benz","C-200","2011","Gasoline",70894,1.8,"Aut"
"Mercedes-Benz","C-200","2010","Gasoline",64870,1.8,"Aut"
"Mercedes-Benz","C-200","2012","Gasoline",90256,1.8,"Med"
"Mercedes-Benz","C-200","2011","Gasoline",85000,1.8,"Med"
"Mercedes-Benz","C-200","2010","Gasoline",78647,1.8,"Med"
"Mercedes-Benz","C-200","2002","Gasoline",36564,2,"Aut"
"Mercedes-Benz","C-200","2001","Gasoline",29110,2,"Aut"
"Mercedes-Benz","C-200","2010","Gasoline",56364,1.8,"Med"
"Mercedes-Benz","C-200","2009","Gasoline",54148,1.8,"Med"
"Mercedes-Benz","C-200","2008","Gasoline",51431,1.8,"Med"
"Mercedes-Benz","C-200","2007","Gasoline",48862,1.8,"Med"
"Mercedes-Benz","C-200","2006","Gasoline",41875,1.8,"Med"
"Mercedes-Benz","C-200","2010","Gasoline",52995,1.8,"Aut"
"Mercedes-Benz","C-200","2009","Gasoline",51266,1.8,"Aut"
"Mercedes-Benz","C-200","2008","Gasoline",49362,1.8,"Aut"
"Mercedes-Benz","C-200","2003","Gasoline",44158,2,"Med"
"Mercedes-Benz","C-200","2002","Gasoline",35253,2,"Med"
"Mercedes-Benz","C-200","2003","Gasoline",45388,2,"Med"
"Mercedes-Benz","C-200","2002","Gasoline",38836,2,"Med"
"Mercedes-Benz","C-200","2010","Gasoline",81868,1.8,"Aut"
"Mercedes-Benz","C-200","2009","Gasoline",67240,1.8,"Aut"
"Mercedes-Benz","C-200","2008","Gasoline",60670,1.8,"Aut"
"Mercedes-Benz","C-230","2006","Gasoline",42631,2.5,"Med"
"Mercedes-Benz","C-230","2003","Gasoline",42666,2.3,"Med"
"Mercedes-Benz","C-230","2002","Gasoline",37285,2.3,"Med"
"Mercedes-Benz","C-230","1999","Gasoline",28607,2.3,"Med"
"Mercedes-Benz","C-230","1998","Gasoline",26950,2.3,"Med"
"Mercedes-Benz","C-230","1997","Gasoline",24851,2.3,"Med"
"Mercedes-Benz","C-230","1996","Gasoline",23627,2.3,"Med"
"Mercedes-Benz","C-230","2007","Gasoline",71509,2.5,"Aut"
"Mercedes-Benz","C-230","2006","Gasoline",65784,2.5,"Aut"
"Mercedes-Benz","C-240","2003","Gasoline",39975,2.4,"Med"
"Mercedes-Benz","C-240","2002","Gasoline",34668,2.4,"Med"
"Mercedes-Benz","C-240","2001","Gasoline",33545,2.4,"Med"
"Mercedes-Benz","C-240","2002","Gasoline",34226,2.4,"Med"
"Mercedes-Benz","C-240","2001","Gasoline",33002,2.4,"Med"
"Mercedes-Benz","C-240","2000","Gasoline",28021,2.4,"Med"
"Mercedes-Benz","C-240","1999","Gasoline",27151,2.4,"Med"
"Mercedes-Benz","C-240","1998","Gasoline",24148,2.4,"Med"
"Mercedes-Benz","C-240","1997","Gasoline",21210,2.4,"Med"
"Mercedes-Benz","C-240","2003","Gasoline",40519,2.4,"Aut"
"Mercedes-Benz","C-240","2002","Gasoline",36974,2.4,"Aut"
"Mercedes-Benz","C-240","2001","Gasoline",35247,2.4,"Aut"
"Mercedes-Benz","C-250","Zero KM","Gasoline",196772,2,"Aut"
"Mercedes-Benz","C-250","2018","Gasoline",185789,2,"Aut"
"Mercedes-Benz","C-250","2017","Gasoline",180294,2,"Aut"
"Mercedes-Benz","C-250","2014","Gasoline",109865,1.8,"Aut"
"Mercedes-Benz","C-250","2013","Gasoline",99702,1.8,"Aut"
"Mercedes-Benz","C-250","2012","Gasoline",86431,1.8,"Aut"
"Mercedes-Benz","C-250","2011","Gasoline",73847,1.8,"Aut"
"Mercedes-Benz","C-250","2014","Gasoline",117745,1.8,"Aut"
"Mercedes-Benz","C-250","2013","Gasoline",111601,1.8,"Aut"
"Mercedes-Benz","C-250","Zero KM","Gasoline",220952,2,"Aut"
"Mercedes-Benz","C-250","2017","Gasoline",205071,2,"Aut"
"Mercedes-Benz","C-250","2016","Gasoline",174435,2,"Aut"
"Mercedes-Benz","C-250","2015","Gasoline",155283,2,"Aut"
"Mercedes-Benz","C-250","Zero KM","Gasoline",269281,2,"Aut"
"Mercedes-Benz","C-250","2018","Gasoline",241558,2,"Aut"
"Mercedes-Benz","C-250","2017","Gasoline",230496,2,"Aut"
"Mercedes-Benz","C-250","2016","Gasoline",203465,2,"Aut"
"Mercedes-Benz","C-280","2009","Gasoline",67031,3,"Aut"
"Mercedes-Benz","C-280","2008","Gasoline",52466,3,"Aut"
"Mercedes-Benz","C-300","2017","Gasoline",201235,2,"Aut"
"Mercedes-Benz","C-300","2011","Gasoline",95741,3,"Aut"
"Mercedes-Benz","C-300","2010","Gasoline",72223,3,"Aut"
"Mercedes-Benz","C-300","Zero KM","Gasoline",320940,2,"Aut"
"Mercedes-Benz","C-300","2018","Gasoline",271832,2,"Aut"
"Mercedes-Benz","C-300","2017","Gasoline",262545,2,"Aut"
"Mercedes-Benz","C-300","Zero KM","Gasoline",269110,2,"Aut"
"Mercedes-Benz","C-300","2018","Gasoline",232143,2,"Aut"
"Mercedes-Benz","C-300","2017","Gasoline",221782,2,"Aut"
"Mercedes-Benz","C-300","Zero KM","Gasoline",249688,2,"Aut"
"Mercedes-Benz","C-300","2018","Gasoline",221005,2,"Aut"
"Mercedes-Benz","C-300","2017","Gasoline",213215,2,"Aut"
"Mercedes-Benz","C-300","2011","Gasoline",99950,3,"Aut"
"Mercedes-Benz","C-300","2010","Gasoline",85045,3,"Aut"
"Mercedes-Benz","C-320","2005","Gasoline",56894,3.2,"Aut"
"Mercedes-Benz","C-320","2004","Gasoline",52515,3.2,"Aut"
"Mercedes-Benz","C-320","2003","Gasoline",50767,3.2,"Aut"
"Mercedes-Benz","C-320","2002","Gasoline",38518,3.2,"Aut"
"Mercedes-Benz","C-320","2001","Gasoline",36276,3.2,"Aut"
"Mercedes-Benz","C-320","2005","Gasoline",56837,3.2,"Aut"
"Mercedes-Benz","C-320","2004","Gasoline",51937,3.2,"Aut"
"Mercedes-Benz","C-320","2003","Gasoline",50050,3.2,"Aut"
"Mercedes-Benz","C-320","2002","Gasoline",37173,3.2,"Aut"
"Mercedes-Benz","C-320","2001","Gasoline",36022,3.2,"Aut"
"Mercedes-Benz","C-320","2005","Gasoline",65925,3.2,"Aut"
"Mercedes-Benz","C-320","2004","Gasoline",60784,3.2,"Aut"
"Mercedes-Benz","C-320","2003","Gasoline",55507,3.2,"Aut"
"Mercedes-Benz","C-320","2002","Gasoline",42861,3.2,"Aut"
"Mercedes-Benz","C-350","2008","Gasoline",57533,3.5,"Med"
"Mercedes-Benz","C-350","2007","Gasoline",53065,3.5,"Med"
"Mercedes-Benz","C-350","2006","Gasoline",48631,3.5,"Med"
"Mercedes-Benz","C-350","2012","Gasoline",174255,3.5,"Aut"
"Mercedes-Benz","C-350","2011","Gasoline",140250,3.5,"Med"
"Mercedes-Benz","C-350","2010","Gasoline",130274,3.5,"Med"
"Mercedes-Benz","C-350","2009","Gasoline",101843,3.5,"Med"
"Mercedes-Benz","C-350","2008","Gasoline",89590,3.5,"Med"
"Mercedes-Benz","C-350","2007","Gasoline",107176,3.5,"Med"
"Mercedes-Benz","C-350","2006","Gasoline",98357,3.5,"Med"
"Mercedes-Benz","C-350","2007","Gasoline",87042,3.5,"Med"
"Mercedes-Benz","C-350","2006","Gasoline",76224,3.5,"Med"
"Mercedes-Benz","C-43","Zero KM","Gasoline",375127,3,"Med"
"Mercedes-Benz","C-43","2018","Gasoline",350131,3,"Med"
"Mercedes-Benz","C-43","2017","Gasoline",339226,3,"Med"
"Mercedes-Benz","C-43","Zero KM","Gasoline",387116,3,"Aut"
"Mercedes-Benz","C-43","2018","Gasoline",356987,3,"Aut"
"Mercedes-Benz","C-43","2017","Gasoline",337406,3,"Aut"
"Mercedes-Benz","C-450","2016","Gasoline",260375,3,"Aut"
"Mercedes-Benz","C-63","2014","Gasoline",264462,6.2,"Aut"
"Mercedes-Benz","C-63","2013","Gasoline",229007,6.2,"Aut"
"Mercedes-Benz","C-63","2012","Gasoline",187500,6.2,"Aut"
"Mercedes-Benz","C-63","2011","Gasoline",162346,6.2,"Aut"
"Mercedes-Benz","C-63","2010","Gasoline",152561,6.2,"Aut"
"Mercedes-Benz","C-63","2009","Gasoline",135218,6.2,"Aut"
"Mercedes-Benz","C-63","2008","Gasoline",128921,6.2,"Aut"
"Mercedes-Benz","C-63","2014","Gasoline",262216,6.2,"Aut"
"Mercedes-Benz","C-63","2013","Gasoline",221500,6.2,"Aut"
"Mercedes-Benz","C-63","2012","Gasoline",209154,6.2,"Aut"
"Mercedes-Benz","C-63","2013","Gasoline",397587,6.3,"Aut"
"Mercedes-Benz","C-63","2012","Gasoline",372178,6.3,"Aut"
"Mercedes-Benz","C-63","Zero KM","Gasoline",566425,4,"Aut"
"Mercedes-Benz","C-63","2018","Gasoline",517065,4,"Aut"
"Mercedes-Benz","C-63","2017","Gasoline",493530,4,"Aut"
"Mercedes-Benz","C-63","2016","Gasoline",423940,4,"Aut"
"Mercedes-Benz","C-63","2015","Gasoline",405350,4,"Aut"
"Mercedes-Benz","C-63","Zero KM","Gasoline",579320,4,"Aut"
"Mercedes-Benz","C-63","2018","Gasoline",546338,4,"Aut"
"Mercedes-Benz","C-63","2017","Gasoline",527012,4,"Aut"
"Mercedes-Benz","C-63","2012","Gasoline",235212,6.2,"Aut"
"Mercedes-Benz","C-63","2011","Gasoline",206583,6.2,"Aut"
"Mercedes-Benz","C-63","2010","Gasoline",172061,6.2,"Aut"
"Mercedes-Benz","C-63","2009","Gasoline",143863,6.2,"Aut"
"Mercedes-Benz","C-63","2008","Gasoline",139200,6.2,"Aut"
"Mercedes-Benz","CL-500","2011","Gasoline",288738,5,"Med"
"Mercedes-Benz","CL-500","2010","Gasoline",265480,5,"Med"
"Mercedes-Benz","CL-500","2009","Gasoline",242496,5,"Med"
"Mercedes-Benz","CL-500","2008","Gasoline",233797,5,"Med"
"Mercedes-Benz","CL-500","2007","Gasoline",209320,5,"Med"
"Mercedes-Benz","CL-500","2006","Gasoline",193681,5,"Med"
"Mercedes-Benz","CL-500","2005","Gasoline",144553,5,"Med"
"Mercedes-Benz","CL-500","2004","Gasoline",138004,5,"Med"
"Mercedes-Benz","CL-500","2003","Gasoline",131781,5,"Med"
"Mercedes-Benz","CL-500","2002","Gasoline",110527,5,"Med"
"Mercedes-Benz","CL-500","2001","Gasoline",83182,5,"Med"
"Mercedes-Benz","CL-500","2000","Gasoline",80512,5,"Med"
"Mercedes-Benz","CL-500","1999","Gasoline",64563,5,"Med"
"Mercedes-Benz","CL-500","1998","Gasoline",62308,5,"Med"
"Mercedes-Benz","CL-500","1997","Gasoline",60284,5,"Med"
"Mercedes-Benz","CL-600","2011","Gasoline",392529,6,"Med"
"Mercedes-Benz","CL-600","2010","Gasoline",375875,6,"Med"
"Mercedes-Benz","CL-600","2009","Gasoline",348829,6,"Med"
"Mercedes-Benz","CL-600","2008","Gasoline",279985,6,"Med"
"Mercedes-Benz","CL-600","2007","Gasoline",271205,6,"Med"
"Mercedes-Benz","CL-600","2006","Gasoline",232154,6,"Med"
"Mercedes-Benz","CL-600","2005","Gasoline",222127,6,"Med"
"Mercedes-Benz","CL-600","2004","Gasoline",207372,6,"Med"
"Mercedes-Benz","CL-600","2003","Gasoline",169058,6,"Med"
"Mercedes-Benz","CL-600","2002","Gasoline",140884,6,"Med"
"Mercedes-Benz","CL-600","2001","Gasoline",129958,6,"Med"
"Mercedes-Benz","CL-600","1999","Gasoline",88356,6,"Med"
"Mercedes-Benz","CL-600","1998","Gasoline",84571,6,"Med"
"Mercedes-Benz","CL-63","2011","Gasoline",353683,6.2,"Med"
"Mercedes-Benz","CL-63","2010","Gasoline",318107,6.2,"Med"
"Mercedes-Benz","CL-63","2009","Gasoline",211177,6.2,"Med"
"Mercedes-Benz","CL-63","2008","Gasoline",191760,6.2,"Med"
"Mercedes-Benz","CL-65","2011","Gasoline",486704,6,"Aut"
"Mercedes-Benz","CL-65","2010","Gasoline",378835,6,"Aut"
"Mercedes-Benz","CL-65","2009","Gasoline",351188,6,"Aut"
"Mercedes-Benz","CLA-180","Zero KM","Gasoline",137283,1.6,"Aut"
"Mercedes-Benz","CLA-180","2018","Gasoline",121828,1.6,"Aut"
"Mercedes-Benz","CLA-200","Zero KM","Gasoline",177980,1.6,"Aut"
"Mercedes-Benz","CLA-200","2018","Gasoline",157484,1.6,"Aut"
"Mercedes-Benz","CLA-200","2017","Gasoline",150097,1.6,"Aut"
"Mercedes-Benz","CLA-200","2015","Gasoline",121672,1.6,"Aut"
"Mercedes-Benz","CLA-200","2014","Gasoline",112755,1.6,"Aut"
"Mercedes-Benz","CLA-200","2017","Gasoline",140814,1.6,"Aut"
"Mercedes-Benz","CLA-200","2016","Gasoline",127195,1.6,"Aut"
"Mercedes-Benz","CLA-200","2015","Gasoline",117055,1.6,"Aut"
"Mercedes-Benz","CLA-200","2014","Gasoline",110512,1.6,"Aut"
"Mercedes-Benz","CLA-250","Zero KM","Gasoline",230160,2,"Aut"
"Mercedes-Benz","CLA-250","2018","Gasoline",200963,2,"Aut"
"Mercedes-Benz","CLA-250","2017","Gasoline",193781,2,"Aut"
"Mercedes-Benz","CLA-250","2016","Gasoline",182979,2,"Aut"
"Mercedes-Benz","CLA-250","2015","Gasoline",154618,2,"Aut"
"Mercedes-Benz","CLA-250","2014","Gasoline",149373,2,"Aut"
"Mercedes-Benz","CLA-45","Zero KM","Gasoline",346120,2,"Aut"
"Mercedes-Benz","CLA-45","2018","Gasoline",303696,2,"Aut"
"Mercedes-Benz","CLA-45","2017","Gasoline",293465,2,"Aut"
"Mercedes-Benz","CLA-45","2016","Gasoline",268145,2,"Aut"
"Mercedes-Benz","CLA-45","2015","Gasoline",229573,2,"Aut"
"Mercedes-Benz","CLA-45","2014","Gasoline",218870,2,"Aut"
"Mercedes-Benz","Classe","Zero KM","Gasoline",148210,1.6,"Aut"
"Mercedes-Benz","Classe","2018","Gasoline",125894,1.6,"Aut"
"Mercedes-Benz","Classe","2017","Gasoline",120691,1.6,"Aut"
"Mercedes-Benz","Classe","2016","Gasoline",108821,1.6,"Aut"
"Mercedes-Benz","Classe","2015","Gasoline",87796,1.6,"Aut"
"Mercedes-Benz","Classe","2010","Gasoline",44177,2,"Aut"
"Mercedes-Benz","Classe","2009","Gasoline",38541,2,"Aut"
"Mercedes-Benz","Classe","2008","Gasoline",34067,2,"Aut"
"Mercedes-Benz","Classe","2007","Gasoline",32344,2,"Aut"
"Mercedes-Benz","Classe","2006","Gasoline",29498,2,"Aut"
"Mercedes-Benz","Classe","Zero KM","Gasoline",210900,2,"Aut"
"Mercedes-Benz","Classe","2018","Gasoline",177370,2,"Aut"
"Mercedes-Benz","Classe","2017","Gasoline",169885,2,"Aut"
"Mercedes-Benz","Classe","2016","Gasoline",153415,2,"Aut"
"Mercedes-Benz","Classe","2015","Gasoline",124207,2,"Aut"
"Mercedes-Benz","Classe","2014","Gasoline",120107,2,"Aut"
"Mercedes-Benz","Classe","Zero KM","Gasoline",316200,2,"Aut"
"Mercedes-Benz","Classe","2018","Gasoline",275598,2,"Aut"
"Mercedes-Benz","Classe","2017","Gasoline",267445,2,"Aut"
"Mercedes-Benz","Classe","2016","Gasoline",243966,2,"Aut"
"Mercedes-Benz","Classe","2015","Gasoline",204391,2,"Aut"
"Mercedes-Benz","Classe","2014","Gasoline",184135,2,"Aut"
"Mercedes-Benz","Classe","2013","Gasoline",173330,2,"Aut"
"Mercedes-Benz","Classe","2009","Gasoline",33371,1.7,"Aut"
"Mercedes-Benz","Classe","2011","Gasoline",40642,1.7,"Aut"
"Mercedes-Benz","Classe","2010","Gasoline",37775,1.7,"Aut"
"Mercedes-Benz","Classe","2010","Gasoline",44888,2,"Aut"
"Mercedes-Benz","Classe","2009","Gasoline",38600,2,"Aut"
"Mercedes-Benz","Classe","2008","Gasoline",35450,2,"Aut"
"Mercedes-Benz","Classe","2007","Gasoline",32444,2,"Aut"
"Mercedes-Benz","Classe","2006","Gasoline",30179,2,"Aut"
"Mercedes-Benz","Classe","2011","Gasoline",56937,2,"Aut"
"Mercedes-Benz","Classe","2010","Gasoline",47605,2,"Aut"
"Mercedes-Benz","Classe","2009","Gasoline",39908,2,"Aut"
"Mercedes-Benz","Classe","2008","Gasoline",37599,2,"Aut"
"Mercedes-Benz","Classe","2007","Gasoline",36478,2,"Aut"
"Mercedes-Benz","Classe","2015","Gasoline",85830,1.6,"Med"
"Mercedes-Benz","Classe","2014","Gasoline",76806,1.6,"Med"
"Mercedes-Benz","Classe","2013","Gasoline",69921,1.6,"Med"
"Mercedes-Benz","Classe","2012","Gasoline",67773,1.6,"Med"
"Mercedes-Benz","Classe","Zero KM","Gasoline",155116,1.6,"Aut"
"Mercedes-Benz","Classe","2018","Gasoline",136310,1.6,"Aut"
"Mercedes-Benz","Classe","2017","Gasoline",123258,1.6,"Aut"
"Mercedes-Benz","Classe","2016","Gasoline",98814,1.6,"Aut"
"Mercedes-Benz","Classe","2015","Gasoline",84567,1.6,"Aut"
"Mercedes-Benz","Classe","2014","Gasoline",76131,1.6,"Aut"
"Mercedes-Benz","Classe","2013","Gasoline",67348,1.6,"Aut"
"Mercedes-Benz","Classe","2012","Gasoline",64734,1.6,"Aut"
"Mercedes-Benz","Classe","2008","Gasoline",146396,5,"Aut"
"Mercedes-Benz","Classe","2007","Gasoline",119305,5,"Aut"
"Mercedes-Benz","Classe","2006","Gasoline",103769,5,"Aut"
"Mercedes-Benz","Classe","2011","Gasoline",226385,5.5,"Aut"
"Mercedes-Benz","Classe","2010","Gasoline",204126,5.5,"Aut"
"Mercedes-Benz","CLC","2011","Gasoline",53874,1.8,"Aut"
"Mercedes-Benz","CLC","2010","Gasoline",51776,1.8,"Aut"
"Mercedes-Benz","CLC","2009","Gasoline",46554,1.8,"Aut"
"Mercedes-Benz","CLK-350","2009","Gasoline",106560,3.5,"Med"
"Mercedes-Benz","CLK-350","2008","Gasoline",103382,3.5,"Med"
"Mercedes-Benz","CLK-350","2007","Gasoline",88601,3.5,"Med"
"Mercedes-Benz","CLK-350","2006","Gasoline",69386,3.5,"Med"
"Mercedes-Benz","CLK-350","2009","Gasoline",113590,3.5,"Med"
"Mercedes-Benz","CLK-350","2008","Gasoline",107546,3.5,"Med"
"Mercedes-Benz","CLK-350","2007","Gasoline",103458,3.5,"Med"
"Mercedes-Benz","CLK-350","2006","Gasoline",98660,3.5,"Med"
"Mercedes-Benz","CLK-430","2001","Gasoline",89117,4.3,"Med"
"Mercedes-Benz","CLK-430","2000","Gasoline",77883,4.3,"Med"
"Mercedes-Benz","CLK-430","1999","Gasoline",72528,4.3,"Med"
"Mercedes-Benz","CLK-430","2001","Gasoline",71228,4.3,"Med"
"Mercedes-Benz","CLK-430","2000","Gasoline",55021,4.3,"Med"
"Mercedes-Benz","CLK-430","1999","Gasoline",49854,4.3,"Med"
"Mercedes-Benz","CLK-430","1998","Gasoline",47346,4.3,"Med"
"Mercedes-Benz","CLK-430","2001","Gasoline",79489,4.3,"Med"
"Mercedes-Benz","CLK-430","2000","Gasoline",59514,4.3,"Med"
"Mercedes-Benz","CLK-430","1999","Gasoline",51598,4.3,"Med"
"Mercedes-Benz","CLK-430","1998","Gasoline",49905,4.3,"Med"
"Mercedes-Benz","CLK-500","2008","Gasoline",155563,5,"Med"
"Mercedes-Benz","CLK-500","2007","Gasoline",138276,5,"Med"
"Mercedes-Benz","CLK-500","2006","Gasoline",131714,5,"Med"
"Mercedes-Benz","CLK-500","2005","Gasoline",118477,5,"Med"
"Mercedes-Benz","CLK-500","2004","Gasoline",91455,5,"Med"
"Mercedes-Benz","CLK-500","2003","Gasoline",83584,5,"Med"
"Mercedes-Benz","CLS-350","2014","Gasoline",172763,3.5,"Aut"
"Mercedes-Benz","CLS-350","2013","Gasoline",158644,3.5,"Aut"
"Mercedes-Benz","CLS-350","2012","Gasoline",144641,3.5,"Aut"
"Mercedes-Benz","CLS-400","Zero KM","Gasoline",395200,3.5,"Aut"
"Mercedes-Benz","CLS-400","2017","Gasoline",336688,3.5,"Aut"
"Mercedes-Benz","CLS-400","2016","Gasoline",259046,3.5,"Aut"
"Mercedes-Benz","CLS-400","2015","Gasoline",240146,3.5,"Aut"
"Mercedes-Benz","CLS-55","2006","Gasoline",158905,5.5,"Med"
"Mercedes-Benz","CLS-55","2005","Gasoline",150353,5.5,"Med"
"Mercedes-Benz","CLS-63","2016","Gasoline",529072,5.5,"Aut"
"Mercedes-Benz","CLS-63","2015","Gasoline",464058,5.5,"Aut"
"Mercedes-Benz","CLS-63","2014","Gasoline",383108,5.5,"Aut"
"Mercedes-Benz","CLS-63","2013","Gasoline",295795,5.5,"Aut"
"Mercedes-Benz","CLS-63","2012","Gasoline",246249,5.5,"Aut"
"Mercedes-Benz","CLS-63","2010","Gasoline",182055,6.2,"Med"
"Mercedes-Benz","CLS-63","2009","Gasoline",167703,6.2,"Med"
"Mercedes-Benz","CLS-63","2008","Gasoline",145919,6.2,"Med"
"Mercedes-Benz","CLS-63","2007","Gasoline",123654,6.2,"Med"
"Mercedes-Benz","E-200","1995","Gasoline",21247,2,"Med"
"Mercedes-Benz","E-200","1994","Gasoline",19207,2,"Med"
"Mercedes-Benz","E-200","1993","Gasoline",18598,2,"Med"
"Mercedes-Benz","E-220","1995","Gasoline",26215,2.2,"Med"
"Mercedes-Benz","E-220","1994","Gasoline",20710,2.2,"Med"
"Mercedes-Benz","E-220","1993","Gasoline",20055,2.2,"Med"
"Mercedes-Benz","E-250","2016","Gasoline",233020,2,"Aut"
"Mercedes-Benz","E-250","2015","Gasoline",223500,2,"Aut"
"Mercedes-Benz","E-250","2014","Gasoline",199900,2,"Aut"
"Mercedes-Benz","E-250","2013","Gasoline",110215,1.8,"Aut"
"Mercedes-Benz","E-250","2012","Gasoline",106360,1.8,"Aut"
"Mercedes-Benz","E-250","2011","Gasoline",96166,1.8,"Aut"
"Mercedes-Benz","E-250","Zero KM","Gasoline",320904,2,"Aut"
"Mercedes-Benz","E-250","2018","Gasoline",280041,2,"Aut"
"Mercedes-Benz","E-250","2017","Gasoline",270899,2,"Aut"
"Mercedes-Benz","E-250","2016","Gasoline",189456,2,"Aut"
"Mercedes-Benz","E-250","2015","Gasoline",168406,2,"Aut"
"Mercedes-Benz","E-250","2014","Gasoline",136657,2,"Aut"
"Mercedes-Benz","E-250","2013","Gasoline",119370,1.8,"Aut"
"Mercedes-Benz","E-250","2012","Gasoline",114015,1.8,"Aut"
"Mercedes-Benz","E-250","2011","Gasoline",109970,1.8,"Aut"
"Mercedes-Benz","E-250","2015","Gasoline",280129,2,"Aut"
"Mercedes-Benz","E-250","2014","Gasoline",256998,2,"Aut"
"Mercedes-Benz","E-250","2016","Gasoline",203452,2,"Aut"
"Mercedes-Benz","E-250","2015","Gasoline",190689,2,"Aut"
"Mercedes-Benz","E-250","2014","Gasoline",153301,2,"Aut"
"Mercedes-Benz","E-250","2017","Gasoline",283866,2,"Aut"
"Mercedes-Benz","E-250","Zero KM","Gasoline",341085,2,"Aut"
"Mercedes-Benz","E-250","2018","Gasoline",293281,2,"Aut"
"Mercedes-Benz","E-250","2017","Gasoline",284402,2,"Aut"
"Mercedes-Benz","E-280","1995","Gasoline",20790,2.8,"Med"
"Mercedes-Benz","E-280","1994","Gasoline",18722,2.8,"Med"
"Mercedes-Benz","E-280","1993","Gasoline",17984,2.8,"Med"
"Mercedes-Benz","E-280","1995","Gasoline",23608,2.8,"Med"
"Mercedes-Benz","E-280","1994","Gasoline",20565,2.8,"Med"
"Mercedes-Benz","E-280","1993","Gasoline",19503,2.8,"Med"
"Mercedes-Benz","E-300","Zero KM","Gasoline",390133,2,"Aut"
"Mercedes-Benz","E-300","2018","Gasoline",343693,2,"Aut"
"Mercedes-Benz","E-300","2017","Gasoline",329900,2,"Aut"
"Mercedes-Benz","E-320","2005","Gasoline",57685,3.2,"Med"
"Mercedes-Benz","E-320","2004","Gasoline",51319,3.2,"Med"
"Mercedes-Benz","E-320","2003","Gasoline",48702,3.2,"Med"
"Mercedes-Benz","E-320","2002","Gasoline",43930,3.2,"Med"
"Mercedes-Benz","E-320","2001","Gasoline",38264,3.2,"Med"
"Mercedes-Benz","E-320","2000","Gasoline",36522,3.2,"Med"
"Mercedes-Benz","E-320","1999","Gasoline",35312,3.2,"Med"
"Mercedes-Benz","E-320","1998","Gasoline",33540,3.2,"Med"
"Mercedes-Benz","E-320","1997","Gasoline",31746,3.2,"Med"
"Mercedes-Benz","E-320","1996","Gasoline",29022,3.2,"Med"
"Mercedes-Benz","E-320","1995","Gasoline",25474,3.2,"Med"
"Mercedes-Benz","E-320","1994","Gasoline",24229,3.2,"Med"
"Mercedes-Benz","E-320","1993","Gasoline",23512,3.2,"Med"
"Mercedes-Benz","E-320","1996","Gasoline",27050,3.2,"Med"
"Mercedes-Benz","E-320","1995","Gasoline",20025,3.2,"Med"
"Mercedes-Benz","E-320","1994","Gasoline",17799,3.2,"Med"
"Mercedes-Benz","E-320","1993","Gasoline",17202,3.2,"Med"
"Mercedes-Benz","E-350","2007","Gasoline",78640,3.5,"Med"
"Mercedes-Benz","E-350","2006","Gasoline",75922,3.5,"Med"
"Mercedes-Benz","E-350","2012","Gasoline",141503,3.5,"Med"
"Mercedes-Benz","E-350","2011","Gasoline",127854,3.5,"Med"
"Mercedes-Benz","E-350","2010","Gasoline",110455,3.5,"Med"
"Mercedes-Benz","E-350","2007","Gasoline",75139,3.5,"Med"
"Mercedes-Benz","E-350","2006","Gasoline",72910,3.5,"Med"
"Mercedes-Benz","E-350","2005","Gasoline",63291,3.5,"Med"
"Mercedes-Benz","E-350","2012","Gasoline",206055,3.5,"Med"
"Mercedes-Benz","E-350","2011","Gasoline",173811,3.5,"Med"
"Mercedes-Benz","E-350","2010","Gasoline",168277,3.5,"Med"
"Mercedes-Benz","E-350","2014","Gasoline",217919,3.5,"Aut"
"Mercedes-Benz","E-350","2013","Gasoline",202503,3.5,"Aut"
"Mercedes-Benz","E-350","2012","Gasoline",185595,3.5,"Aut"
"Mercedes-Benz","E-350","2015","Gasoline",276999,3.5,"Aut"
"Mercedes-Benz","E-350","2014","Gasoline",241132,3.5,"Aut"
"Mercedes-Benz","E-350","2013","Gasoline",219603,3.5,"Aut"
"Mercedes-Benz","E-350","2012","Gasoline",171903,3.5,"Aut"
"Mercedes-Benz","E-350","2012","Gasoline",278468,3.5,"Aut"
"Mercedes-Benz","E-350","2012","Gasoline",167013,3.5,"Med"
"Mercedes-Benz","E-350","2011","Gasoline",135058,3.5,"Med"
"Mercedes-Benz","E-350","2010","Gasoline",111838,3.5,"Med"
"Mercedes-Benz","E-350","2010","Gasoline",129387,3.5,"Med"
"Mercedes-Benz","E-350","2009","Gasoline",123982,3.5,"Med"
"Mercedes-Benz","E-350","2008","Gasoline",102847,3.5,"Med"
"Mercedes-Benz","E-400","2016","Gasoline",263258,3.5,"Aut"
"Mercedes-Benz","E-400","2015","Gasoline",232575,3.5,"Aut"
"Mercedes-Benz","E-400","2016","Gasoline",289119,3.5,"Aut"
"Mercedes-Benz","E-400","2015","Gasoline",279771,3.5,"Aut"
"Mercedes-Benz","E-43","Zero KM","Gasoline",514916,3,"Aut"
"Mercedes-Benz","E-43","2018","Gasoline",437489,3,"Aut"
"Mercedes-Benz","E-43","2017","Gasoline",423655,3,"Aut"
"Mercedes-Benz","E-500","2011","Gasoline",283844,5.5,"Med"
"Mercedes-Benz","E-500","2010","Gasoline",206607,5.5,"Med"
"Mercedes-Benz","E-500","2009","Gasoline",186144,5.5,"Med"
"Mercedes-Benz","E-500","2012","Gasoline",289140,5,"Aut"
"Mercedes-Benz","E-500","2011","Gasoline",274073,5,"Aut"
"Mercedes-Benz","E-500","2010","Gasoline",194114,5,"Aut"
"Mercedes-Benz","E-500","2009","Gasoline",179561,5,"Aut"
"Mercedes-Benz","E-500","2004","Gasoline",90647,5,"Aut"
"Mercedes-Benz","E-500","2013","Gasoline",316839,4.7,"Med"
"Mercedes-Benz","E-500","2012","Gasoline",295288,4.7,"Med"
"Mercedes-Benz","E-500","2012","Gasoline",298855,5.5,"Med"
"Mercedes-Benz","E-500","2011","Gasoline",262952,5.5,"Med"
"Mercedes-Benz","E-500","2012","Gasoline",235104,4.7,"Med"
"Mercedes-Benz","E-500","2011","Gasoline",236708,5.5,"Med"
"Mercedes-Benz","E-500","2010","Gasoline",202721,5.5,"Med"
"Mercedes-Benz","E-500","2007","Gasoline",95884,5,"Med"
"Mercedes-Benz","E-500","2006","Gasoline",92871,5,"Med"
"Mercedes-Benz","E-500","2005","Gasoline",74037,5,"Med"
"Mercedes-Benz","E-500","2004","Gasoline",66711,5,"Med"
"Mercedes-Benz","E-500","2003","Gasoline",51652,5,"Med"
"Mercedes-Benz","E-500","2010","Gasoline",204344,5,"Med"
"Mercedes-Benz","E-500","2009","Gasoline",185278,5,"Med"
"Mercedes-Benz","E-500","2008","Gasoline",149454,5,"Med"
"Mercedes-Benz","E-63","2016","Gasoline",547497,5.5,"Aut"
"Mercedes-Benz","E-63","2015","Gasoline",515306,5.5,"Aut"
"Mercedes-Benz","E-63","2014","Gasoline",341011,5.5,"Aut"
"Mercedes-Benz","E-63","2012","Gasoline",307818,5.5,"Aut"
"Mercedes-Benz","E-63","2012","Gasoline",319965,6.2,"Med"
"Mercedes-Benz","E-63","2011","Gasoline",226107,6.2,"Med"
"Mercedes-Benz","E-63","2010","Gasoline",187381,6.2,"Med"
"Mercedes-Benz","E-63","2009","Gasoline",167450,6.2,"Med"
"Mercedes-Benz","E-63","2008","Gasoline",159845,6.2,"Med"
"Mercedes-Benz","E-63","2007","Gasoline",112942,6.2,"Med"
"Mercedes-Benz","E-63","Zero KM","Gasoline",737600,4,"Med"
"Mercedes-Benz","E-63","2018","Gasoline",627601,4,"Med"
"Mercedes-Benz","E-63","2017","Gasoline",604420,4,"Med"
"Mercedes-Benz","E-63","2012","Gasoline",331268,5.5,"Aut"
"Mercedes-Benz","E-63","2012","Gasoline",392380,6.2,"Aut"
"Mercedes-Benz","E-63","2011","Gasoline",324369,6.2,"Aut"
"Mercedes-Benz","E-63","2010","Gasoline",238627,6.2,"Aut"
"Mercedes-Benz","G-55","2012","Gasoline",402179,5.5,"Aut"
"Mercedes-Benz","G-55","2011","Gasoline",390120,5.5,"Aut"
"Mercedes-Benz","G-55","2010","Gasoline",342438,5.5,"Aut"
"Mercedes-Benz","G-55","2009","Gasoline",260347,5.5,"Aut"
"Mercedes-Benz","G-63","Zero KM","Gasoline",1015100,5.5,"Aut"
"Mercedes-Benz","G-63","2017","Gasoline",805120,5.5,"Aut"
"Mercedes-Benz","G-63","2016","Gasoline",717369,5.5,"Aut"
"Mercedes-Benz","G-63","2015","Gasoline",649688,5.5,"Aut"
"Mercedes-Benz","G-63","2014","Gasoline",629891,5.5,"Aut"
"Mercedes-Benz","G-63","2013","Gasoline",550885,5.5,"Aut"
"Mercedes-Benz","GL-350","2016","Diesel",292845,3,"Med"
"Mercedes-Benz","GL-350","2015","Diesel",283456,3,"Med"
"Mercedes-Benz","GL-350","2014","Diesel",245000,3,"Med"
"Mercedes-Benz","GL-500","2013","Gasoline",365885,5.5,"Aut"
"Mercedes-Benz","GL-500","2012","Gasoline",234125,5.5,"Aut"
"Mercedes-Benz","GL-500","2011","Gasoline",199872,5.5,"Aut"
"Mercedes-Benz","GL-500","2010","Gasoline",155271,5.5,"Aut"
"Mercedes-Benz","GL-500","2009","Gasoline",138845,5.5,"Aut"
"Mercedes-Benz","GL-500","2008","Gasoline",111902,5.5,"Aut"
"Mercedes-Benz","GL-500","2007","Gasoline",103021,5.5,"Aut"
"Mercedes-Benz","GL-63","2016","Gasoline",562070,5.5,"Aut"
"Mercedes-Benz","GL-63","2015","Gasoline",533663,5.5,"Aut"
"Mercedes-Benz","GL-63","2014","Gasoline",437617,5.5,"Aut"
"Mercedes-Benz","GL-63","2013","Gasoline",346379,5.5,"Aut"
"Mercedes-Benz","GLA","Zero KM","Gasoline",196197,1.6,"Aut"
"Mercedes-Benz","GLA","2018","Gasoline",181894,1.6,"Aut"
"Mercedes-Benz","GLA","2017","Gasoline",166668,1.6,"Aut"
"Mercedes-Benz","GLA","2016","Gasoline",147675,1.6,"Aut"
"Mercedes-Benz","GLA","Zero KM","Gasoline",155605,1.6,"Aut"
"Mercedes-Benz","GLA","2018","Gasoline",137395,1.6,"Aut"
"Mercedes-Benz","GLA","2017","Gasoline",131940,1.6,"Aut"
"Mercedes-Benz","GLA","2016","Gasoline",120247,1.6,"Aut"
"Mercedes-Benz","GLA","2015","Gasoline",111791,1.6,"Aut"
"Mercedes-Benz","GLA","2015","Gasoline",119860,1.6,"Aut"
"Mercedes-Benz","GLA","2017","Gasoline",184672,2,"Aut"
"Mercedes-Benz","GLA","2016","Gasoline",158158,2,"Aut"
"Mercedes-Benz","GLA","Zero KM","Gasoline",229250,2,"Aut"
"Mercedes-Benz","GLA","2018","Gasoline",198763,2,"Aut"
"Mercedes-Benz","GLA","2017","Gasoline",192664,2,"Aut"
"Mercedes-Benz","GLA","2016","Gasoline",176469,2,"Aut"
"Mercedes-Benz","GLA","2015","Gasoline",151244,2,"Aut"
"Mercedes-Benz","GLA","2015","Gasoline",132116,2,"Aut"
"Mercedes-Benz","GLA","Zero KM","Gasoline",362250,2,"Aut"
"Mercedes-Benz","GLA","2018","Gasoline",332255,2,"Aut"
"Mercedes-Benz","GLA","2017","Gasoline",321677,2,"Aut"
"Mercedes-Benz","GLA","2016","Gasoline",267731,2,"Aut"
"Mercedes-Benz","GLA","2015","Gasoline",217274,2,"Aut"
"Mercedes-Benz","GLC","2017","Gasoline",226924,2,"Aut"
"Mercedes-Benz","GLC","2016","Gasoline",205336,2,"Aut"
"Mercedes-Benz","GLC","Zero KM","Gasoline",320155,2,"Aut"
"Mercedes-Benz","GLC","2018","Gasoline",287659,2,"Aut"
"Mercedes-Benz","GLC","2017","Gasoline",279030,2,"Aut"
"Mercedes-Benz","GLC","Zero KM","Gasoline",302650,2,"Aut"
"Mercedes-Benz","GLC","2017","Gasoline",259141,2,"Aut"
"Mercedes-Benz","GLC","Zero KM","Gasoline",266987,2,"Aut"
"Mercedes-Benz","GLC","2018","Gasoline",242712,2,"Aut"
"Mercedes-Benz","GLC","2017","Gasoline",235259,2,"Aut"
"Mercedes-Benz","GLC","Zero KM","Gasoline",299535,2,"Aut"
"Mercedes-Benz","GLC","2018","Gasoline",275250,2,"Aut"
"Mercedes-Benz","GLC","2017","Gasoline",266145,2,"Aut"
"Mercedes-Benz","GLC","2016","Gasoline",229268,2,"Aut"
"Mercedes-Benz","GLC-43","Zero KM","Gasoline",390033,3,"Aut"
"Mercedes-Benz","GLC-43","2018","Gasoline",359288,3,"Aut"
"Mercedes-Benz","GLC-43","2017","Gasoline",348601,3,"Aut"
"Mercedes-Benz","GLC-43","Zero KM","Gasoline",426340,3,"Aut"
"Mercedes-Benz","GLC-43","2018","Gasoline",374161,3,"Aut"
"Mercedes-Benz","GLC-43","2017","Gasoline",360812,3,"Aut"
"Mercedes-Benz","GLE-350","2016","Diesel",274542,3,"Med"
"Mercedes-Benz","GLE-350","2016","Diesel",343602,3,"Med"
"Mercedes-Benz","GLE-350","Zero KM","Diesel",375112,3,"Med"
"Mercedes-Benz","GLE-350","2018","Diesel",343599,3,"Med"
"Mercedes-Benz","GLE-350","2017","Diesel",332701,3,"Med"
"Mercedes-Benz","GT","2016","Gasoline",625982,4,"Med"
"Mercedes-Benz","GT","Zero KM","Gasoline",1097233,4,"Med"
"Mercedes-Benz","GT","2018","Gasoline",941395,4,"Med"
"Mercedes-Benz","GT","Zero KM","Gasoline",1227266,4,"Med"
"Mercedes-Benz","GT","2018","Gasoline",987643,4,"Med"
"Mercedes-Benz","GT","2016","Gasoline",685439,4,"Med"
"Mercedes-Benz","GT","2015","Gasoline",613540,4,"Med"
"Mercedes-Benz","ML-320","2009","Diesel",97684,3,"Med"
"Mercedes-Benz","ML-320","2008","Diesel",92693,3,"Med"
"Mercedes-Benz","ML-320","2007","Diesel",89933,3,"Med"
"Mercedes-Benz","ML-350","2015","Diesel",219499,3,"Med"
"Mercedes-Benz","ML-350","2014","Diesel",202288,3,"Med"
"Mercedes-Benz","ML-350","2013","Diesel",193202,3,"Med"
"Mercedes-Benz","ML-350","2011","Diesel",118685,3,"Med"
"Mercedes-Benz","ML-350","2010","Diesel",104639,3,"Med"
"Mercedes-Benz","ML-350","2010","Gasoline",102007,3.5,"Med"
"Mercedes-Benz","ML-350","2009","Gasoline",92001,3.5,"Med"
"Mercedes-Benz","ML-350","2008","Gasoline",75778,3.5,"Med"
"Mercedes-Benz","ML-350","2007","Gasoline",68785,3.5,"Med"
"Mercedes-Benz","ML-350","2006","Gasoline",64514,3.5,"Med"
"Mercedes-Benz","ML-350","2005","Gasoline",60974,3.5,"Med"
"Mercedes-Benz","ML-350","2004","Gasoline",56995,3.5,"Med"
"Mercedes-Benz","ML-350","2015","Diesel",233328,3,"Med"
"Mercedes-Benz","ML-350","2014","Diesel",212560,3,"Med"
"Mercedes-Benz","ML-350","2013","Gasoline",167230,3.5,"Aut"
"Mercedes-Benz","ML-350","2012","Gasoline",141706,3.5,"Aut"
"Mercedes-Benz","ML-55","2005","Gasoline",119066,5.5,"Med"
"Mercedes-Benz","ML-55","2004","Gasoline",112690,5.5,"Med"
"Mercedes-Benz","ML-55","2003","Gasoline",97797,5.5,"Med"
"Mercedes-Benz","ML-55","2002","Gasoline",84666,5.5,"Med"
"Mercedes-Benz","ML-55","2001","Gasoline",63436,5.5,"Med"
"Mercedes-Benz","ML-55","2000","Gasoline",51910,5.5,"Med"
"Mercedes-Benz","ML-63","2015","Gasoline",386566,5.5,"Aut"
"Mercedes-Benz","ML-63","2014","Gasoline",338889,5.5,"Aut"
"Mercedes-Benz","ML-63","2013","Gasoline",302917,5.5,"Aut"
"Mercedes-Benz","ML-63","2012","Gasoline",264838,5.5,"Aut"
"Mercedes-Benz","ML-63","2011","Gasoline",189676,6.2,"Med"
"Mercedes-Benz","ML-63","2010","Gasoline",183201,6.2,"Med"
"Mercedes-Benz","ML-63","2009","Gasoline",142250,6.2,"Med"
"Mercedes-Benz","ML-63","2008","Gasoline",135565,6.2,"Med"
"Mercedes-Benz","ML-63","2007","Gasoline",129546,6.2,"Med"
"Mercedes-Benz","ML-63","2006","Gasoline",125412,6.2,"Med"
"Mercedes-Benz","S-320","2001","Gasoline",72691,3.2,"Med"
"Mercedes-Benz","S-320","2000","Gasoline",54521,3.2,"Med"
"Mercedes-Benz","S-320","1999","Gasoline",44224,3.2,"Med"
"Mercedes-Benz","S-320","1998","Gasoline",42866,3.2,"Med"
"Mercedes-Benz","S-320","1997","Gasoline",40855,3.2,"Med"
"Mercedes-Benz","S-320","1996","Gasoline",39562,3.2,"Med"
"Mercedes-Benz","S-320","1995","Gasoline",37312,3.2,"Med"
"Mercedes-Benz","S-320","1994","Gasoline",36021,3.2,"Med"
"Mercedes-Benz","S-320","1993","Gasoline",34602,3.2,"Med"
"Mercedes-Benz","S-400","2011","Gasoline",212870,3.5,"Aut"
"Mercedes-Benz","S-400","2010","Gasoline",185465,3.5,"Aut"
"Mercedes-Benz","S-420","1994","Gasoline",43214,4,"Med"
"Mercedes-Benz","S-420","1993","Gasoline",36933,4,"Med"
"Mercedes-Benz","S-500","2011","Gasoline",357595,5,"Med"
"Mercedes-Benz","S-500","2010","Gasoline",304746,5,"Med"
"Mercedes-Benz","S-500","2009","Gasoline",222096,5,"Med"
"Mercedes-Benz","S-500","2008","Gasoline",205552,5,"Med"
"Mercedes-Benz","S-500","2007","Gasoline",187534,5,"Med"
"Mercedes-Benz","S-500","2006","Gasoline",152657,5,"Med"
"Mercedes-Benz","S-500","2005","Gasoline",141128,5,"Med"
"Mercedes-Benz","S-500","2004","Gasoline",111211,5,"Med"
"Mercedes-Benz","S-500","2003","Gasoline",107222,5,"Med"
"Mercedes-Benz","S-500","2002","Gasoline",91640,5,"Med"
"Mercedes-Benz","S-500","2001","Gasoline",88496,5,"Med"
"Mercedes-Benz","S-500","2000","Gasoline",72417,5,"Med"
"Mercedes-Benz","S-500","1999","Gasoline",58029,5,"Med"
"Mercedes-Benz","S-500","1998","Gasoline",51548,5,"Med"
"Mercedes-Benz","S-500","1997","Gasoline",48974,5,"Med"
"Mercedes-Benz","S-500","1996","Gasoline",46180,5,"Med"
"Mercedes-Benz","S-500","1995","Gasoline",41288,5,"Med"
"Mercedes-Benz","S-500","1994","Gasoline",38631,5,"Med"
"Mercedes-Benz","S-500","1993","Gasoline",34710,5,"Med"
"Mercedes-Benz","S-500","1995","Gasoline",50221,5,"Med"
"Mercedes-Benz","S-500","1994","Gasoline",48541,5,"Med"
"Mercedes-Benz","S-500","1993","Gasoline",39184,5,"Med"
"Mercedes-Benz","S-500","1995","Gasoline",42353,5,"Med"
"Mercedes-Benz","S-500","1994","Gasoline",40562,5,"Med"
"Mercedes-Benz","S-500","1993","Gasoline",37556,5,"Med"
"Mercedes-Benz","S-500","Zero KM","Gasoline",1198769,4.7,"Aut"
"Mercedes-Benz","S-500","2017","Gasoline",957481,4.7,"Aut"
"Mercedes-Benz","S-500L","Zero KM","Gasoline",677679,4.7,"Aut"
"Mercedes-Benz","S-500L","2017","Gasoline",611250,4.7,"Aut"
"Mercedes-Benz","S-500L","2016","Gasoline",580057,4.7,"Aut"
"Mercedes-Benz","S-500L","2015","Gasoline",508172,4.7,"Aut"
"Mercedes-Benz","S-500L","2014","Gasoline",468565,4.7,"Aut"
"Mercedes-Benz","S-500L","2011","Gasoline",383265,5,"Med"
"Mercedes-Benz","S-500L","2010","Gasoline",313061,5,"Med"
"Mercedes-Benz","S-500L","2009","Gasoline",257440,5,"Med"
"Mercedes-Benz","S-500L","2008","Gasoline",239935,5,"Med"
"Mercedes-Benz","S-500L","2007","Gasoline",219228,5,"Med"
"Mercedes-Benz","S-500L","2006","Gasoline",174779,5,"Med"
"Mercedes-Benz","S-500L","2005","Gasoline",161935,5,"Med"
"Mercedes-Benz","S-500L","2004","Gasoline",135635,5,"Med"
"Mercedes-Benz","S-500L","2003","Gasoline",130744,5,"Med"
"Mercedes-Benz","S-500L","2002","Gasoline",115395,5,"Med"
"Mercedes-Benz","S-500L","2001","Gasoline",88517,5,"Med"
"Mercedes-Benz","S-500L","2000","Gasoline",73112,5,"Med"
"Mercedes-Benz","S-500L","1999","Gasoline",60281,5,"Med"
"Mercedes-Benz","S-500L","1998","Gasoline",58157,5,"Med"
"Mercedes-Benz","S-500L","1997","Gasoline",49378,5,"Med"
"Mercedes-Benz","S-560L","Zero KM","Gasoline",769920,4,"Aut"
"Mercedes-Benz","S-560L","2018","Gasoline",664878,4,"Aut"
"Mercedes-Benz","S-600","2012","Gasoline",440048,6,"Med"
"Mercedes-Benz","S-600","2011","Gasoline",425636,6,"Med"
"Mercedes-Benz","S-600","2010","Gasoline",358056,6,"Med"
"Mercedes-Benz","S-600","2009","Gasoline",326056,6,"Med"
"Mercedes-Benz","S-600","2008","Gasoline",280383,6,"Med"
"Mercedes-Benz","S-600","2007","Gasoline",270464,6,"Med"
"Mercedes-Benz","S-600","2006","Gasoline",259182,6,"Med"
"Mercedes-Benz","S-600","2005","Gasoline",198180,6,"Med"
"Mercedes-Benz","S-600","2004","Gasoline",187592,6,"Med"
"Mercedes-Benz","S-600","2003","Gasoline",181697,6,"Med"
"Mercedes-Benz","S-600","2002","Gasoline",174121,6,"Med"
"Mercedes-Benz","S-600","2001","Gasoline",148258,6,"Med"
"Mercedes-Benz","S-600","2000","Gasoline",125428,6,"Med"
"Mercedes-Benz","S-600","1999","Gasoline",97336,6,"Med"
"Mercedes-Benz","S-600","1998","Gasoline",86782,6,"Med"
"Mercedes-Benz","S-600","1997","Gasoline",83002,6,"Med"
"Mercedes-Benz","S-600","1995","Gasoline",56518,6,"Med"
"Mercedes-Benz","S-600","1994","Gasoline",52885,6,"Med"
"Mercedes-Benz","S-600","1993","Gasoline",47276,6,"Med"
"Mercedes-Benz","S-600","1992","Gasoline",38853,6,"Med"
"Mercedes-Benz","S-600/","2001","Gasoline",121467,6,"Med"
"Mercedes-Benz","S-600/","2000","Gasoline",116392,6,"Med"
"Mercedes-Benz","S-600/","1999","Gasoline",97377,6,"Med"
"Mercedes-Benz","S-600/","1998","Gasoline",84636,6,"Med"
"Mercedes-Benz","S-600/","1997","Gasoline",70505,6,"Med"
"Mercedes-Benz","S-600/","1996","Gasoline",64763,6,"Med"
"Mercedes-Benz","S-63","2013","Gasoline",415598,5.5,"Aut"
"Mercedes-Benz","S-63","2012","Gasoline",385352,5.5,"Aut"
"Mercedes-Benz","S-63","2011","Gasoline",308100,5.5,"Aut"
"Mercedes-Benz","S-63","2011","Gasoline",384654,6.2,"Med"
"Mercedes-Benz","S-63","2010","Gasoline",317366,6.2,"Med"
"Mercedes-Benz","S-63","2009","Gasoline",259095,6.2,"Med"
"Mercedes-Benz","S-63","2008","Gasoline",241211,6.2,"Med"
"Mercedes-Benz","S-63","2007","Gasoline",221266,6.2,"Med"
"Mercedes-Benz","S-63","Zero KM","Gasoline",1035092,5.5,"Aut"
"Mercedes-Benz","S-63","2017","Gasoline",806429,5.5,"Aut"
"Mercedes-Benz","S-63","Zero KM","Gasoline",919450,5.5,"Aut"
"Mercedes-Benz","S-63","2017","Gasoline",756780,5.5,"Aut"
"Mercedes-Benz","S-63","2016","Gasoline",700807,5.5,"Aut"
"Mercedes-Benz","S-63","2015","Gasoline",663633,5.5,"Aut"
"Mercedes-Benz","S-63","Zero KM","Gasoline",981120,6.2,"Med"
"Mercedes-Benz","S-63","2018","Gasoline",834802,6.2,"Med"
"Mercedes-Benz","S-63","2017","Gasoline",770939,6.2,"Med"
"Mercedes-Benz","S-63","2016","Gasoline",722796,6.2,"Med"
"Mercedes-Benz","S-63","2015","Gasoline",665451,6.2,"Med"
"Mercedes-Benz","S-63","2014","Gasoline",554893,6.2,"Med"
"Mercedes-Benz","S-63","2013","Gasoline",529914,6.2,"Med"
"Mercedes-Benz","S-63","2012","Gasoline",483425,6.2,"Med"
"Mercedes-Benz","S-63","2011","Gasoline",399666,6.2,"Med"
"Mercedes-Benz","S-63","2010","Gasoline",333961,6.2,"Med"
"Mercedes-Benz","S-63","2009","Gasoline",274271,6.2,"Med"
"Mercedes-Benz","S-63","2008","Gasoline",228132,6.2,"Med"
"Mercedes-Benz","S-65","2011","Gasoline",522092,6,"Med"
"Mercedes-Benz","S-65","2010","Gasoline",406747,6,"Med"
"Mercedes-Benz","S-65","2009","Gasoline",374561,6,"Med"
"Mercedes-Benz","S-65","2008","Gasoline",311071,6,"Med"
"Mercedes-Benz","S-65","2007","Gasoline",294842,6,"Med"
"Mercedes-Benz","SL-280","1995","Gasoline",48307,2.8,"Med"
"Mercedes-Benz","SL-280","1994","Gasoline",42230,2.8,"Med"
"Mercedes-Benz","SL-280","1993","Gasoline",31482,2.8,"Med"
"Mercedes-Benz","SL-320","1999","Gasoline",83742,3.2,"Med"
"Mercedes-Benz","SL-320","1998","Gasoline",81083,3.2,"Med"
"Mercedes-Benz","SL-320","1997","Gasoline",78541,3.2,"Med"
"Mercedes-Benz","SL-320","1996","Gasoline",76021,3.2,"Med"
"Mercedes-Benz","SL-320","1995","Gasoline",73201,3.2,"Med"
"Mercedes-Benz","SL-320","1994","Gasoline",70220,3.2,"Med"
"Mercedes-Benz","SL-320","1993","Gasoline",64616,3.2,"Med"
"Mercedes-Benz","SL-350","2014","Gasoline",315000,3.5,"Med"
"Mercedes-Benz","SL-350","2013","Gasoline",305201,3.5,"Med"
"Mercedes-Benz","SL-350","2007","Gasoline",154769,3.5,"Med"
"Mercedes-Benz","SL-350","2006","Gasoline",139834,3.5,"Med"
"Mercedes-Benz","SL-350","2011","Gasoline",181836,3.5,"Med"
"Mercedes-Benz","SL-350","2010","Gasoline",166012,3.5,"Med"
"Mercedes-Benz","SL-400","Zero KM","Gasoline",609985,3,"Med"
"Mercedes-Benz","SL-400","2017","Gasoline",471986,3,"Med"
"Mercedes-Benz","SL-400","2016","Gasoline",455252,3,"Med"
"Mercedes-Benz","SL-400","2015","Gasoline",392331,3,"Med"
"Mercedes-Benz","SL-500","2011","Gasoline",322311,5,"Med"
"Mercedes-Benz","SL-500","2010","Gasoline",287549,5,"Med"
"Mercedes-Benz","SL-500","2009","Gasoline",217317,5,"Med"
"Mercedes-Benz","SL-500","2008","Gasoline",203131,5,"Med"
"Mercedes-Benz","SL-500","2007","Gasoline",177007,5,"Med"
"Mercedes-Benz","SL-500","2006","Gasoline",171314,5,"Med"
"Mercedes-Benz","SL-500","2005","Gasoline",163767,5,"Med"
"Mercedes-Benz","SL-500","2004","Gasoline",158097,5,"Med"
"Mercedes-Benz","SL-500","2003","Gasoline",150009,5,"Med"
"Mercedes-Benz","SL-500","2002","Gasoline",145254,5,"Med"
"Mercedes-Benz","SL-500","2001","Gasoline",109788,5,"Med"
"Mercedes-Benz","SL-500","2000","Gasoline",106114,5,"Med"
"Mercedes-Benz","SL-500","1999","Gasoline",98637,5,"Med"
"Mercedes-Benz","SL-500","1998","Gasoline",95688,5,"Med"
"Mercedes-Benz","SL-500","1997","Gasoline",92454,5,"Med"
"Mercedes-Benz","SL-500","1996","Gasoline",83963,5,"Med"
"Mercedes-Benz","SL-500","1995","Gasoline",81010,5,"Med"
"Mercedes-Benz","SL-500","1994","Gasoline",78121,5,"Med"
"Mercedes-Benz","SL-63","Zero KM","Gasoline",868496,5.5,"Aut"
"Mercedes-Benz","SL-63","2017","Gasoline",696308,5.5,"Aut"
"Mercedes-Benz","SL-63","2016","Gasoline",635719,5.5,"Aut"
"Mercedes-Benz","SL-63","2015","Gasoline",545024,5.5,"Aut"
"Mercedes-Benz","SL-63","2014","Gasoline",431401,5.5,"Aut"
"Mercedes-Benz","SL-63","2013","Gasoline",398247,5.5,"Aut"
"Mercedes-Benz","SL-63","2011","Gasoline",292971,6.2,"Med"
"Mercedes-Benz","SL-63","2010","Gasoline",234467,6.2,"Med"
"Mercedes-Benz","SL-63","2009","Gasoline",220921,6.2,"Med"
"Mercedes-Benz","SL-65","2011","Gasoline",494410,6,"Med"
"Mercedes-Benz","SL-65","2010","Gasoline",462413,6,"Med"
"Mercedes-Benz","SL-65","2009","Gasoline",386556,6,"Med"
"Mercedes-Benz","SL-65","2008","Gasoline",339533,6,"Med"
"Mercedes-Benz","SLS-63","2014","Gasoline",936711,6.2,"Aut"
"Mercedes-Benz","SLS-63","2013","Gasoline",578313,6.2,"Aut"
"Mercedes-Benz","SLS-63","2012","Gasoline",531758,6.2,"Aut"
"Mercedes-Benz","SLS-63","2011","Gasoline",514649,6.2,"Aut"
"Mercedes-Benz","SLS-63","2013","Gasoline",668899,6.3,"Aut"
"Mercedes-Benz","SLS-63","2012","Gasoline",625581,6.3,"Aut"
"Mercedes-Benz","Sprinter","2000","Diesel",33745,2.5,"Med"
"Mercedes-Benz","Sprinter","1999","Diesel",26965,2.5,"Med"
"Mercedes-Benz","Sprinter","1998","Diesel",25673,2.5,"Med"
"Mercedes-Benz","Sprinter","1997","Diesel",24547,2.5,"Med"
"Mercedes-Benz","Sprinter","1999","Diesel",32366,2.5,"Med"
"Mercedes-Benz","Sprinter","1998","Diesel",28118,2.5,"Med"
"Mercedes-Benz","Sprinter","1997","Diesel",27121,2.5,"Med"
"Mercedes-Benz","Sprinter","2016","Diesel",88704,2.2,"Med"
"Mercedes-Benz","Sprinter","2015","Diesel",83531,2.2,"Med"
"Mercedes-Benz","Sprinter","2014","Diesel",76516,2.2,"Med"
"Mercedes-Benz","Sprinter","2013","Diesel",73900,2.2,"Med"
"Mercedes-Benz","Sprinter","2012","Diesel",67121,2.2,"Med"
"Mercedes-Benz","Sprinter","2011","Diesel",59209,2.2,"Med"
"Mercedes-Benz","Sprinter","2010","Diesel",56667,2.2,"Med"
"Mercedes-Benz","Sprinter","2009","Diesel",50195,2.2,"Med"
"Mercedes-Benz","Sprinter","2004","Diesel",35490,2.2,"Med"
"Mercedes-Benz","Sprinter","2003","Diesel",34313,2.2,"Med"
"Mercedes-Benz","Sprinter","2002","Diesel",30910,2.2,"Med"
"Mercedes-Benz","Sprinter","2001","Diesel",28339,2.2,"Med"
"Mercedes-Benz","Sprinter","2016","Diesel",90768,2.2,"Med"
"Mercedes-Benz","Sprinter","2015","Diesel",84342,2.2,"Med"
"Mercedes-Benz","Sprinter","2014","Diesel",79421,2.2,"Med"
"Mercedes-Benz","Sprinter","2013","Diesel",75589,2.2,"Med"
"Mercedes-Benz","Sprinter","2012","Diesel",67213,2.2,"Med"
"Mercedes-Benz","Sprinter","2016","Diesel",96407,2.2,"Med"
"Mercedes-Benz","Sprinter","2015","Diesel",85775,2.2,"Med"
"Mercedes-Benz","Sprinter","2014","Diesel",80166,2.2,"Med"
"Mercedes-Benz","Sprinter","2013","Diesel",74627,2.2,"Med"
"Mercedes-Benz","Sprinter","2012","Diesel",67180,2.2,"Med"
"Mercedes-Benz","Sprinter","2011","Diesel",59407,2.2,"Med"
"Mercedes-Benz","Sprinter","2010","Diesel",57340,2.2,"Med"
"Mercedes-Benz","Sprinter","2009","Diesel",50299,2.2,"Med"
"Mercedes-Benz","Sprinter","2004","Diesel",36032,2.2,"Med"
"Mercedes-Benz","Sprinter","2003","Diesel",34712,2.2,"Med"
"Mercedes-Benz","Sprinter","2002","Diesel",31177,2.2,"Med"
"Mercedes-Benz","Sprinter","2001","Diesel",28425,2.2,"Med"
"Mercedes-Benz","Sprinter","2016","Diesel",96618,2.2,"Med"
"Mercedes-Benz","Sprinter","2015","Diesel",86876,2.2,"Med"
"Mercedes-Benz","Sprinter","2014","Diesel",82051,2.2,"Med"
"Mercedes-Benz","Sprinter","2013","Diesel",78373,2.2,"Med"
"Mercedes-Benz","Sprinter","2012","Diesel",69723,2.2,"Med"
"Mercedes-Benz","Sprinter","2011","Diesel",61194,2.2,"Med"
"Mercedes-Benz","Sprinter","2010","Diesel",58716,2.2,"Med"
"Mercedes-Benz","Sprinter","2009","Diesel",53637,2.2,"Med"
"Mercedes-Benz","Sprinter","2004","Diesel",37252,2.2,"Med"
"Mercedes-Benz","Sprinter","2003","Diesel",35934,2.2,"Med"
"Mercedes-Benz","Sprinter","2002","Diesel",31890,2.2,"Med"
"Mercedes-Benz","Sprinter","2012","Diesel",77791,2.2,"Med"
"Mercedes-Benz","Sprinter","2004","Diesel",43743,2.2,"Med"
"Mercedes-Benz","Sprinter","2003","Diesel",41194,2.2,"Med"
"Mercedes-Benz","Sprinter","2002","Diesel",37376,2.2,"Med"
"Mercedes-Benz","Sprinter","2004","Diesel",44567,2.2,"Med"
"Mercedes-Benz","Sprinter","2003","Diesel",41494,2.2,"Med"
"Mercedes-Benz","Sprinter","2002","Diesel",36719,2.2,"Med"
"Mercedes-Benz","Sprinter","2004","Diesel",44617,2.2,"Med"
"Mercedes-Benz","Sprinter","2003","Diesel",41666,2.2,"Med"
"Mercedes-Benz","Sprinter","2002","Diesel",39441,2.2,"Med"
"Mercedes-Benz","Sprinter","2004","Diesel",48671,2.2,"Med"
"Mercedes-Benz","Sprinter","2003","Diesel",46013,2.2,"Med"
"Mercedes-Benz","Sprinter","2002","Diesel",42281,2.2,"Med"
"Mercedes-Benz","Sprinter","2004","Diesel",44217,2.2,"Med"
"Mercedes-Benz","Sprinter","2003","Diesel",41625,2.2,"Med"
"Mercedes-Benz","Sprinter","2002","Diesel",38191,2.2,"Med"
"Mercedes-Benz","Sprinter","2001","Diesel",36703,2.2,"Med"
"Mercedes-Benz","Sprinter","2004","Diesel",44770,2.2,"Med"
"Mercedes-Benz","Sprinter","2003","Diesel",42723,2.2,"Med"
"Mercedes-Benz","Sprinter","2002","Diesel",40534,2.2,"Med"
"Mercedes-Benz","Sprinter","2001","Diesel",37048,2.2,"Med"
"Mercedes-Benz","Sprinter","2001","Diesel",50625,2.5,"Med"
"Mercedes-Benz","Sprinter","2000","Diesel",48347,2.5,"Med"
"Mercedes-Benz","Sprinter","Zero KM","Diesel",114666,2.2,"Med"
"Mercedes-Benz","Sprinter","2018","Diesel",97098,2.2,"Med"
"Mercedes-Benz","Sprinter","2017","Diesel",93902,2.2,"Med"
"Mercedes-Benz","Sprinter","2012","Diesel",65836,2.2,"Med"
"Mercedes-Benz","Sprinter","2011","Diesel",57109,2.2,"Med"
"Mercedes-Benz","Sprinter","2010","Diesel",54541,2.2,"Med"
"Mercedes-Benz","Sprinter","2009","Diesel",50815,2.2,"Med"
"Mercedes-Benz","Sprinter","2008","Diesel",48965,2.2,"Med"
"Mercedes-Benz","Sprinter","2007","Diesel",46424,2.2,"Med"
"Mercedes-Benz","Sprinter","2006","Diesel",42830,2.2,"Med"
"Mercedes-Benz","Sprinter","2005","Diesel",40356,2.2,"Med"
"Mercedes-Benz","Sprinter","Zero KM","Diesel",113000,2.2,"Med"
"Mercedes-Benz","Sprinter","2018","Diesel",93213,2.2,"Med"
"Mercedes-Benz","Sprinter","2017","Diesel",90209,2.2,"Med"
"Mercedes-Benz","Sprinter","Zero KM","Diesel",118733,2.2,"Med"
"Mercedes-Benz","Sprinter","2018","Diesel",98598,2.2,"Med"
"Mercedes-Benz","Sprinter","2017","Diesel",94574,2.2,"Med"
"Mercedes-Benz","Sprinter","2012","Diesel",65865,2.2,"Med"
"Mercedes-Benz","Sprinter","2011","Diesel",57517,2.2,"Med"
"Mercedes-Benz","Sprinter","2010","Diesel",55058,2.2,"Med"
"Mercedes-Benz","Sprinter","2009","Diesel",51483,2.2,"Med"
"Mercedes-Benz","Sprinter","2008","Diesel",49525,2.2,"Med"
"Mercedes-Benz","Sprinter","2007","Diesel",47053,2.2,"Med"
"Mercedes-Benz","Sprinter","2006","Diesel",43004,2.2,"Med"
"Mercedes-Benz","Sprinter","2005","Diesel",40517,2.2,"Med"
"Mercedes-Benz","Sprinter","Zero KM","Diesel",121875,2.2,"Med"
"Mercedes-Benz","Sprinter","2018","Diesel",103713,2.2,"Med"
"Mercedes-Benz","Sprinter","2017","Diesel",100081,2.2,"Med"
"Mercedes-Benz","Sprinter","2012","Diesel",68403,2.2,"Med"
"Mercedes-Benz","Sprinter","2011","Diesel",60462,2.2,"Med"
"Mercedes-Benz","Sprinter","2010","Diesel",58459,2.2,"Med"
"Mercedes-Benz","Sprinter","2009","Diesel",51759,2.2,"Med"
"Mercedes-Benz","Sprinter","2008","Diesel",50115,2.2,"Med"
"Mercedes-Benz","Sprinter","2007","Diesel",47743,2.2,"Med"
"Mercedes-Benz","Sprinter","2006","Diesel",43235,2.2,"Med"
"Mercedes-Benz","Sprinter","2005","Diesel",40621,2.2,"Med"
"Mercedes-Benz","Sprinter","2012","Diesel",100094,2.2,"Med"
"Mercedes-Benz","Sprinter","2011","Diesel",81186,2.2,"Med"
"Mercedes-Benz","Sprinter","2010","Diesel",77608,2.2,"Med"
"Mercedes-Benz","Sprinter","2009","Diesel",70229,2.2,"Med"
"Mercedes-Benz","Sprinter","2008","Diesel",64822,2.2,"Med"
"Mercedes-Benz","Sprinter","2007","Diesel",60695,2.2,"Med"
"Mercedes-Benz","Sprinter","2006","Diesel",57777,2.2,"Med"
"Mercedes-Benz","Sprinter","2005","Diesel",53069,2.2,"Med"
"Mercedes-Benz","Sprinter","2004","Diesel",49460,2.2,"Med"
"Mercedes-Benz","Sprinter","2003","Diesel",46890,2.2,"Med"
"Mercedes-Benz","Sprinter","2002","Diesel",43694,2.2,"Med"
"Mercedes-Benz","Sprinter","2011","Diesel",79859,2.2,"Med"
"Mercedes-Benz","Sprinter","2010","Diesel",74679,2.2,"Med"
"Mercedes-Benz","Sprinter","2009","Diesel",67355,2.2,"Med"
"Mercedes-Benz","Sprinter","2008","Diesel",63485,2.2,"Med"
"Mercedes-Benz","Sprinter","2007","Diesel",58711,2.2,"Med"
"Mercedes-Benz","Sprinter","2006","Diesel",56055,2.2,"Med"
"Mercedes-Benz","Sprinter","2005","Diesel",51652,2.2,"Med"
"Mercedes-Benz","Sprinter","2012","Diesel",86893,2.2,"Med"
"Mercedes-Benz","Sprinter","2011","Diesel",81174,2.2,"Med"
"Mercedes-Benz","Sprinter","2010","Diesel",77114,2.2,"Med"
"Mercedes-Benz","Sprinter","2009","Diesel",67366,2.2,"Med"
"Mercedes-Benz","Sprinter","2008","Diesel",63533,2.2,"Med"
"Mercedes-Benz","Sprinter","2007","Diesel",58727,2.2,"Med"
"Mercedes-Benz","Sprinter","2006","Diesel",56216,2.2,"Med"
"Mercedes-Benz","Sprinter","2005","Diesel",51689,2.2,"Med"
"Mercedes-Benz","Sprinter","2004","Diesel",49332,2.2,"Med"
"Mercedes-Benz","Sprinter","2003","Diesel",46845,2.2,"Med"
"Mercedes-Benz","Sprinter","2002","Diesel",40116,2.2,"Med"
"Mercedes-Benz","Sprinter","2011","Diesel",74201,2.2,"Med"
"Mercedes-Benz","Sprinter","2010","Diesel",71376,2.2,"Med"
"Mercedes-Benz","Sprinter","2009","Diesel",62578,2.2,"Med"
"Mercedes-Benz","Sprinter","2008","Diesel",58668,2.2,"Med"
"Mercedes-Benz","Sprinter","2007","Diesel",56433,2.2,"Med"
"Mercedes-Benz","Sprinter","2006","Diesel",51175,2.2,"Med"
"Mercedes-Benz","Sprinter","2005","Diesel",48480,2.2,"Med"
"Mercedes-Benz","Sprinter","2006","Diesel",55202,2.2,"Med"
"Mercedes-Benz","Sprinter","2005","Diesel",51427,2.2,"Med"
"Mercedes-Benz","Sprinter","2012","Diesel",104199,2.2,"Med"
"Mercedes-Benz","Sprinter","2011","Diesel",94271,2.2,"Med"
"Mercedes-Benz","Sprinter","2010","Diesel",80948,2.2,"Med"
"Mercedes-Benz","Sprinter","2009","Diesel",74200,2.2,"Med"
"Mercedes-Benz","Sprinter","2008","Diesel",66650,2.2,"Med"
"Mercedes-Benz","Sprinter","Zero KM","Diesel",106860,2.2,"Med"
"Mercedes-Benz","Sprinter","2018","Diesel",88147,2.2,"Med"
"Mercedes-Benz","Sprinter","2017","Diesel",85253,2.2,"Med"
"Mercedes-Benz","Sprinter","2016","Diesel",81602,2.2,"Med"
"Mercedes-Benz","Sprinter","2015","Diesel",78896,2.2,"Med"
"Mercedes-Benz","Sprinter","2014","Diesel",70852,2.2,"Med"
"Mercedes-Benz","Sprinter","2013","Diesel",67156,2.2,"Med"
"Mercedes-Benz","Sprinter","2012","Diesel",60499,2.2,"Med"
"Mercedes-Benz","Sprinter","Zero KM","Diesel",116255,2.2,"Med"
"Mercedes-Benz","Sprinter","2018","Diesel",95935,2.2,"Med"
"Mercedes-Benz","Sprinter","2017","Diesel",92930,2.2,"Med"
"Mercedes-Benz","Sprinter","2016","Diesel",90164,2.2,"Med"
"Mercedes-Benz","Sprinter","2015","Diesel",83186,2.2,"Med"
"Mercedes-Benz","Sprinter","2014","Diesel",78999,2.2,"Med"
"Mercedes-Benz","Sprinter","2013","Diesel",75088,2.2,"Med"
"Mercedes-Benz","Sprinter","2012","Diesel",63779,2.2,"Med"
"Mercedes-Benz","Sprinter","Zero KM","Diesel",137946,2.2,"Med"
"Mercedes-Benz","Sprinter","2019","Diesel",119674,2.2,"Med"
"Mercedes-Benz","Sprinter","2018","Diesel",110980,2.2,"Med"
"Mercedes-Benz","Sprinter","2017","Diesel",107067,2.2,"Med"
"Mercedes-Benz","Sprinter","2016","Diesel",103230,2.2,"Med"
"Mercedes-Benz","Sprinter","2015","Diesel",99386,2.2,"Med"
"Mercedes-Benz","Sprinter","2014","Diesel",91167,2.2,"Med"
"Mercedes-Benz","Sprinter","2013","Diesel",84496,2.2,"Med"
"Mercedes-Benz","Sprinter","2012","Diesel",80487,2.2,"Med"
"Mercedes-Benz","Sprinter","Zero KM","Diesel",131612,2.2,"Med"
"Mercedes-Benz","Sprinter","2019","Diesel",115200,2.2,"Med"
"Mercedes-Benz","Sprinter","2018","Diesel",104788,2.2,"Med"
"Mercedes-Benz","Sprinter","2017","Diesel",100713,2.2,"Med"
"Mercedes-Benz","Sprinter","2016","Diesel",97451,2.2,"Med"
"Mercedes-Benz","Sprinter","2015","Diesel",93156,2.2,"Med"
"Mercedes-Benz","Sprinter","2014","Diesel",87952,2.2,"Med"
"Mercedes-Benz","Sprinter","2013","Diesel",84036,2.2,"Med"
"Mercedes-Benz","Sprinter","2012","Diesel",80225,2.2,"Med"
"Mercedes-Benz","Sprinter","Zero KM","Diesel",121050,2.2,"Med"
"Mercedes-Benz","Sprinter","2018","Diesel",101413,2.2,"Med"
"Mercedes-Benz","Sprinter","2017","Diesel",97383,2.2,"Med"
"Mercedes-Benz","Sprinter","2016","Diesel",92091,2.2,"Med"
"Mercedes-Benz","Sprinter","2015","Diesel",88745,2.2,"Med"
"Mercedes-Benz","Sprinter","2014","Diesel",79220,2.2,"Med"
"Mercedes-Benz","Sprinter","2013","Diesel",75647,2.2,"Med"
"Mercedes-Benz","Sprinter","2012","Diesel",69147,2.2,"Med"
"Mercedes-Benz","Sprinter","Zero KM","Diesel",169233,2.2,"Med"
"Mercedes-Benz","Sprinter","2019","Diesel",146814,2.2,"Med"
"Mercedes-Benz","Sprinter","2018","Diesel",141301,2.2,"Med"
"Mercedes-Benz","Sprinter","2017","Diesel",136797,2.2,"Med"
"Mercedes-Benz","Sprinter","2016","Diesel",130121,2.2,"Med"
"Mercedes-Benz","Sprinter","2015","Diesel",124911,2.2,"Med"
"Mercedes-Benz","Sprinter","2014","Diesel",120299,2.2,"Med"
"Mercedes-Benz","Sprinter","2013","Diesel",102011,2.2,"Med"
"Mercedes-Benz","Sprinter","2012","Diesel",98065,2.2,"Med"
"Mercedes-Benz","Sprinter","Zero KM","Diesel",154076,2.2,"Med"
"Mercedes-Benz","Sprinter","2018","Diesel",130263,2.2,"Med"
"Mercedes-Benz","Sprinter","2017","Diesel",126071,2.2,"Med"
"Mercedes-Benz","Sprinter","2016","Diesel",115294,2.2,"Med"
"Mercedes-Benz","Sprinter","2015","Diesel",110415,2.2,"Med"
"Mercedes-Benz","Sprinter","2014","Diesel",104639,2.2,"Med"
"Mercedes-Benz","Sprinter","2013","Diesel",97163,2.2,"Med"
"Mercedes-Benz","Sprinter","2012","Diesel",88886,2.2,"Med"
"Mercedes-Benz","Sprinter","Zero KM","Diesel",153738,2.2,"Med"
"Mercedes-Benz","Sprinter","2019","Diesel",133581,2.2,"Med"
"Mercedes-Benz","Sprinter","2018","Diesel",126859,2.2,"Med"
"Mercedes-Benz","Sprinter","2017","Diesel",122787,2.2,"Med"
"Mercedes-Benz","Sprinter","2016","Diesel",112149,2.2,"Med"
"Mercedes-Benz","Sprinter","2015","Diesel",108318,2.2,"Med"
"Mercedes-Benz","Sprinter","2014","Diesel",100954,2.2,"Med"
"Mercedes-Benz","Sprinter","2013","Diesel",95002,2.2,"Med"
"Mercedes-Benz","Sprinter","2012","Diesel",87466,2.2,"Med"
"Mercedes-Benz","Sprinter","Zero KM","Diesel",148656,2.2,"Med"
"Mercedes-Benz","Sprinter","2019","Diesel",129174,2.2,"Med"
"Mercedes-Benz","Sprinter","2018","Diesel",120560,2.2,"Med"
"Mercedes-Benz","Sprinter","2017","Diesel",116363,2.2,"Med"
"Mercedes-Benz","Sprinter","2016","Diesel",112067,2.2,"Med"
"Mercedes-Benz","Sprinter","2015","Diesel",107802,2.2,"Med"
"Mercedes-Benz","Sprinter","2014","Diesel",96494,2.2,"Med"
"Mercedes-Benz","Sprinter","2013","Diesel",89521,2.2,"Med"
"Mercedes-Benz","Sprinter","2012","Diesel",83039,2.2,"Med"
"Mercedes-Benz","Sprinter","Zero KM","Diesel",119592,2.2,"Med"
"Mercedes-Benz","Sprinter","2018","Diesel",98092,2.2,"Med"
"Mercedes-Benz","Sprinter","2017","Diesel",95137,2.2,"Med"
"Mercedes-Benz","Sprinter","2016","Diesel",91451,2.2,"Med"
"Mercedes-Benz","Sprinter","2015","Diesel",87541,2.2,"Med"
"Mercedes-Benz","Sprinter","2013","Diesel",78777,2.2,"Med"
"Mercedes-Benz","Sprinter","2012","Diesel",71659,2.2,"Med"
"Mercedes-Benz","Sprinter","Zero KM","Diesel",115745,2.2,"Med"
"Mercedes-Benz","Sprinter","2018","Diesel",94563,2.2,"Med"
"Mercedes-Benz","Sprinter","2017","Diesel",91121,2.2,"Med"
"Mercedes-Benz","Sprinter","2016","Diesel",86043,2.2,"Med"
"Mercedes-Benz","Sprinter","2015","Diesel",81385,2.2,"Med"
"Mercedes-Benz","Sprinter","2014","Diesel",77176,2.2,"Med"
"Mercedes-Benz","Sprinter","2013","Diesel",72170,2.2,"Med"
"Mercedes-Benz","Sprinter","2012","Diesel",63715,2.2,"Med"
"Mercedes-Benz","Sprinter","Zero KM","Diesel",144775,2.2,"Med"
"Mercedes-Benz","Sprinter","2018","Diesel",116904,2.2,"Med"
"Mercedes-Benz","Sprinter","2017","Diesel",112078,2.2,"Med"
"Mercedes-Benz","Sprinter","2016","Diesel",108541,2.2,"Med"
"Mercedes-Benz","Sprinter","2015","Diesel",104451,2.2,"Med"
"Mercedes-Benz","Sprinter","2014","Diesel",91819,2.2,"Med"
"Mercedes-Benz","Sprinter","2013","Diesel",85198,2.2,"Med"
"Mercedes-Benz","Sprinter","2012","Diesel",77987,2.2,"Med"
"Mercedes-Benz","Sprinter","Zero KM","Diesel",188744,2.2,"Med"
"Mercedes-Benz","Sprinter","2019","Diesel",165766,2.2,"Med"
"Mercedes-Benz","Sprinter","2018","Diesel",151715,2.2,"Med"
"Mercedes-Benz","Sprinter","2017","Diesel",146525,2.2,"Med"
"Mercedes-Benz","Sprinter","2016","Diesel",142021,2.2,"Med"
"Mercedes-Benz","Sprinter","2015","Diesel",136576,2.2,"Med"
"Mercedes-Benz","Sprinter","2014","Diesel",131973,2.2,"Med"
"Mercedes-Benz","Sprinter","2013","Diesel",119334,2.2,"Med"
"Mercedes-Benz","Sprinter","2012","Diesel",103596,2.2,"Med"
"Mercedes-Benz","VITO","Zero KM","Diesel",111245,1.6,"Med"
"Mercedes-Benz","VITO","2017","Diesel",100395,1.6,"Med"
"Mercedes-Benz","VITO","2016","Diesel",84652,1.6,"Med"
"Mercedes-Benz","VITO","Zero KM","Gasoline",136000,2,"Med"
"Mercedes-Benz","VITO","2017","Gasoline",118091,2,"Med"
"Mercedes-Benz","VITO","2016","Gasoline",98051,2,"Med"
"Mercedes-Benz","VITO","Zero KM","Gasoline",144205,2,"Med"
"Mercedes-Benz","VITO","2017","Gasoline",121738,2,"Med"
"Mercedes-Benz","VITO","2016","Gasoline",113496,2,"Med"
"Mitsubishi","3000","1994","Gasoline",57406,3,"Med"
"Mitsubishi","3000","1993","Gasoline",48215,3,"Med"
"Mitsubishi","3000","1992","Gasoline",37340,3,"Med"
"Mitsubishi","3000","1991","Gasoline",25465,3,"Med"
"Mitsubishi","Airtrek","2007","Gasoline",42708,2,"Med"
"Mitsubishi","Airtrek","2006","Gasoline",41201,2,"Med"
"Mitsubishi","Airtrek","2005","Gasoline",29913,2,"Med"
"Mitsubishi","Airtrek","2008","Gasoline",29377,2.4,"Aut"
"Mitsubishi","Airtrek","2007","Gasoline",27586,2.4,"Aut"
"Mitsubishi","Airtrek","2006","Gasoline",26297,2.4,"Aut"
"Mitsubishi","Airtrek","2005","Gasoline",23032,2.4,"Aut"
"Mitsubishi","Airtrek","2004","Gasoline",22293,2.4,"Aut"
"Mitsubishi","Airtrek","2003","Gasoline",21374,2.4,"Aut"
"Mitsubishi","ASX","2016","Gasoline",118436,2,"Aut"
"Mitsubishi","ASX","2015","Gasoline",114926,2,"Aut"
"Mitsubishi","ASX","2017","Gasoline",89647,2,"Aut"
"Mitsubishi","ASX","2016","Gasoline",82503,2,"Aut"
"Mitsubishi","ASX","2015","Gasoline",73689,2,"Aut"
"Mitsubishi","ASX","2014","Gasoline",66912,2,"Aut"
"Mitsubishi","ASX","2013","Gasoline",60877,2,"Aut"
"Mitsubishi","ASX","2012","Gasoline",53040,2,"Aut"
"Mitsubishi","ASX","2011","Gasoline",50264,2,"Aut"
"Mitsubishi","ASX","Zero KM","Gasoline",90611,2,"Med"
"Mitsubishi","ASX","2018","Gasoline",80718,2,"Med"
"Mitsubishi","ASX","2017","Gasoline",77512,2,"Med"
"Mitsubishi","ASX","2016","Gasoline",75095,2,"Med"
"Mitsubishi","ASX","2015","Gasoline",69086,2,"Med"
"Mitsubishi","ASX","2014","Gasoline",63343,2,"Med"
"Mitsubishi","ASX","2013","Gasoline",55020,2,"Med"
"Mitsubishi","ASX","2012","Gasoline",50378,2,"Med"
"Mitsubishi","ASX","2011","Gasoline",47898,2,"Med"
"Mitsubishi","ASX","2016","Gasoline",110711,2,"Aut"
"Mitsubishi","ASX","2015","Gasoline",104121,2,"Aut"
"Mitsubishi","ASX","Zero KM","Gasoline",99872,2,"Aut"
"Mitsubishi","ASX","2018","Gasoline",92700,2,"Aut"
"Mitsubishi","ASX","2017","Gasoline",89735,2,"Aut"
"Mitsubishi","ASX","2017","Gasoline",101854,2,"Aut"
"Mitsubishi","ASX","2016","Gasoline",90352,2,"Aut"
"Mitsubishi","ASX","2015","Gasoline",81445,2,"Aut"
"Mitsubishi","ASX","2014","Gasoline",73632,2,"Aut"
"Mitsubishi","ASX","2013","Gasoline",66523,2,"Aut"
"Mitsubishi","ASX","2012","Gasoline",58921,2,"Aut"
"Mitsubishi","ASX","2011","Gasoline",55224,2,"Aut"
"Mitsubishi","ASX","Zero KM","Gasoline",121072,2,"Aut"
"Mitsubishi","ASX","2018","Gasoline",106095,2,"Aut"
"Mitsubishi","ASX","2017","Gasoline",102121,2,"Aut"
"Mitsubishi","ASX","2016","Gasoline",95921,2,"Aut"
"Mitsubishi","ASX","2016","Gasoline",81195,2,"Aut"
"Mitsubishi","ASX","2016","Gasoline",80206,2,"Med"
"Mitsubishi","ASX-S","2016","Gasoline",95600,2,"Aut"
"Mitsubishi","Eclipse","1999","Gasoline",39315,2,"Med"
"Mitsubishi","Eclipse","1998","Gasoline",37561,2,"Med"
"Mitsubishi","Eclipse","1997","Gasoline",34344,2,"Med"
"Mitsubishi","Eclipse","1996","Gasoline",32005,2,"Med"
"Mitsubishi","Eclipse","1995","Gasoline",31054,2,"Med"
"Mitsubishi","Eclipse","1994","Gasoline",20201,2,"Med"
"Mitsubishi","Eclipse","1993","Gasoline",17993,2,"Med"
"Mitsubishi","Eclipse","1992","Gasoline",15776,2,"Med"
"Mitsubishi","Eclipse","1991","Gasoline",11615,2,"Med"
"Mitsubishi","Eclipse","1995","Gasoline",33948,2,"Med"
"Mitsubishi","Eclipse","1994","Gasoline",20901,2,"Med"
"Mitsubishi","Eclipse","1993","Gasoline",18968,2,"Med"
"Mitsubishi","Eclipse","1992","Gasoline",18150,2,"Med"
"Mitsubishi","Eclipse","1991","Gasoline",13939,2,"Med"
"Mitsubishi","Eclipse","2001","Gasoline",52190,3,"Med"
"Mitsubishi","Eclipse","2000","Gasoline",48871,3,"Med"
"Mitsubishi","Eclipse","2011","Gasoline",103865,3.8,"Med"
"Mitsubishi","Eclipse","2009","Gasoline",71900,3.8,"Med"
"Mitsubishi","Eclipse","2008","Gasoline",67334,3.8,"Med"
"Mitsubishi","Eclipse","2007","Gasoline",65254,3.8,"Med"
"Mitsubishi","Eclipse","2006","Gasoline",63294,3.8,"Med"
"Mitsubishi","Expo","1994","Gasoline",9179,2.3,"Med"
"Mitsubishi","Expo","1993","Gasoline",8529,2.3,"Med"
"Mitsubishi","Expo","1992","Gasoline",7293,2.3,"Med"
"Mitsubishi","Expo","1997","Gasoline",12924,2.3,"Med"
"Mitsubishi","Expo","1996","Gasoline",11188,2.3,"Med"
"Mitsubishi","Expo","1995","Gasoline",10656,2.3,"Med"
"Mitsubishi","Expo","1994","Gasoline",9963,2.3,"Med"
"Mitsubishi","Expo","1993","Gasoline",9237,2.3,"Med"
"Mitsubishi","Expo","1992","Gasoline",8134,2.3,"Med"
"Mitsubishi","Galant","2000","Gasoline",14335,2,"Med"
"Mitsubishi","Galant","1999","Gasoline",13781,2,"Med"
"Mitsubishi","Galant","1998","Gasoline",12997,2,"Med"
"Mitsubishi","Galant","1997","Gasoline",11216,2,"Med"
"Mitsubishi","Galant","2005","Gasoline",30302,2.5,"Med"
"Mitsubishi","Galant","2004","Gasoline",26571,2.5,"Med"
"Mitsubishi","Galant","2003","Gasoline",24034,2.5,"Med"
"Mitsubishi","Galant","2002","Gasoline",21034,2.5,"Med"
"Mitsubishi","Galant","2001","Gasoline",18256,2.5,"Med"
"Mitsubishi","Galant","2000","Gasoline",17477,2.5,"Med"
"Mitsubishi","Galant","1999","Gasoline",16907,2.5,"Med"
"Mitsubishi","Galant","1998","Gasoline",15652,2.5,"Med"
"Mitsubishi","Galant","1997","Gasoline",15120,2.5,"Med"
"Mitsubishi","Galant","1996","Gasoline",12078,2,"Med"
"Mitsubishi","Galant","1995","Gasoline",11535,2,"Med"
"Mitsubishi","Galant","1994","Gasoline",10139,2,"Med"
"Mitsubishi","Galant","1993","Gasoline",8571,2,"Med"
"Mitsubishi","Galant","1992","Gasoline",6826,2,"Med"
"Mitsubishi","GRANDIS","2008","Gasoline",30500,2.4,"Aut"
"Mitsubishi","GRANDIS","2007","Gasoline",29000,2.4,"Aut"
"Mitsubishi","GRANDIS","2006","Gasoline",28120,2.4,"Aut"
"Mitsubishi","GRANDIS","2005","Gasoline",26422,2.4,"Aut"
"Mitsubishi","L200","1998","Diesel",22910,2.5,"Med"
"Mitsubishi","L200","1997","Diesel",20282,2.5,"Med"
"Mitsubishi","L200","1996","Diesel",19518,2.5,"Med"
"Mitsubishi","L200","1995","Diesel",18874,2.5,"Med"
"Mitsubishi","L200","1994","Diesel",17878,2.5,"Med"
"Mitsubishi","L200","1993","Diesel",17191,2.5,"Med"
"Mitsubishi","L200","1992","Diesel",14948,2.5,"Med"
"Mitsubishi","L200","1998","Diesel",21877,2.5,"Med"
"Mitsubishi","L200","1997","Diesel",17081,2.5,"Med"
"Mitsubishi","L200","1996","Diesel",16562,2.5,"Med"
"Mitsubishi","L200","1995","Diesel",16021,2.5,"Med"
"Mitsubishi","L200","1994","Diesel",14327,2.5,"Med"
"Mitsubishi","L200","1993","Diesel",11530,2.5,"Med"
"Mitsubishi","L200","1992","Diesel",10212,2.5,"Med"
"Mitsubishi","L200","1991","Diesel",9584,2.5,"Med"
"Mitsubishi","L200","1998","Diesel",26675,2.5,"Med"
"Mitsubishi","L200","1997","Diesel",24823,2.5,"Med"
"Mitsubishi","L200","1996","Diesel",23416,2.5,"Med"
"Mitsubishi","L200","1995","Diesel",22562,2.5,"Med"
"Mitsubishi","L200","1994","Diesel",21586,2.5,"Med"
"Mitsubishi","L200","1993","Diesel",20835,2.5,"Med"
"Mitsubishi","L200","1992","Diesel",17815,2.5,"Med"
"Mitsubishi","L200","1991","Diesel",16255,2.5,"Med"
"Mitsubishi","L200","2004","Diesel",63846,3.2,"Med"
"Mitsubishi","L200","2003","Diesel",59386,3.2,"Med"
"Mitsubishi","L200","2002","Diesel",55585,3.2,"Med"
"Mitsubishi","L200","2012","Diesel",51465,2.5,"Med"
"Mitsubishi","L200","2011","Diesel",45456,2.5,"Med"
"Mitsubishi","L200","2010","Diesel",42204,2.5,"Med"
"Mitsubishi","L200","2009","Diesel",40834,2.5,"Med"
"Mitsubishi","L200","2008","Diesel",37388,2.5,"Med"
"Mitsubishi","L200","2007","Diesel",36250,2.5,"Med"
"Mitsubishi","L200","2006","Diesel",33969,2.5,"Med"
"Mitsubishi","L200","2005","Diesel",32874,2.5,"Med"
"Mitsubishi","L200","2004","Diesel",31739,2.5,"Med"
"Mitsubishi","L200","2003","Diesel",29965,2.5,"Med"
"Mitsubishi","L200","2002","Diesel",28965,2.5,"Med"
"Mitsubishi","L200","2001","Diesel",27906,2.5,"Med"
"Mitsubishi","L200","2000","Diesel",27053,2.5,"Med"
"Mitsubishi","L200","1999","Diesel",25579,2.5,"Med"
"Mitsubishi","L200","2007","Diesel",39246,2.5,"Med"
"Mitsubishi","L200","2006","Diesel",37936,2.5,"Med"
"Mitsubishi","L200","2005","Diesel",36635,2.5,"Med"
"Mitsubishi","L200","2004","Diesel",35348,2.5,"Med"
"Mitsubishi","L200","2003","Diesel",33020,2.5,"Med"
"Mitsubishi","L200","2002","Diesel",32037,2.5,"Med"
"Mitsubishi","L200","2001","Diesel",30941,2.5,"Med"
"Mitsubishi","L200","2000","Diesel",29947,2.5,"Med"
"Mitsubishi","L200","1999","Diesel",27897,2.5,"Med"
"Mitsubishi","L200","2007","Diesel",47714,2.5,"Med"
"Mitsubishi","L200","2006","Diesel",42555,2.5,"Med"
"Mitsubishi","L200","2005","Diesel",38525,2.5,"Med"
"Mitsubishi","L200","2004","Diesel",36022,2.5,"Med"
"Mitsubishi","L200","2003","Diesel",33812,2.5,"Med"
"Mitsubishi","L200","2003","Diesel",33124,2.5,"Med"
"Mitsubishi","L200","2002","Diesel",31516,2.5,"Med"
"Mitsubishi","L200","2005","Diesel",32785,2.5,"Med"
"Mitsubishi","L200","2004","Diesel",31440,2.5,"Med"
"Mitsubishi","L200","2003","Diesel",28410,2.5,"Med"
"Mitsubishi","L200","2002","Diesel",26854,2.5,"Med"
"Mitsubishi","L200","2001","Diesel",25745,2.5,"Med"
"Mitsubishi","L200","2000","Diesel",20491,2.5,"Med"
"Mitsubishi","L200","2012","Diesel",50803,2.5,"Med"
"Mitsubishi","L200","2011","Diesel",48461,2.5,"Med"
"Mitsubishi","L200","2010","Diesel",43990,2.5,"Med"
"Mitsubishi","L200","2009","Diesel",42347,2.5,"Med"
"Mitsubishi","L200","2008","Diesel",39878,2.5,"Med"
"Mitsubishi","L200","2007","Diesel",38454,2.5,"Med"
"Mitsubishi","L200","2010","Diesel",49053,2.5,"Aut"
"Mitsubishi","L200","2009","Diesel",47346,2.5,"Aut"
"Mitsubishi","L200","2008","Diesel",45745,2.5,"Aut"
"Mitsubishi","L200","2007","Diesel",43379,2.5,"Aut"
"Mitsubishi","L200","2012","Diesel",53201,2.5,"Med"
"Mitsubishi","L200","2011","Diesel",51412,2.5,"Med"
"Mitsubishi","L200","2010","Diesel",49643,2.5,"Med"
"Mitsubishi","L200","2009","Diesel",46130,2.5,"Med"
"Mitsubishi","L200","2008","Diesel",44524,2.5,"Med"
"Mitsubishi","L200","2007","Diesel",42425,2.5,"Med"
"Mitsubishi","L200","2005","Diesel",33087,2.5,"Med"
"Mitsubishi","L200","2004","Diesel",31995,2.5,"Med"
"Mitsubishi","L200","2003","Diesel",28505,2.5,"Med"
"Mitsubishi","L200","2002","Diesel",26965,2.5,"Med"
"Mitsubishi","L200","2001","Diesel",26150,2.5,"Med"
"Mitsubishi","L200","2000","Diesel",24435,2.5,"Med"
"Mitsubishi","L200","1999","Diesel",21532,2.5,"Med"
"Mitsubishi","L200","2012","Diesel",62184,2.5,"Med"
"Mitsubishi","L200","2011","Diesel",56550,2.5,"Med"
"Mitsubishi","L200","2010","Diesel",54125,2.5,"Med"
"Mitsubishi","L200","2009","Diesel",49566,2.5,"Med"
"Mitsubishi","L200","2008","Diesel",46520,2.5,"Med"
"Mitsubishi","L200","2007","Diesel",44806,2.5,"Med"
"Mitsubishi","L200","2006","Diesel",41608,2.5,"Med"
"Mitsubishi","L200","2005","Diesel",38541,2.5,"Med"
"Mitsubishi","L200","2004","Diesel",36702,2.5,"Med"
"Mitsubishi","L200","2002","Diesel",30565,2.5,"Med"
"Mitsubishi","L200","2001","Diesel",29521,2.5,"Med"
"Mitsubishi","L200","2000","Diesel",28001,2.5,"Med"
"Mitsubishi","L200","1999","Diesel",25469,2.5,"Med"
"Mitsubishi","L200","2007","Diesel",45629,2.5,"Aut"
"Mitsubishi","L200","2006","Diesel",43212,2.5,"Aut"
"Mitsubishi","L200","2005","Diesel",40660,2.5,"Aut"
"Mitsubishi","L200","2004","Diesel",38738,2.5,"Aut"
"Mitsubishi","L200","2007","Diesel",44820,2.5,"Med"
"Mitsubishi","L200","2006","Diesel",42766,2.5,"Med"
"Mitsubishi","L200","2005","Diesel",39418,2.5,"Med"
"Mitsubishi","L200","2004","Diesel",36980,2.5,"Med"
"Mitsubishi","L200","2007","Diesel",46037,2.5,"Med"
"Mitsubishi","L200","2006","Diesel",43710,2.5,"Med"
"Mitsubishi","L200","2005","Diesel",39656,2.5,"Med"
"Mitsubishi","L200","2004","Diesel",38389,2.5,"Med"
"Mitsubishi","L200","2017","Diesel",107098,3.2,"Med"
"Mitsubishi","L200","Zero KM","Diesel",131150,3.2,"Aut"
"Mitsubishi","L200","2018","Diesel",121445,3.2,"Aut"
"Mitsubishi","L200","2017","Diesel",117745,3.2,"Aut"
"Mitsubishi","L200","2016","Diesel",87276,3.2,"Med"
"Mitsubishi","L200","2015","Diesel",84056,3.2,"Med"
"Mitsubishi","L200","2014","Diesel",75811,3.2,"Med"
"Mitsubishi","L200","2013","Diesel",69020,3.2,"Med"
"Mitsubishi","L200","2012","Diesel",66811,3.2,"Med"
"Mitsubishi","L200","Zero KM","Diesel",114184,3.2,"Med"
"Mitsubishi","L200","2018","Diesel",107244,3.2,"Med"
"Mitsubishi","L200","2017","Diesel",100010,3.2,"Med"
"Mitsubishi","L200","2016","Diesel",82967,3.2,"Med"
"Mitsubishi","L200","2015","Diesel",78151,3.2,"Med"
"Mitsubishi","L200","2014","Diesel",74406,3.2,"Med"
"Mitsubishi","L200","2013","Diesel",68954,3.2,"Med"
"Mitsubishi","L200","2012","Diesel",65201,3.2,"Med"
"Mitsubishi","L200","2016","Gasoline",73776,2.4,"Med"
"Mitsubishi","L200","2015","Gasoline",68476,2.4,"Med"
"Mitsubishi","L200","2014","Gasoline",64349,2.4,"Med"
"Mitsubishi","L200","2013","Gasoline",58401,2.4,"Med"
"Mitsubishi","L200","Zero KM","Diesel",142574,3.2,"Med"
"Mitsubishi","L200","2017","Diesel",124545,3.2,"Med"
"Mitsubishi","L200","2016","Diesel",120217,3.2,"Med"
"Mitsubishi","L200","2015","Diesel",106709,3.2,"Med"
"Mitsubishi","L200","2014","Diesel",99008,3.2,"Med"
"Mitsubishi","L200","2013","Diesel",84226,3.2,"Med"
"Mitsubishi","L200","2012","Diesel",79326,3.2,"Med"
"Mitsubishi","L200","2011","Diesel",75593,3.2,"Med"
"Mitsubishi","L200","2010","Diesel",70444,3.2,"Med"
"Mitsubishi","L200","2009","Diesel",65180,3.2,"Med"
"Mitsubishi","L200","2008","Diesel",62384,3.2,"Med"
"Mitsubishi","L200","Zero KM","Diesel",136685,3.2,"Med"
"Mitsubishi","L200","2018","Diesel",124784,3.2,"Med"
"Mitsubishi","L200","2017","Diesel",119811,3.2,"Med"
"Mitsubishi","L200","2016","Diesel",111343,3.2,"Med"
"Mitsubishi","L200","2015","Diesel",96689,3.2,"Med"
"Mitsubishi","L200","2014","Diesel",86610,3.2,"Med"
"Mitsubishi","L200","2013","Diesel",76669,3.2,"Med"
"Mitsubishi","L200","2012","Diesel",72147,3.2,"Med"
"Mitsubishi","L200","2011","Diesel",69491,3.2,"Med"
"Mitsubishi","L200","2010","Diesel",66121,3.2,"Med"
"Mitsubishi","L200","2009","Diesel",64113,3.2,"Med"
"Mitsubishi","L200","2008","Diesel",60325,3.2,"Med"
"Mitsubishi","L200","2017","Gasoline",106966,3.5,"Aut"
"Mitsubishi","L200","2016","Gasoline",100486,3.5,"Aut"
"Mitsubishi","L200","2015","Gasoline",86017,3.5,"Aut"
"Mitsubishi","L200","2014","Gasoline",76841,3.5,"Aut"
"Mitsubishi","L200","2013","Gasoline",69142,3.5,"Aut"
"Mitsubishi","L200","2012","Gasoline",65288,3.5,"Aut"
"Mitsubishi","L200","2011","Gasoline",59533,3.5,"Aut"
"Mitsubishi","L200","2010","Gasoline",55790,3.5,"Aut"
"Mitsubishi","L200","2009","Gasoline",54058,3.5,"Aut"
"Mitsubishi","L200","2008","Gasoline",50130,3.5,"Aut"
"Mitsubishi","L200","2016","Diesel",102000,3.2,"Med"
"Mitsubishi","L200","Zero KM","Gasoline",91498,2.4,"Med"
"Mitsubishi","L200","2018","Gasoline",84252,2.4,"Med"
"Mitsubishi","L200","2017","Gasoline",80843,2.4,"Med"
"Mitsubishi","L200","Zero KM","Diesel",171951,2.4,"Aut"
"Mitsubishi","L200","2018","Diesel",161541,2.4,"Aut"
"Mitsubishi","L200","2017","Diesel",149739,2.4,"Aut"
"Mitsubishi","L200","Zero KM","Diesel",144016,3.2,"Aut"
"Mitsubishi","L200","2018","Diesel",134721,3.2,"Aut"
"Mitsubishi","L200","2017","Diesel",130634,3.2,"Aut"
"Mitsubishi","L200","Zero KM","Diesel",135778,3.2,"Med"
"Mitsubishi","L200","2018","Diesel",128522,3.2,"Med"
"Mitsubishi","L200","2017","Diesel",124684,3.2,"Med"
"Mitsubishi","L200","2016","Diesel",110600,3.2,"Med"
"Mitsubishi","L200","2015","Diesel",96274,3.2,"Med"
"Mitsubishi","L200","2014","Diesel",93134,3.2,"Med"
"Mitsubishi","L200","2013","Diesel",81665,3.2,"Med"
"Mitsubishi","L200","2016","Diesel",109128,3.2,"Med"
"Mitsubishi","L200","Zero KM","Diesel",136958,2.4,"Aut"
"Mitsubishi","L200","2019","Diesel",126002,2.4,"Aut"
"Mitsubishi","L200","2018","Diesel",122208,2.4,"Aut"
"Mitsubishi","L200","Zero KM","Diesel",130378,2.4,"Med"
"Mitsubishi","L200","2018","Diesel",121020,2.4,"Med"
"Mitsubishi","L200","2017","Diesel",117128,2.4,"Med"
"Mitsubishi","L200","Zero KM","Diesel",125323,2.4,"Med"
"Mitsubishi","L200","2019","Diesel",115297,2.4,"Med"
"Mitsubishi","L200","2018","Diesel",111484,2.4,"Med"
"Mitsubishi","L200","Zero KM","Diesel",164862,2.4,"Aut"
"Mitsubishi","L200","2019","Diesel",151563,2.4,"Aut"
"Mitsubishi","L200","2018","Diesel",146989,2.4,"Aut"
"Mitsubishi","L200","2017","Diesel",142515,2.4,"Aut"
"Mitsubishi","L200","Zero KM","Diesel",176146,2.4,"Med"
"Mitsubishi","L200","2019","Diesel",161014,2.4,"Med"
"Mitsubishi","L200","2018","Diesel",155784,2.4,"Med"
"Mitsubishi","L200","2012","Diesel",60850,3.2,"Med"
"Mitsubishi","L300","2000","Diesel",16189,2.5,"Med"
"Mitsubishi","L300","1999","Diesel",15146,2.5,"Med"
"Mitsubishi","L300","1998","Diesel",14671,2.5,"Med"
"Mitsubishi","L300","1997","Diesel",14097,2.5,"Med"
"Mitsubishi","L300","1996","Diesel",13407,2.5,"Med"
"Mitsubishi","L300","1995","Diesel",11740,2.5,"Med"
"Mitsubishi","L300","1999","Diesel",16945,2.5,"Med"
"Mitsubishi","L300","1998","Diesel",16178,2.5,"Med"
"Mitsubishi","Lancer","2016","Gasoline",57875,2,"Aut"
"Mitsubishi","Lancer","2015","Gasoline",54761,2,"Aut"
"Mitsubishi","Lancer","2014","Gasoline",50870,2,"Aut"
"Mitsubishi","Lancer","2013","Gasoline",47326,2,"Aut"
"Mitsubishi","Lancer","2012","Gasoline",43867,2,"Aut"
"Mitsubishi","Lancer","2011","Gasoline",41813,2,"Aut"
"Mitsubishi","Lancer","Zero KM","Gasoline",65005,2,"Med"
"Mitsubishi","Lancer","2018","Gasoline",60468,2,"Med"
"Mitsubishi","Lancer","2017","Gasoline",58243,2,"Med"
"Mitsubishi","Lancer","2016","Gasoline",55857,2,"Med"
"Mitsubishi","Lancer","2015","Gasoline",51978,2,"Med"
"Mitsubishi","Lancer","2014","Gasoline",46559,2,"Med"
"Mitsubishi","Lancer","2013","Gasoline",44768,2,"Med"
"Mitsubishi","Lancer","2012","Gasoline",40891,2,"Med"
"Mitsubishi","Lancer","1999","Gasoline",24937,2,"Med"
"Mitsubishi","Lancer","1998","Gasoline",24201,2,"Med"
"Mitsubishi","Lancer","2001","Gasoline",25856,2,"Med"
"Mitsubishi","Lancer","2015","Gasoline",156771,2,"Med"
"Mitsubishi","Lancer","2007","Gasoline",87976,2,"Med"
"Mitsubishi","Lancer","2006","Gasoline",85205,2,"Med"
"Mitsubishi","Lancer","2007","Gasoline",82565,2,"Med"
"Mitsubishi","Lancer","2006","Gasoline",79795,2,"Med"
"Mitsubishi","Lancer","2005","Gasoline",77054,2,"Med"
"Mitsubishi","Lancer","2004","Gasoline",74545,2,"Med"
"Mitsubishi","Lancer","2003","Gasoline",66021,2,"Med"
"Mitsubishi","Lancer","2002","Gasoline",63525,2,"Med"
"Mitsubishi","Lancer","2001","Gasoline",46745,2,"Med"
"Mitsubishi","Lancer","2014","Gasoline",136300,2,"Med"
"Mitsubishi","Lancer","2013","Gasoline",122911,2,"Med"
"Mitsubishi","Lancer","2012","Gasoline",109868,2,"Med"
"Mitsubishi","Lancer","2011","Gasoline",104518,2,"Med"
"Mitsubishi","Lancer","2010","Gasoline",97634,2,"Med"
"Mitsubishi","Lancer","Zero KM","Gasoline",85190,2,"Aut"
"Mitsubishi","Lancer","2018","Gasoline",79080,2,"Aut"
"Mitsubishi","Lancer","2017","Gasoline",76110,2,"Aut"
"Mitsubishi","Lancer","2016","Gasoline",73105,2,"Aut"
"Mitsubishi","Lancer","2015","Gasoline",66123,2,"Aut"
"Mitsubishi","Lancer","2014","Gasoline",57995,2,"Aut"
"Mitsubishi","Lancer","2013","Gasoline",51993,2,"Aut"
"Mitsubishi","Lancer","2012","Gasoline",50329,2,"Aut"
"Mitsubishi","Lancer","2011","Gasoline",47177,2,"Aut"
"Mitsubishi","Lancer","2015","Gasoline",79422,2,"Aut"
"Mitsubishi","Lancer","2014","Gasoline",74233,2,"Aut"
"Mitsubishi","Lancer","2013","Gasoline",60631,2,"Aut"
"Mitsubishi","Lancer","Zero KM","Gasoline",73908,2,"Aut"
"Mitsubishi","Lancer","2018","Gasoline",67338,2,"Aut"
"Mitsubishi","Lancer","2017","Gasoline",63399,2,"Aut"
"Mitsubishi","Lancer","2016","Gasoline",60623,2,"Aut"
"Mitsubishi","Lancer","2017","Gasoline",74661,2,"Aut"
"Mitsubishi","Lancer","2016","Gasoline",69617,2,"Aut"
"Mitsubishi","Mirage","1995","Gasoline",9809,1.6,"Med"
"Mitsubishi","Mirage","1992","Gasoline",6835,1.6,"Med"
"Mitsubishi","Mirage","1991","Gasoline",5772,1.6,"Med"
"Mitsubishi","Montero","1995","Diesel",19699,2.8,"Med"
"Mitsubishi","Montero","1994","Diesel",16483,2.8,"Med"
"Mitsubishi","Montero","1993","Diesel",14740,2.8,"Med"
"Mitsubishi","Montero","1992","Diesel",14096,2.8,"Med"
"Mitsubishi","OUTLANDER","Zero KM","Gasoline",139190,2,"Aut"
"Mitsubishi","OUTLANDER","2018","Gasoline",123100,2,"Aut"
"Mitsubishi","OUTLANDER","2017","Gasoline",118985,2,"Aut"
"Mitsubishi","OUTLANDER","2016","Gasoline",106289,2,"Aut"
"Mitsubishi","OUTLANDER","2015","Gasoline",83943,2,"Aut"
"Mitsubishi","OUTLANDER","2014","Gasoline",75245,2,"Aut"
"Mitsubishi","OUTLANDER","2013","Gasoline",61082,2,"Aut"
"Mitsubishi","OUTLANDER","2012","Gasoline",53140,2,"Aut"
"Mitsubishi","OUTLANDER","Zero KM","Diesel",191551,2.2,"Aut"
"Mitsubishi","OUTLANDER","2018","Diesel",175200,2.2,"Aut"
"Mitsubishi","OUTLANDER","2017","Diesel",170005,2.2,"Aut"
"Mitsubishi","OUTLANDER","2016","Diesel",162491,2.2,"Aut"
"Mitsubishi","OUTLANDER","2011","Gasoline",45532,2.4,"Aut"
"Mitsubishi","OUTLANDER","2010","Gasoline",43989,2.4,"Aut"
"Mitsubishi","OUTLANDER","2009","Gasoline",42236,2.4,"Aut"
"Mitsubishi","OUTLANDER","Zero KM","Gasoline",175475,3,"Aut"
"Mitsubishi","OUTLANDER","2018","Gasoline",153874,3,"Aut"
"Mitsubishi","OUTLANDER","2017","Gasoline",148895,3,"Aut"
"Mitsubishi","OUTLANDER","2016","Gasoline",141591,3,"Aut"
"Mitsubishi","OUTLANDER","2015","Gasoline",103411,3,"Aut"
"Mitsubishi","OUTLANDER","2014","Gasoline",88782,3,"Aut"
"Mitsubishi","OUTLANDER","2013","Gasoline",70623,3,"Aut"
"Mitsubishi","OUTLANDER","2012","Gasoline",62224,3,"Aut"
"Mitsubishi","OUTLANDER","2011","Gasoline",54928,3,"Aut"
"Mitsubishi","OUTLANDER","2010","Gasoline",50658,3,"Aut"
"Mitsubishi","OUTLANDER","2009","Gasoline",43424,3,"Aut"
"Mitsubishi","OUTLANDER","2008","Gasoline",38232,3,"Aut"
"Mitsubishi","OUTLANDER","Zero KM","Gasoline",147995,2,"Aut"
"Mitsubishi","OUTLANDER","2018","Gasoline",129310,2,"Aut"
"Mitsubishi","OUTLANDER","2015","Gasoline",185013,2,"Aut"
"Mitsubishi","OUTLANDER","2014","Gasoline",174801,2,"Aut"
"Mitsubishi","Pajero","2016","Diesel",143473,3.2,"Med"
"Mitsubishi","Pajero","2015","Diesel",121572,3.2,"Aut"
"Mitsubishi","Pajero","2014","Diesel",114413,3.2,"Aut"
"Mitsubishi","Pajero","2013","Diesel",93797,3.2,"Aut"
"Mitsubishi","Pajero","2012","Diesel",87270,3.2,"Aut"
"Mitsubishi","Pajero","2011","Diesel",81826,3.2,"Aut"
"Mitsubishi","Pajero","2010","Diesel",79320,3.2,"Aut"
"Mitsubishi","Pajero","2009","Diesel",76656,3.2,"Aut"
"Mitsubishi","Pajero","2015","Diesel",105423,3.2,"Med"
"Mitsubishi","Pajero","2014","Diesel",98074,3.2,"Med"
"Mitsubishi","Pajero","2013","Diesel",92474,3.2,"Med"
"Mitsubishi","Pajero","2012","Diesel",83317,3.2,"Med"
"Mitsubishi","Pajero","2011","Diesel",78956,3.2,"Med"
"Mitsubishi","Pajero","2010","Diesel",76320,3.2,"Med"
"Mitsubishi","Pajero","2009","Diesel",72952,3.2,"Med"
"Mitsubishi","Pajero","2015","Diesel",137020,3.2,"Med"
"Mitsubishi","Pajero","2014","Diesel",124467,3.2,"Med"
"Mitsubishi","Pajero","2013","Diesel",99342,3.2,"Med"
"Mitsubishi","Pajero","2012","Diesel",90209,3.2,"Med"
"Mitsubishi","Pajero","2011","Diesel",85829,3.2,"Med"
"Mitsubishi","Pajero","2016","Gasoline",126200,3.5,"Aut"
"Mitsubishi","Pajero","2015","Gasoline",108478,3.5,"Aut"
"Mitsubishi","Pajero","2014","Gasoline",103384,3.5,"Aut"
"Mitsubishi","Pajero","2013","Gasoline",79361,3.5,"Aut"
"Mitsubishi","Pajero","2012","Gasoline",76958,3.5,"Aut"
"Mitsubishi","Pajero","2011","Gasoline",74521,3.5,"Aut"
"Mitsubishi","Pajero","1998","Gasoline",19643,3.5,"Med"
"Mitsubishi","Pajero","2009","Diesel",84559,3.2,"Med"
"Mitsubishi","Pajero","2008","Diesel",66131,3.2,"Med"
"Mitsubishi","Pajero","2007","Diesel",61264,3.2,"Med"
"Mitsubishi","Pajero","2006","Diesel",55001,3.2,"Med"
"Mitsubishi","Pajero","2005","Diesel",50641,3.2,"Med"
"Mitsubishi","Pajero","2004","Diesel",48851,3.2,"Med"
"Mitsubishi","Pajero","2003","Diesel",44431,3.2,"Med"
"Mitsubishi","Pajero","2002","Diesel",41563,3.2,"Med"
"Mitsubishi","Pajero","2001","Diesel",39656,3.2,"Med"
"Mitsubishi","Pajero","2002","Diesel",35969,2.8,"Aut"
"Mitsubishi","Pajero","2001","Diesel",34525,2.8,"Aut"
"Mitsubishi","Pajero","2000","Diesel",31952,2.8,"Aut"
"Mitsubishi","Pajero","1999","Diesel",30859,2.8,"Aut"
"Mitsubishi","Pajero","2002","Diesel",35677,2.8,"Med"
"Mitsubishi","Pajero","2001","Diesel",34201,2.8,"Med"
"Mitsubishi","Pajero","2000","Diesel",31888,2.8,"Med"
"Mitsubishi","Pajero","1999","Diesel",30801,2.8,"Med"
"Mitsubishi","Pajero","1998","Diesel",29878,2.8,"Med"
"Mitsubishi","Pajero","1997","Diesel",28894,2.8,"Med"
"Mitsubishi","Pajero","1996","Diesel",27995,2.8,"Med"
"Mitsubishi","Pajero","1995","Diesel",26683,2.8,"Med"
"Mitsubishi","Pajero","1994","Diesel",24510,2.8,"Med"
"Mitsubishi","Pajero","1993","Diesel",23469,2.8,"Med"
"Mitsubishi","Pajero","1992","Diesel",21916,2.8,"Med"
"Mitsubishi","Pajero","2000","Gasoline",27965,3,"Aut"
"Mitsubishi","Pajero","1999","Gasoline",27055,3,"Aut"
"Mitsubishi","Pajero","1998","Gasoline",25650,3,"Aut"
"Mitsubishi","Pajero","1997","Gasoline",24561,3,"Aut"
"Mitsubishi","Pajero","1996","Gasoline",22904,3,"Aut"
"Mitsubishi","Pajero","1995","Gasoline",21203,3,"Aut"
"Mitsubishi","Pajero","1994","Gasoline",17965,3,"Aut"
"Mitsubishi","Pajero","1993","Gasoline",16894,3,"Aut"
"Mitsubishi","Pajero","2002","Gasoline",34254,3,"Med"
"Mitsubishi","Pajero","2001","Gasoline",32965,3,"Med"
"Mitsubishi","Pajero","2000","Gasoline",27055,3,"Med"
"Mitsubishi","Pajero","1999","Gasoline",25611,3,"Med"
"Mitsubishi","Pajero","1998","Gasoline",24661,3,"Med"
"Mitsubishi","Pajero","1997","Gasoline",23745,3,"Med"
"Mitsubishi","Pajero","1996","Gasoline",20145,3,"Med"
"Mitsubishi","Pajero","1995","Gasoline",18427,3,"Med"
"Mitsubishi","Pajero","1994","Gasoline",16856,3,"Med"
"Mitsubishi","Pajero","1993","Gasoline",15261,3,"Med"
"Mitsubishi","Pajero","2002","Gasoline",32221,3,"Aut"
"Mitsubishi","Pajero","2001","Gasoline",30885,3,"Aut"
"Mitsubishi","Pajero","2000","Gasoline",27921,3,"Aut"
"Mitsubishi","Pajero","1999","Gasoline",26395,3,"Aut"
"Mitsubishi","Pajero","1998","Gasoline",25032,3,"Aut"
"Mitsubishi","Pajero","1997","Gasoline",24201,3,"Aut"
"Mitsubishi","Pajero","1996","Gasoline",23052,3,"Aut"
"Mitsubishi","Pajero","1995","Gasoline",21205,3,"Aut"
"Mitsubishi","Pajero","1994","Gasoline",17968,3,"Aut"
"Mitsubishi","Pajero","1993","Gasoline",16950,3,"Aut"
"Mitsubishi","Pajero","2000","Gasoline",26995,3,"Med"
"Mitsubishi","Pajero","1999","Gasoline",25632,3,"Med"
"Mitsubishi","Pajero","1998","Gasoline",24665,3,"Med"
"Mitsubishi","Pajero","1997","Gasoline",23795,3,"Med"
"Mitsubishi","Pajero","1996","Gasoline",22544,3,"Med"
"Mitsubishi","Pajero","1995","Gasoline",20994,3,"Med"
"Mitsubishi","Pajero","1994","Gasoline",17294,3,"Med"
"Mitsubishi","Pajero","1993","Gasoline",15587,3,"Med"
"Mitsubishi","Pajero","2004","Gasoline",46829,3.5,"Med"
"Mitsubishi","Pajero","2003","Gasoline",39782,3.5,"Med"
"Mitsubishi","Pajero","2002","Gasoline",38445,3.5,"Med"
"Mitsubishi","Pajero","2001","Gasoline",36478,3.5,"Med"
"Mitsubishi","Pajero","2000","Gasoline",29233,3.5,"Med"
"Mitsubishi","Pajero","1999","Gasoline",28021,3.5,"Med"
"Mitsubishi","Pajero","1998","Gasoline",26614,3.5,"Med"
"Mitsubishi","Pajero","2000","Gasoline",28783,3.5,"Med"
"Mitsubishi","Pajero","1999","Gasoline",27784,3.5,"Med"
"Mitsubishi","Pajero","1998","Gasoline",26134,3.5,"Med"
"Mitsubishi","Pajero","2004","Gasoline",42727,3.5,"Aut"
"Mitsubishi","Pajero","2003","Gasoline",37349,3.5,"Aut"
"Mitsubishi","Pajero","2002","Gasoline",34262,3.5,"Aut"
"Mitsubishi","Pajero","2001","Gasoline",32021,3.5,"Aut"
"Mitsubishi","Pajero","2000","Gasoline",29757,3.5,"Aut"
"Mitsubishi","Pajero","1999","Gasoline",27689,3.5,"Aut"
"Mitsubishi","Pajero","1998","Gasoline",26740,3.5,"Aut"
"Mitsubishi","Pajero","2000","Gasoline",27990,3.5,"Med"
"Mitsubishi","Pajero","1999","Gasoline",23121,3.5,"Med"
"Mitsubishi","Pajero","1998","Gasoline",22035,3.5,"Med"
"Mitsubishi","Pajero","2000","Gasoline",32091,3.5,"Med"
"Mitsubishi","Pajero","1999","Gasoline",28244,3.5,"Med"
"Mitsubishi","Pajero","1998","Gasoline",27021,3.5,"Med"
"Mitsubishi","Pajero","2000","Gasoline",32102,3.5,"Med"
"Mitsubishi","Pajero","1999","Gasoline",28321,3.5,"Med"
"Mitsubishi","Pajero","1998","Gasoline",27125,3.5,"Med"
"Mitsubishi","Pajero","2009","Gasoline",68452,3.8,"Aut"
"Mitsubishi","Pajero","2008","Gasoline",59005,3.8,"Aut"
"Mitsubishi","Pajero","2007","Gasoline",46404,3.8,"Med"
"Mitsubishi","Pajero","2006","Gasoline",43413,3.8,"Med"
"Mitsubishi","Pajero","2005","Gasoline",41386,3.8,"Med"
"Mitsubishi","Pajero","2004","Gasoline",39223,3.8,"Med"
"Mitsubishi","Pajero","2007","Gasoline",56728,3.8,"Med"
"Mitsubishi","Pajero","2006","Gasoline",48888,3.8,"Med"
"Mitsubishi","Pajero","2005","Gasoline",45309,3.8,"Med"
"Mitsubishi","Pajero","2004","Gasoline",40525,3.8,"Med"
"Mitsubishi","Pajero","1998","Diesel",32091,2.8,"Med"
"Mitsubishi","Pajero","1997","Diesel",28830,2.8,"Med"
"Mitsubishi","Pajero","1996","Diesel",27698,2.8,"Med"
"Mitsubishi","Pajero","1995","Diesel",26873,2.8,"Med"
"Mitsubishi","Pajero","1994","Diesel",24430,2.8,"Med"
"Mitsubishi","Pajero","1993","Diesel",22967,2.8,"Med"
"Mitsubishi","Pajero","1992","Diesel",17889,2.8,"Med"
"Mitsubishi","Pajero","1999","Gasoline",25632,3,"Med"
"Mitsubishi","Pajero","1998","Gasoline",24745,3,"Med"
"Mitsubishi","Pajero","1997","Gasoline",22333,3,"Med"
"Mitsubishi","Pajero","1996","Gasoline",21403,3,"Med"
"Mitsubishi","Pajero","1995","Gasoline",20286,3,"Med"
"Mitsubishi","Pajero","1994","Gasoline",18689,3,"Med"
"Mitsubishi","Pajero","1995","Diesel",20801,2.8,"Med"
"Mitsubishi","Pajero","1994","Diesel",16275,2.8,"Med"
"Mitsubishi","Pajero","1993","Diesel",15445,2.8,"Med"
"Mitsubishi","Pajero","1992","Diesel",14274,2.8,"Med"
"Mitsubishi","Pajero","1994","Gasoline",19771,3,"Med"
"Mitsubishi","Pajero","1993","Gasoline",16409,3,"Med"
"Mitsubishi","Pajero","1992","Gasoline",14954,3,"Med"
"Mitsubishi","Pajero","Zero KM","Diesel",138311,3.2,"Med"
"Mitsubishi","Pajero","2018","Diesel",124772,3.2,"Med"
"Mitsubishi","Pajero","Zero KM","Diesel",195953,3.2,"Aut"
"Mitsubishi","Pajero","2018","Diesel",180015,3.2,"Aut"
"Mitsubishi","Pajero","2017","Diesel",174106,3.2,"Aut"
"Mitsubishi","Pajero","2016","Diesel",157605,3.2,"Aut"
"Mitsubishi","Pajero","Zero KM","Gasoline",161010,3.5,"Aut"
"Mitsubishi","Pajero","2018","Gasoline",147051,3.5,"Aut"
"Mitsubishi","Pajero","2017","Gasoline",142030,3.5,"Aut"
"Mitsubishi","Pajero","2016","Gasoline",133109,3.5,"Aut"
"Mitsubishi","Pajero","Zero KM","Diesel",247811,3.2,"Med"
"Mitsubishi","Pajero","2019","Diesel",227815,3.2,"Med"
"Mitsubishi","Pajero","2018","Diesel",220369,3.2,"Med"
"Mitsubishi","Pajero","2017","Diesel",212399,3.2,"Med"
"Mitsubishi","Pajero","2016","Diesel",190670,3.2,"Med"
"Mitsubishi","Pajero","2015","Diesel",171006,3.2,"Med"
"Mitsubishi","Pajero","2014","Diesel",143639,3.2,"Med"
"Mitsubishi","Pajero","2013","Diesel",125817,3.2,"Med"
"Mitsubishi","Pajero","2012","Diesel",115741,3.2,"Med"
"Mitsubishi","Pajero","2011","Diesel",101086,3.2,"Med"
"Mitsubishi","Pajero","2010","Diesel",93032,3.2,"Med"
"Mitsubishi","Pajero","2009","Diesel",83329,3.2,"Med"
"Mitsubishi","Pajero","2008","Diesel",73668,3.2,"Med"
"Mitsubishi","Pajero","2007","Diesel",68857,3.2,"Med"
"Mitsubishi","Pajero","2006","Diesel",57372,3.2,"Med"
"Mitsubishi","Pajero","2005","Diesel",53800,3.2,"Med"
"Mitsubishi","Pajero","Zero KM","Diesel",213946,3.2,"Aut"
"Mitsubishi","Pajero","2019","Diesel",196287,3.2,"Aut"
"Mitsubishi","Pajero","2018","Diesel",190201,3.2,"Aut"
"Mitsubishi","Pajero","2017","Diesel",183252,3.2,"Aut"
"Mitsubishi","Pajero","2016","Diesel",174854,3.2,"Aut"
"Mitsubishi","Pajero","2015","Diesel",156122,3.2,"Aut"
"Mitsubishi","Pajero","2014","Diesel",143504,3.2,"Aut"
"Mitsubishi","Pajero","2013","Diesel",119605,3.2,"Aut"
"Mitsubishi","Pajero","2012","Diesel",106796,3.2,"Aut"
"Mitsubishi","Pajero","2011","Diesel",94948,3.2,"Aut"
"Mitsubishi","Pajero","2010","Diesel",91166,3.2,"Aut"
"Mitsubishi","Pajero","2009","Diesel",82526,3.2,"Aut"
"Mitsubishi","Pajero","2008","Diesel",73125,3.2,"Aut"
"Mitsubishi","Pajero","2007","Diesel",67552,3.2,"Aut"
"Mitsubishi","Pajero","2006","Diesel",55964,3.2,"Aut"
"Mitsubishi","Pajero","Zero KM","Gasoline",196857,3.8,"Aut"
"Mitsubishi","Pajero","2018","Gasoline",179189,3.8,"Aut"
"Mitsubishi","Pajero","2017","Gasoline",173799,3.8,"Aut"
"Mitsubishi","Pajero","2016","Gasoline",151566,3.8,"Aut"
"Mitsubishi","Pajero","2015","Gasoline",134541,3.8,"Aut"
"Mitsubishi","Pajero","2014","Gasoline",111008,3.8,"Aut"
"Mitsubishi","Pajero","2013","Gasoline",99347,3.8,"Aut"
"Mitsubishi","Pajero","2012","Gasoline",86508,3.8,"Aut"
"Mitsubishi","Pajero","2011","Gasoline",72827,3.8,"Aut"
"Mitsubishi","Pajero","2010","Gasoline",67125,3.8,"Aut"
"Mitsubishi","Pajero","2009","Gasoline",63225,3.8,"Aut"
"Mitsubishi","Pajero","2008","Gasoline",58965,3.8,"Aut"
"Mitsubishi","Pajero","Zero KM","Gasoline",224862,3.8,"Aut"
"Mitsubishi","Pajero","2018","Gasoline",206677,3.8,"Aut"
"Mitsubishi","Pajero","2017","Gasoline",196535,3.8,"Aut"
"Mitsubishi","Pajero","2016","Gasoline",173593,3.8,"Aut"
"Mitsubishi","Pajero","2015","Gasoline",144872,3.8,"Aut"
"Mitsubishi","Pajero","2014","Gasoline",117992,3.8,"Aut"
"Mitsubishi","Pajero","2013","Gasoline",110210,3.8,"Aut"
"Mitsubishi","Pajero","2012","Gasoline",89353,3.8,"Aut"
"Mitsubishi","Pajero","2011","Gasoline",81518,3.8,"Aut"
"Mitsubishi","Pajero","2010","Gasoline",68024,3.8,"Aut"
"Mitsubishi","Pajero","2009","Gasoline",64613,3.8,"Aut"
"Mitsubishi","Pajero","2008","Gasoline",59994,3.8,"Aut"
"Mitsubishi","Pajero","2016","Diesel",155918,3.2,"Aut"
"Mitsubishi","Pajero","2002","Gasoline",23046,1.8,"Aut"
"Mitsubishi","Pajero","2001","Gasoline",22064,1.8,"Aut"
"Mitsubishi","Pajero","2002","Gasoline",21751,1.8,"Med"
"Mitsubishi","Pajero","2001","Gasoline",21101,1.8,"Med"
"Mitsubishi","Pajero","2005","Diesel",39654,2.8,"Aut"
"Mitsubishi","Pajero","2004","Diesel",38268,2.8,"Aut"
"Mitsubishi","Pajero","2003","Diesel",36401,2.8,"Aut"
"Mitsubishi","Pajero","2002","Diesel",32213,2.8,"Aut"
"Mitsubishi","Pajero","2001","Diesel",31022,2.8,"Aut"
"Mitsubishi","Pajero","2000","Diesel",29628,2.8,"Aut"
"Mitsubishi","Pajero","2003","Diesel",35473,2.8,"Med"
"Mitsubishi","Pajero","2002","Diesel",32190,2.8,"Med"
"Mitsubishi","Pajero","2001","Diesel",31010,2.8,"Med"
"Mitsubishi","Pajero","2000","Diesel",29035,2.8,"Med"
"Mitsubishi","Pajero","1999","Diesel",25927,2.8,"Med"
"Mitsubishi","Pajero","2003","Gasoline",26667,3,"Med"
"Mitsubishi","Pajero","2002","Gasoline",25790,3,"Med"
"Mitsubishi","Pajero","2001","Gasoline",25019,3,"Med"
"Mitsubishi","Pajero","2000","Gasoline",21975,3,"Med"
"Mitsubishi","Pajero","1999","Gasoline",19798,3,"Med"
"Mitsubishi","Pajero","1998","Gasoline",16202,3,"Med"
"Mitsubishi","Pajero","2006","Gasoline",39869,3,"Med"
"Mitsubishi","Pajero","2005","Gasoline",30291,3,"Med"
"Mitsubishi","Pajero","2004","Gasoline",29356,3,"Med"
"Mitsubishi","Pajero","2003","Gasoline",28415,3,"Med"
"Mitsubishi","Pajero","2002","Gasoline",26323,3,"Med"
"Mitsubishi","Pajero","2001","Gasoline",25201,3,"Med"
"Mitsubishi","Pajero","2000","Gasoline",23685,3,"Med"
"Mitsubishi","Pajero","1999","Gasoline",22843,3,"Med"
"Mitsubishi","Pajero","2011","Gasoline",50656,3.5,"Aut"
"Mitsubishi","Pajero","2010","Gasoline",49121,3.5,"Aut"
"Mitsubishi","Pajero","2011","Diesel",58622,2.5,"Aut"
"Mitsubishi","Pajero","2010","Diesel",54994,2.5,"Aut"
"Mitsubishi","Pajero","2009","Diesel",51430,2.5,"Aut"
"Mitsubishi","Pajero","2008","Diesel",48321,2.5,"Aut"
"Mitsubishi","Pajero","2007","Diesel",45510,2.5,"Aut"
"Mitsubishi","Pajero","2006","Diesel",43481,2.5,"Aut"
"Mitsubishi","Pajero","2011","Diesel",57965,2.5,"Med"
"Mitsubishi","Pajero","2010","Diesel",54757,2.5,"Med"
"Mitsubishi","Pajero","2009","Diesel",50803,2.5,"Med"
"Mitsubishi","Pajero","2008","Diesel",47851,2.5,"Med"
"Mitsubishi","Pajero","2007","Diesel",43628,2.5,"Med"
"Mitsubishi","Pajero","2009","Gasoline",39597,3.5,"Aut"
"Mitsubishi","Pajero","2008","Gasoline",36757,3.5,"Aut"
"Mitsubishi","Pajero","2007","Gasoline",35458,3.5,"Aut"
"Mitsubishi","Pajero","2006","Gasoline",31748,3.5,"Aut"
"Mitsubishi","Pajero","2003","Gasoline",28402,3,"Aut"
"Mitsubishi","Pajero","2002","Gasoline",25008,3,"Aut"
"Mitsubishi","Pajero","2007","Diesel",53089,2.8,"Aut"
"Mitsubishi","Pajero","2006","Diesel",40956,2.8,"Aut"
"Mitsubishi","Pajero","2005","Diesel",39654,2.8,"Aut"
"Mitsubishi","Pajero","2004","Diesel",38232,2.8,"Aut"
"Mitsubishi","Pajero","2003","Diesel",35228,2.8,"Aut"
"Mitsubishi","Pajero","2002","Diesel",33911,2.8,"Aut"
"Mitsubishi","Pajero","2001","Diesel",32543,2.8,"Aut"
"Mitsubishi","Pajero","2006","Gasoline",36663,3,"Aut"
"Mitsubishi","Pajero","2005","Gasoline",30198,3,"Aut"
"Mitsubishi","Pajero","2004","Gasoline",29284,3,"Aut"
"Mitsubishi","Pajero","2003","Gasoline",28410,3,"Aut"
"Mitsubishi","Pajero","2002","Gasoline",26486,3,"Aut"
"Mitsubishi","Pajero","2001","Gasoline",25456,3,"Aut"
"Mitsubishi","Pajero","2009","Gasoline",43333,2,"Aut"
"Mitsubishi","Pajero","2008","Gasoline",40399,2,"Aut"
"Mitsubishi","Pajero","2007","Gasoline",37112,2,"Aut"
"Mitsubishi","Pajero","2006","Gasoline",28800,2,"Aut"
"Mitsubishi","Pajero","2005","Gasoline",26127,2,"Aut"
"Mitsubishi","Pajero","2004","Gasoline",24432,2,"Aut"
"Mitsubishi","Pajero","2007","Gasoline",36631,2,"Med"
"Mitsubishi","Pajero","2006","Gasoline",28744,2,"Med"
"Mitsubishi","Pajero","2005","Gasoline",25963,2,"Med"
"Mitsubishi","Pajero","2004","Gasoline",23777,2,"Med"
"Mitsubishi","Pajero","2015","Gasoline",54573,2,"Aut"
"Mitsubishi","Pajero","2014","Gasoline",52130,2,"Aut"
"Mitsubishi","Pajero","2013","Gasoline",47848,2,"Aut"
"Mitsubishi","Pajero","2012","Gasoline",43778,2,"Aut"
"Mitsubishi","Pajero","2015","Gasoline",52093,2,"Med"
"Mitsubishi","Pajero","2014","Gasoline",48192,2,"Med"
"Mitsubishi","Pajero","2013","Gasoline",45611,2,"Med"
"Mitsubishi","Pajero","2012","Gasoline",41330,2,"Med"
"Mitsubishi","Pajero","2015","Gasoline",59925,2,"Aut"
"Mitsubishi","Pajero","2014","Gasoline",57211,2,"Aut"
"Mitsubishi","Pajero","2013","Gasoline",51655,2,"Aut"
"Mitsubishi","Pajero","2012","Gasoline",47320,2,"Aut"
"Mitsubishi","Pajero","2011","Gasoline",42772,2,"Aut"
"Mitsubishi","Pajero","2010","Gasoline",40401,2,"Aut"
"Mitsubishi","Pajero","2009","Gasoline",34525,2,"Aut"
"Mitsubishi","Pajero","2008","Gasoline",31955,2,"Aut"
"Mitsubishi","Pajero","2007","Gasoline",30859,2,"Aut"
"Mitsubishi","Pajero","2006","Gasoline",28419,2,"Aut"
"Mitsubishi","Pajero","2005","Gasoline",25454,2,"Aut"
"Mitsubishi","Pajero","2004","Gasoline",24292,2,"Aut"
"Mitsubishi","Pajero","2003","Gasoline",23462,2,"Aut"
"Mitsubishi","Pajero","2015","Gasoline",59745,2,"Med"
"Mitsubishi","Pajero","2012","Gasoline",41854,2,"Med"
"Mitsubishi","Pajero","2011","Gasoline",40251,2,"Med"
"Mitsubishi","Pajero","2010","Gasoline",38770,2,"Med"
"Mitsubishi","Pajero","2009","Gasoline",33986,2,"Med"
"Mitsubishi","Pajero","2008","Gasoline",31933,2,"Med"
"Mitsubishi","Pajero","2007","Gasoline",29193,2,"Med"
"Mitsubishi","Pajero","2006","Gasoline",27194,2,"Med"
"Mitsubishi","Pajero","2005","Gasoline",25410,2,"Med"
"Mitsubishi","Pajero","2004","Gasoline",23170,2,"Med"
"Mitsubishi","Pajero","2003","Gasoline",22195,2,"Med"
"Mitsubishi","Pajero","2012","Gasoline",41653,2,"Med"
"Mitsubishi","Pajero","2011","Gasoline",39544,2,"Med"
"Mitsubishi","Pajero","2010","Gasoline",37110,2,"Med"
"Mitsubishi","Pajero","2009","Gasoline",32089,2,"Med"
"Mitsubishi","Pajero","2008","Gasoline",29600,2,"Med"
"Mitsubishi","Space","1995","Gasoline",9723,2,"Med"
"Mitsubishi","Space","1994","Gasoline",8419,2,"Med"
"Mitsubishi","Space","1993","Gasoline",7553,2,"Med"
"Mitsubishi","Space","1995","Gasoline",13242,2.4,"Med"
"Mitsubishi","Space","1994","Gasoline",10478,2.4,"Med"
"Mitsubishi","Space","1993","Gasoline",8605,2.4,"Med"
"Mitsubishi","Space","2004","Gasoline",26926,2.4,"Med"
"Mitsubishi","Space","2003","Gasoline",18798,2.4,"Med"
"Mitsubishi","Space","2002","Gasoline",18026,2.4,"Med"
"Mitsubishi","Space","2001","Gasoline",15808,2.4,"Med"
"Mitsubishi","Space","2000","Gasoline",15294,2.4,"Med"
"Mitsubishi","Space","1999","Gasoline",14831,2.4,"Med"
"Mitsubishi","Space","1999","Gasoline",14542,2.4,"Med"
"Mitsubishi","Space","1998","Gasoline",12365,2.4,"Med"
"Mitsubishi","Space","1997","Gasoline",11464,2.4,"Med"
"Mitsubishi","Space","1996","Gasoline",11057,2.4,"Med"
"Mitsubishi","Space","1995","Gasoline",10484,2.4,"Med"
"Mitsubishi","Space","1994","Gasoline",9097,2.4,"Med"
"Nissan","350Z","2009","Gasoline",102265,3.5,"Med"
"Nissan","350Z","2008","Gasoline",99120,3.5,"Med"
"Nissan","350Z","2007","Gasoline",95635,3.5,"Med"
"Nissan","350Z","2006","Gasoline",89500,3.5,"Med"
"Nissan","350Z","2005","Gasoline",85017,3.5,"Med"
"Nissan","350Z","2004","Gasoline",82282,3.5,"Med"
"Nissan","Altima","1994","Gasoline",7001,2.4,"Med"
"Nissan","Altima","1993","Gasoline",6145,2.4,"Med"
"Nissan","Altima","1995","Gasoline",10006,2.4,"Med"
"Nissan","Altima","1994","Gasoline",7549,2.4,"Med"
"Nissan","Altima","1993","Gasoline",6838,2.4,"Med"
"Nissan","ALTIMA","2014","Gasoline",64392,2.5,"Aut"
"Nissan","AX","1996","Diesel",15835,6.5,"Med"
"Nissan","AX","1995","Diesel",14814,6.5,"Med"
"Nissan","AX","1994","Diesel",14344,6.5,"Med"
"Nissan","D-21","1997","Diesel",21478,2.7,"Med"
"Nissan","D-21","1996","Diesel",19474,2.7,"Med"
"Nissan","D-21","1995","Diesel",18755,2.7,"Med"
"Nissan","D-21","1994","Diesel",15115,2.7,"Med"
"Nissan","D-21","1993","Diesel",14063,2.7,"Med"
"Nissan","D-21","1992","Diesel",13352,2.7,"Med"
"Nissan","D-21","1997","Diesel",18778,2.7,"Med"
"Nissan","D-21","1996","Diesel",16174,2.7,"Med"
"Nissan","D-21","1995","Diesel",15511,2.7,"Med"
"Nissan","D-21","1994","Diesel",13255,2.7,"Med"
"Nissan","D-21","1993","Diesel",9938,2.7,"Med"
"Nissan","Frontier","2000","Diesel",27632,3.2,"Med"
"Nissan","Frontier","1999","Diesel",26711,3.2,"Med"
"Nissan","Frontier","1998","Diesel",23770,3.2,"Med"
"Nissan","Frontier","2002","Diesel",33736,2.5,"Med"
"Nissan","Frontier","2001","Diesel",30167,2.5,"Med"
"Nissan","Frontier","1999","Diesel",24275,3.2,"Med"
"Nissan","Frontier","1998","Diesel",22692,3.2,"Med"
"Nissan","Frontier","2013","Diesel",74863,2.5,"Med"
"Nissan","Frontier","2012","Diesel",72281,2.5,"Med"
"Nissan","Frontier","Zero KM","Diesel",157242,2.3,"Aut"
"Nissan","Frontier","2018","Diesel",143010,2.3,"Aut"
"Nissan","Frontier","2017","Diesel",138265,2.3,"Aut"
"Nissan","Frontier","2007","Diesel",60957,2.5,"Med"
"Nissan","Frontier","2013","Diesel",78776,2.5,"Aut"
"Nissan","Frontier","2012","Diesel",75064,2.5,"Aut"
"Nissan","Frontier","2011","Diesel",70167,2.5,"Aut"
"Nissan","Frontier","2010","Diesel",66262,2.5,"Aut"
"Nissan","Frontier","2009","Diesel",62161,2.5,"Aut"
"Nissan","Frontier","2013","Diesel",70166,2.5,"Med"
"Nissan","Frontier","2012","Diesel",66854,2.5,"Med"
"Nissan","Frontier","2011","Diesel",64834,2.5,"Med"
"Nissan","Frontier","2010","Diesel",62854,2.5,"Med"
"Nissan","Frontier","2009","Diesel",60188,2.5,"Med"
"Nissan","Frontier","2014","Diesel",84759,2.5,"Med"
"Nissan","Frontier","2015","Diesel",77872,2.5,"Med"
"Nissan","Frontier","2014","Diesel",69401,2.5,"Med"
"Nissan","Frontier","2016","Diesel",84915,2.5,"Med"
"Nissan","Frontier","2015","Diesel",82021,2.5,"Med"
"Nissan","Frontier","2014","Diesel",78085,2.5,"Med"
"Nissan","Frontier","2013","Diesel",72383,2.5,"Med"
"Nissan","Frontier","2012","Diesel",66487,2.5,"Med"
"Nissan","Frontier","2013","Diesel",72766,2.5,"Med"
"Nissan","Frontier","2012","Diesel",70495,2.5,"Med"
"Nissan","Frontier","Zero KM","Diesel",144115,2.3,"Aut"
"Nissan","Frontier","2018","Diesel",132786,2.3,"Aut"
"Nissan","Frontier","2007","Diesel",45975,2.8,"Med"
"Nissan","Frontier","2006","Diesel",44524,2.8,"Med"
"Nissan","Frontier","2005","Diesel",43107,2.8,"Med"
"Nissan","Frontier","2004","Diesel",39985,2.8,"Med"
"Nissan","Frontier","2007","Diesel",45998,2.8,"Med"
"Nissan","Frontier","2007","Diesel",44452,2.8,"Med"
"Nissan","Frontier","2006","Diesel",43032,2.8,"Med"
"Nissan","Frontier","2005","Diesel",41692,2.8,"Med"
"Nissan","Frontier","2004","Diesel",36989,2.8,"Med"
"Nissan","Frontier","2003","Diesel",35405,2.8,"Med"
"Nissan","Frontier","2002","Diesel",33614,2.8,"Med"
"Nissan","Frontier","2012","Diesel",61420,2.5,"Med"
"Nissan","Frontier","2011","Diesel",59562,2.5,"Med"
"Nissan","Frontier","2010","Diesel",57555,2.5,"Med"
"Nissan","Frontier","2009","Diesel",55752,2.5,"Med"
"Nissan","Frontier","2012","Diesel",66164,2.5,"Med"
"Nissan","Frontier","2011","Diesel",62700,2.5,"Med"
"Nissan","Frontier","2010","Diesel",60000,2.5,"Med"
"Nissan","Frontier","2009","Diesel",58228,2.5,"Med"
"Nissan","Frontier","2008","Diesel",50088,2.8,"Med"
"Nissan","Frontier","2007","Diesel",47965,2.8,"Med"
"Nissan","Frontier","2006","Diesel",46205,2.8,"Med"
"Nissan","Frontier","2005","Diesel",44746,2.8,"Med"
"Nissan","Frontier","2004","Diesel",41380,2.8,"Med"
"Nissan","Frontier","2003","Diesel",39479,2.8,"Med"
"Nissan","Frontier","2008","Diesel",55971,2.5,"Med"
"Nissan","Frontier","2008","Diesel",59932,2.5,"Aut"
"Nissan","Frontier","2016","Diesel",118821,2.5,"Med"
"Nissan","Frontier","2015","Diesel",99895,2.5,"Med"
"Nissan","Frontier","2014","Diesel",90259,2.5,"Med"
"Nissan","Frontier","2013","Diesel",86480,2.5,"Med"
"Nissan","Frontier","2016","Diesel",107193,2.5,"Aut"
"Nissan","Frontier","2015","Diesel",99869,2.5,"Aut"
"Nissan","Frontier","2016","Diesel",108049,2.5,"Med"
"Nissan","Frontier","2015","Diesel",97776,2.5,"Med"
"Nissan","Frontier","2014","Diesel",79586,2.5,"Med"
"Nissan","Frontier","2013","Diesel",73891,2.5,"Med"
"Nissan","Frontier","2015","Diesel",93217,2.5,"Med"
"Nissan","Frontier","2014","Diesel",79254,2.5,"Med"
"Nissan","Frontier","2013","Diesel",73885,2.5,"Med"
"Nissan","Frontier","2013","Diesel",67607,2.5,"Med"
"Nissan","Frontier","2012","Diesel",65420,2.5,"Med"
"Nissan","Frontier","2011","Diesel",62067,2.5,"Med"
"Nissan","Frontier","2010","Diesel",57298,2.5,"Med"
"Nissan","Frontier","2009","Diesel",55562,2.5,"Med"
"Nissan","Frontier","2008","Diesel",48059,2.8,"Med"
"Nissan","Frontier","2007","Diesel",45328,2.8,"Med"
"Nissan","Frontier","2006","Diesel",43550,2.8,"Med"
"Nissan","Frontier","2013","Diesel",63230,2.5,"Med"
"Nissan","Frontier","2012","Diesel",61309,2.5,"Med"
"Nissan","Frontier","2011","Diesel",59449,2.5,"Med"
"Nissan","Frontier","2010","Diesel",57072,2.5,"Med"
"Nissan","Frontier","2009","Diesel",55210,2.5,"Med"
"Nissan","Frontier","2007","Diesel",42526,2.8,"Med"
"Nissan","Frontier","2006","Diesel",36942,2.8,"Med"
"Nissan","Frontier","2005","Diesel",35449,2.8,"Med"
"Nissan","Frontier","2004","Diesel",29894,2.8,"Med"
"Nissan","Frontier","2003","Diesel",28935,2.8,"Med"
"Nissan","Frontier","2007","Diesel",42651,2.8,"Med"
"Nissan","Frontier","2006","Diesel",41054,2.8,"Med"
"Nissan","Frontier","2005","Diesel",39798,2.8,"Med"
"Nissan","Frontier","2004","Diesel",38541,2.8,"Med"
"Nissan","Frontier","2003","Diesel",35165,2.8,"Med"
"Nissan","Frontier","2002","Diesel",29831,2.8,"Med"
"Nissan","Frontier","2008","Diesel",46720,2.8,"Med"
"Nissan","Frontier","2007","Diesel",45084,2.8,"Med"
"Nissan","Frontier","2006","Diesel",43695,2.8,"Med"
"Nissan","Frontier","2005","Diesel",42214,2.8,"Med"
"Nissan","Frontier","2004","Diesel",39000,2.8,"Med"
"Nissan","Frontier","2003","Diesel",37785,2.8,"Med"
"Nissan","Frontier","2002","Diesel",33723,2.8,"Med"
"Nissan","KICKS","2017","Gasoline",84245,1.6,"Aut"
"Nissan","KICKS","Zero KM","Gasoline",80116,1.6,"Aut"
"Nissan","KICKS","2018","Gasoline",70762,1.6,"Aut"
"Nissan","KICKS","Zero KM","Gasoline",72050,1.6,"Med"
"Nissan","KICKS","2018","Gasoline",64141,1.6,"Med"
"Nissan","KICKS","Zero KM","Gasoline",96876,1.6,"Aut"
"Nissan","KICKS","2018","Gasoline",88603,1.6,"Aut"
"Nissan","KICKS","2017","Gasoline",85584,1.6,"Aut"
"Nissan","KICKS","Zero KM","Gasoline",88009,1.6,"Aut"
"Nissan","KICKS","2018","Gasoline",81491,1.6,"Aut"
"Nissan","KICKS","2017","Gasoline",80236,1.6,"Aut"
"Nissan","King-Cab","1995","Gasoline",14821,3,"Med"
"Nissan","King-Cab","1994","Gasoline",14159,3,"Med"
"Nissan","King-Cab","1993","Gasoline",13268,3,"Med"
"Nissan","King-Cab","1992","Gasoline",11411,3,"Med"
"Nissan","LIVINA","2014","Gasoline",34636,1.6,"Med"
"Nissan","LIVINA","2013","Gasoline",29273,1.6,"Med"
"Nissan","LIVINA","2012","Gasoline",27381,1.6,"Med"
"Nissan","LIVINA","2011","Gasoline",25657,1.6,"Med"
"Nissan","LIVINA","2010","Gasoline",22772,1.6,"Med"
"Nissan","LIVINA","2010","Gasoline",26102,1.8,"Aut"
"Nissan","LIVINA","2010","Gasoline",28354,1.8,"Aut"
"Nissan","LIVINA","2010","Gasoline",28280,1.8,"Med"
"Nissan","LIVINA","2011","Gasoline",30900,1.8,"Aut"
"Nissan","LIVINA","2010","Gasoline",28360,1.8,"Aut"
"Nissan","LIVINA","2014","Gasoline",37096,1.8,"Med"
"Nissan","LIVINA","2013","Gasoline",35274,1.8,"Med"
"Nissan","LIVINA","2012","Gasoline",32196,1.8,"Med"
"Nissan","LIVINA","2011","Gasoline",30031,1.8,"Med"
"Nissan","LIVINA","2010","Gasoline",27850,1.8,"Med"
"Nissan","LIVINA","2014","Gasoline",39953,1.8,"Aut"
"Nissan","LIVINA","2013","Gasoline",37984,1.8,"Aut"
"Nissan","LIVINA","2012","Gasoline",34605,1.8,"Aut"
"Nissan","LIVINA","2011","Gasoline",31460,1.8,"Aut"
"Nissan","LIVINA","2010","Gasoline",28366,1.8,"Aut"
"Nissan","LIVINA","2010","Gasoline",27985,1.8,"Med"
"Nissan","LIVINA","2012","Gasoline",27030,1.6,"Med"
"Nissan","LIVINA","2011","Gasoline",26091,1.6,"Med"
"Nissan","LIVINA","2014","Gasoline",33245,1.6,"Med"
"Nissan","LIVINA","2013","Gasoline",31261,1.6,"Med"
"Nissan","LIVINA","2012","Gasoline",27447,1.6,"Med"
"Nissan","LIVINA","2011","Gasoline",25923,1.6,"Med"
"Nissan","LIVINA","2010","Gasoline",22716,1.6,"Med"
"Nissan","LIVINA","2014","Gasoline",35422,1.8,"Aut"
"Nissan","LIVINA","2013","Gasoline",33037,1.8,"Aut"
"Nissan","LIVINA","2011","Gasoline",28992,1.8,"Aut"
"Nissan","LIVINA","2010","Gasoline",25904,1.8,"Aut"
"Nissan","LIVINA","2012","Gasoline",28127,1.6,"Med"
"Nissan","LIVINA","2011","Gasoline",26670,1.6,"Med"
"Nissan","LIVINA","2010","Gasoline",23861,1.6,"Med"
"Nissan","LIVINA","2013","Gasoline",33168,1.8,"Aut"
"Nissan","LIVINA","2012","Gasoline",31748,1.8,"Aut"
"Nissan","LIVINA","2011","Gasoline",29949,1.8,"Aut"
"Nissan","LIVINA","2010","Gasoline",27326,1.8,"Aut"
"Nissan","LIVINA","2010","Gasoline",26488,1.6,"Med"
"Nissan","LIVINA","2011","Gasoline",28615,1.6,"Med"
"Nissan","LIVINA","2010","Gasoline",27389,1.6,"Med"
"Nissan","LIVINA","2012","Gasoline",31482,1.6,"Med"
"Nissan","LIVINA","2011","Gasoline",29082,1.6,"Med"
"Nissan","LIVINA","2010","Gasoline",27759,1.6,"Med"
"Nissan","LIVINA","2014","Gasoline",36394,1.8,"Aut"
"Nissan","LIVINA","2013","Gasoline",33907,1.8,"Aut"
"Nissan","LIVINA","2012","Gasoline",32832,1.8,"Aut"
"Nissan","LIVINA","2011","Gasoline",31585,1.8,"Aut"
"Nissan","LIVINA","2010","Gasoline",27890,1.8,"Aut"
"Nissan","MARCH","2016","Gasoline",33177,1,"Med"
"Nissan","MARCH","2015","Gasoline",32100,1,"Med"
"Nissan","MARCH","2015","Gasoline",29610,1,"Med"
"Nissan","MARCH","2014","Gasoline",27228,1,"Med"
"Nissan","MARCH","2013","Gasoline",23947,1,"Med"
"Nissan","MARCH","2012","Gasoline",22720,1,"Med"
"Nissan","MARCH","2013","Gasoline",24782,1,"Med"
"Nissan","MARCH","2016","Gasoline",46047,1.6,"Med"
"Nissan","MARCH","2013","Gasoline",27870,1.6,"Med"
"Nissan","MARCH","Zero KM","Gasoline",41248,1,"Med"
"Nissan","MARCH","2018","Gasoline",37598,1,"Med"
"Nissan","MARCH","2017","Gasoline",35101,1,"Med"
"Nissan","MARCH","2016","Gasoline",33789,1,"Med"
"Nissan","MARCH","2015","Gasoline",31750,1,"Med"
"Nissan","MARCH","2015","Gasoline",30558,1,"Med"
"Nissan","MARCH","2014","Gasoline",27777,1,"Med"
"Nissan","MARCH","2013","Gasoline",25264,1,"Med"
"Nissan","MARCH","2012","Gasoline",24416,1,"Med"
"Nissan","MARCH","2016","Gasoline",37248,1.6,"Med"
"Nissan","MARCH","2015","Gasoline",33499,1.6,"Med"
"Nissan","MARCH","2014","Gasoline",29398,1.6,"Med"
"Nissan","MARCH","2013","Gasoline",27144,1.6,"Med"
"Nissan","MARCH","2012","Gasoline",24995,1.6,"Med"
"Nissan","MARCH","Zero KM","Gasoline",47603,1.6,"Med"
"Nissan","MARCH","2018","Gasoline",43878,1.6,"Med"
"Nissan","MARCH","2017","Gasoline",41217,1.6,"Med"
"Nissan","MARCH","2016","Gasoline",43363,1.6,"Med"
"Nissan","MARCH","2015","Gasoline",38296,1.6,"Med"
"Nissan","MARCH","2014","Gasoline",32494,1.6,"Med"
"Nissan","MARCH","2013","Gasoline",29153,1.6,"Med"
"Nissan","MARCH","2012","Gasoline",26378,1.6,"Med"
"Nissan","MARCH","Zero KM","Gasoline",45607,1,"Med"
"Nissan","MARCH","2018","Gasoline",40175,1,"Med"
"Nissan","MARCH","2017","Gasoline",38330,1,"Med"
"Nissan","MARCH","2016","Gasoline",36487,1,"Med"
"Nissan","MARCH","2015","Gasoline",33538,1,"Med"
"Nissan","MARCH","2015","Gasoline",32932,1,"Med"
"Nissan","MARCH","2016","Gasoline",39491,1.6,"Med"
"Nissan","MARCH","2015","Gasoline",35127,1.6,"Med"
"Nissan","MARCH","2014","Gasoline",30739,1.6,"Med"
"Nissan","MARCH","2013","Gasoline",28004,1.6,"Med"
"Nissan","MARCH","2012","Gasoline",26340,1.6,"Med"
"Nissan","Maxima","2000","Gasoline",16058,3,"Med"
"Nissan","Maxima","1999","Gasoline",15239,3,"Med"
"Nissan","Maxima","1998","Gasoline",12390,3,"Med"
"Nissan","Maxima","1997","Gasoline",11721,3,"Med"
"Nissan","Maxima","1996","Gasoline",11287,3,"Med"
"Nissan","Maxima","1995","Gasoline",10854,3,"Med"
"Nissan","Maxima","2002","Gasoline",19856,3,"Med"
"Nissan","Maxima","2001","Gasoline",19181,3,"Med"
"Nissan","Maxima","2000","Gasoline",16778,3,"Med"
"Nissan","Maxima","2002","Gasoline",19819,3,"Med"
"Nissan","Maxima","2001","Gasoline",19100,3,"Med"
"Nissan","Maxima","2000","Gasoline",16689,3,"Med"
"Nissan","Maxima","1999","Gasoline",14478,3,"Med"
"Nissan","Maxima","1998","Gasoline",13091,3,"Med"
"Nissan","Maxima","1997","Gasoline",12467,3,"Med"
"Nissan","Maxima","1996","Gasoline",11917,3,"Med"
"Nissan","Maxima","1995","Gasoline",11521,3,"Med"
"Nissan","Maxima","1995","Gasoline",10305,3,"Med"
"Nissan","Maxima","1994","Gasoline",9135,3,"Med"
"Nissan","Maxima","1993","Gasoline",7698,3,"Med"
"Nissan","Maxima","1992","Gasoline",6937,3,"Med"
"Nissan","Maxima","1991","Gasoline",6693,3,"Med"
"Nissan","Maxima","1994","Gasoline",7535,3,"Med"
"Nissan","Maxima","1993","Gasoline",7023,3,"Med"
"Nissan","Maxima","1992","Gasoline",6300,3,"Med"
"Nissan","Maxima","1991","Gasoline",5939,3,"Med"
"Nissan","MURANO","2009","Gasoline",54722,3.5,"Med"
"Nissan","MURANO","2008","Gasoline",48718,3.5,"Med"
"Nissan","MURANO","2007","Gasoline",43897,3.5,"Med"
"Nissan","NX","1993","Gasoline",10089,2,"Med"
"Nissan","NX","1992","Gasoline",9536,2,"Med"
"Nissan","Pathfinder","2009","Diesel",71660,2.5,"Med"
"Nissan","Pathfinder","2008","Diesel",67950,2.5,"Med"
"Nissan","Pathfinder","2007","Diesel",65895,2.5,"Med"
"Nissan","Pathfinder","2006","Diesel",60192,2.5,"Med"
"Nissan","Pathfinder","2008","Gasoline",58159,4,"Med"
"Nissan","Pathfinder","2007","Gasoline",46863,4,"Med"
"Nissan","Pathfinder","2006","Gasoline",44411,4,"Med"
"Nissan","Pathfinder","2009","Diesel",65441,2.5,"Aut"
"Nissan","Pathfinder","2008","Diesel",62996,2.5,"Aut"
"Nissan","Pathfinder","2001","Gasoline",24289,3.3,"Med"
"Nissan","Pathfinder","2000","Gasoline",20610,3.3,"Med"
"Nissan","Pathfinder","2008","Gasoline",55369,4,"Aut"
"Nissan","Pathfinder","1996","Gasoline",15880,3,"Aut"
"Nissan","Pathfinder","1995","Gasoline",15244,3,"Aut"
"Nissan","Pathfinder","1994","Gasoline",14791,3,"Aut"
"Nissan","Pathfinder","1993","Gasoline",13382,3,"Aut"
"Nissan","Pathfinder","1992","Gasoline",12079,3,"Aut"
"Nissan","Pathfinder","1991","Gasoline",11275,3,"Aut"
"Nissan","Sentra","2013","Gasoline",34393,2,"Aut"
"Nissan","Sentra","2012","Gasoline",33041,2,"Aut"
"Nissan","Sentra","2011","Gasoline",31873,2,"Aut"
"Nissan","Sentra","2010","Gasoline",29255,2,"Aut"
"Nissan","Sentra","2009","Gasoline",27264,2,"Aut"
"Nissan","Sentra","2008","Gasoline",24828,2,"Aut"
"Nissan","Sentra","2007","Gasoline",23239,2,"Aut"
"Nissan","Sentra","2013","Gasoline",32379,2,"Med"
"Nissan","Sentra","2012","Gasoline",31088,2,"Med"
"Nissan","Sentra","2011","Gasoline",29717,2,"Med"
"Nissan","Sentra","2010","Gasoline",27707,2,"Med"
"Nissan","Sentra","2009","Gasoline",25374,2,"Med"
"Nissan","Sentra","2008","Gasoline",24277,2,"Med"
"Nissan","Sentra","Zero KM","Gasoline",82020,2,"Aut"
"Nissan","Sentra","2018","Gasoline",74890,2,"Aut"
"Nissan","Sentra","2017","Gasoline",70111,2,"Aut"
"Nissan","Sentra","2013","Gasoline",37085,2,"Aut"
"Nissan","Sentra","2012","Gasoline",34718,2,"Aut"
"Nissan","Sentra","2011","Gasoline",32732,2,"Aut"
"Nissan","Sentra","2010","Gasoline",30763,2,"Aut"
"Nissan","Sentra","2009","Gasoline",28412,2,"Aut"
"Nissan","Sentra","2008","Gasoline",25993,2,"Aut"
"Nissan","Sentra","2016","Gasoline",51656,2,"Med"
"Nissan","Sentra","2015","Gasoline",48714,2,"Med"
"Nissan","Sentra","2014","Gasoline",46803,2,"Med"
"Nissan","Sentra","2013","Gasoline",36988,2,"Med"
"Nissan","Sentra","2012","Gasoline",32018,2,"Med"
"Nissan","Sentra","2010","Gasoline",27742,2,"Med"
"Nissan","Sentra","2009","Gasoline",26212,2,"Med"
"Nissan","Sentra","2008","Gasoline",24689,2,"Med"
"Nissan","Sentra","2007","Gasoline",22678,2,"Med"
"Nissan","Sentra","2013","Gasoline",37185,2,"Aut"
"Nissan","Sentra","Zero KM","Gasoline",101931,2,"Aut"
"Nissan","Sentra","2018","Gasoline",90915,2,"Aut"
"Nissan","Sentra","2017","Gasoline",86387,2,"Aut"
"Nissan","Sentra","2012","Gasoline",33873,2,"Aut"
"Nissan","Sentra","2012","Gasoline",34549,2,"Med"
"Nissan","Sentra","Zero KM","Gasoline",86714,2,"Aut"
"Nissan","Sentra","2018","Gasoline",80020,2,"Aut"
"Nissan","Sentra","2017","Gasoline",77652,2,"Aut"
"Nissan","Sentra","2016","Gasoline",63241,2,"Aut"
"Nissan","Sentra","2015","Gasoline",55264,2,"Aut"
"Nissan","Sentra","2014","Gasoline",50506,2,"Aut"
"Nissan","Sentra","2016","Gasoline",63664,2,"Aut"
"Nissan","Sentra","2012","Gasoline",37900,2,"Aut"
"Nissan","Stanza","1993","Gasoline",7762,2.4,"Med"
"Nissan","Stanza","1992","Gasoline",6918,2.4,"Med"
"Nissan","SX","1993","Gasoline",10663,2.4,"Med"
"Nissan","SX","1992","Gasoline",10106,2.4,"Med"
"Nissan","SX","1991","Gasoline",8105,2.4,"Med"
"Nissan","Terrano","1997","Diesel",28758,2.7,"Med"
"Nissan","Terrano","1996","Diesel",24507,2.7,"Med"
"Nissan","Terrano","1997","Diesel",30551,2.7,"Med"
"Nissan","Terrano","1996","Diesel",29507,2.7,"Med"
"Nissan","Terrano","1995","Diesel",22065,2.7,"Med"
"Nissan","TIIDA","2013","Gasoline",28814,1.8,"Med"
"Nissan","TIIDA","2012","Gasoline",26922,1.8,"Med"
"Nissan","TIIDA","2011","Gasoline",25746,1.8,"Med"
"Nissan","TIIDA","2010","Gasoline",24470,1.8,"Med"
"Nissan","TIIDA","2009","Gasoline",23664,1.8,"Med"
"Nissan","TIIDA","2008","Gasoline",21834,1.8,"Med"
"Nissan","TIIDA","2009","Gasoline",24044,1.8,"Aut"
"Nissan","TIIDA","2008","Gasoline",22148,1.8,"Aut"
"Nissan","TIIDA","2013","Gasoline",29696,1.8,"Med"
"Nissan","TIIDA","2012","Gasoline",25700,1.8,"Med"
"Nissan","TIIDA","2011","Gasoline",24256,1.8,"Med"
"Nissan","TIIDA","2013","Gasoline",30861,1.8,"Aut"
"Nissan","TIIDA","2013","Gasoline",33097,1.8,"Med"
"Nissan","TIIDA","2012","Gasoline",30501,1.8,"Med"
"Nissan","TIIDA","2011","Gasoline",28777,1.8,"Med"
"Nissan","TIIDA","2010","Gasoline",27055,1.8,"Med"
"Nissan","TIIDA","2009","Gasoline",24891,1.8,"Med"
"Nissan","TIIDA","2008","Gasoline",22280,1.8,"Med"
"Nissan","TIIDA","2013","Gasoline",33720,1.8,"Aut"
"Nissan","TIIDA","2012","Gasoline",32528,1.8,"Aut"
"Nissan","TIIDA","2011","Gasoline",31168,1.8,"Aut"
"Nissan","TIIDA","2010","Gasoline",29064,1.8,"Aut"
"Nissan","TIIDA","2009","Gasoline",26400,1.8,"Aut"
"Nissan","TIIDA","2008","Gasoline",24231,1.8,"Aut"
"Nissan","VERSA","Zero KM","Gasoline",47394,1,"Med"
"Nissan","VERSA","2018","Gasoline",41197,1,"Med"
"Nissan","VERSA","2017","Gasoline",39326,1,"Med"
"Nissan","VERSA","2016","Gasoline",37923,1,"Med"
"Nissan","VERSA","Zero KM","Gasoline",48093,1,"Med"
"Nissan","VERSA","2018","Gasoline",43781,1,"Med"
"Nissan","VERSA","2017","Gasoline",42005,1,"Med"
"Nissan","VERSA","2016","Gasoline",39016,1,"Med"
"Nissan","VERSA","2014","Gasoline",32427,1.6,"Med"
"Nissan","VERSA","2013","Gasoline",31377,1.6,"Med"
"Nissan","VERSA","2012","Gasoline",29611,1.6,"Med"
"Nissan","VERSA","2016","Gasoline",46431,1.6,"Med"
"Nissan","VERSA","2014","Gasoline",35324,1.6,"Med"
"Nissan","VERSA","2013","Gasoline",33871,1.6,"Med"
"Nissan","VERSA","2012","Gasoline",30654,1.6,"Med"
"Nissan","VERSA","2016","Gasoline",41899,1.6,"Med"
"Nissan","VERSA","2014","Gasoline",33840,1.6,"Med"
"Nissan","VERSA","2013","Gasoline",31897,1.6,"Med"
"Nissan","VERSA","2012","Gasoline",29412,1.6,"Med"
"Nissan","VERSA","2016","Gasoline",47505,1.6,"Med"
"Nissan","XTerra","2007","Diesel",61484,2.8,"Med"
"Nissan","XTerra","2006","Diesel",54425,2.8,"Med"
"Nissan","XTerra","2008","Diesel",59289,2.8,"Med"
"Nissan","XTerra","2007","Diesel",55698,2.8,"Med"
"Nissan","XTerra","2006","Diesel",52144,2.8,"Med"
"Nissan","XTerra","2005","Diesel",48434,2.8,"Med"
"Nissan","XTerra","2004","Diesel",46267,2.8,"Med"
"Nissan","XTerra","2003","Diesel",43344,2.8,"Med"
"Nissan","XTerra","2007","Diesel",55214,2.8,"Med"
"Nissan","XTerra","2006","Diesel",50051,2.8,"Med"
"Nissan","XTerra","2005","Diesel",45934,2.8,"Med"
"Nissan","XTerra","2004","Diesel",44483,2.8,"Med"
"Nissan","XTerra","2003","Diesel",43021,2.8,"Med"
"Nissan","X-TRAIL","2008","Gasoline",35072,2.5,"Med"
"Nissan","X-TRAIL","2007","Gasoline",32490,2.5,"Med"
"Nissan","X-TRAIL","2006","Gasoline",27014,2.5,"Med"
"Nissan","X-TRAIL","2005","Gasoline",25272,2.5,"Med"
"Nissan","X-TRAIL","2009","Gasoline",39655,2,"Aut"
"Nissan","X-TRAIL","2009","Gasoline",36257,2,"Aut"
"Nissan","ZX","1994","Gasoline",58419,3,"Med"
"Nissan","ZX","1993","Gasoline",56236,3,"Med"
"Nissan","ZX","1992","Gasoline",51525,3,"Med"
"Nissan","ZX","1991","Gasoline",49193,3,"Med"
"Peugeot","106","1995","Gasoline",3554,1,"Med"
"Peugeot","106","1994","Gasoline",3327,1,"Med"
"Peugeot","106","2001","Gasoline",8056,1,"Med"
"Peugeot","106","2000","Gasoline",7341,1,"Med"
"Peugeot","106","1999","Gasoline",6866,1,"Med"
"Peugeot","106","1998","Gasoline",6292,1,"Med"
"Peugeot","106","2001","Gasoline",10886,1,"Med"
"Peugeot","106","2000","Gasoline",7930,1,"Med"
"Peugeot","106","1999","Gasoline",7429,1,"Med"
"Peugeot","106","1998","Gasoline",6641,1,"Med"
"Peugeot","106","2001","Gasoline",8082,1,"Med"
"Peugeot","106","2001","Gasoline",7319,1,"Med"
"Peugeot","106","2000","Gasoline",7061,1,"Med"
"Peugeot","106","1999","Gasoline",5824,1,"Med"
"Peugeot","106","1998","Gasoline",4769,1,"Med"
"Peugeot","106","2001","Gasoline",7796,1,"Med"
"Peugeot","106","2000","Gasoline",7510,1,"Med"
"Peugeot","106","1999","Gasoline",6365,1,"Med"
"Peugeot","106","1998","Gasoline",5382,1,"Med"
"Peugeot","106","2001","Gasoline",7916,1,"Med"
"Peugeot","106","2000","Gasoline",7181,1,"Med"
"Peugeot","106","1999","Gasoline",6549,1,"Med"
"Peugeot","106","1998","Gasoline",6231,1,"Med"
"Peugeot","106","2001","Gasoline",9028,1,"Med"
"Peugeot","106","2000","Gasoline",7680,1,"Med"
"Peugeot","106","1999","Gasoline",7067,1,"Med"
"Peugeot","106","1998","Gasoline",6527,1,"Med"
"Peugeot","2008","Zero KM","Gasoline",78063,1.6,"Aut"
"Peugeot","2008","2019","Gasoline",71306,1.6,"Aut"
"Peugeot","2008","2018","Gasoline",68202,1.6,"Aut"
"Peugeot","2008","2017","Gasoline",66005,1.6,"Aut"
"Peugeot","2008","2016","Gasoline",62534,1.6,"Aut"
"Peugeot","2008","2015","Gasoline",58831,1.6,"Aut"
"Peugeot","2008","Zero KM","Gasoline",70672,1.6,"Med"
"Peugeot","2008","2018","Gasoline",64688,1.6,"Med"
"Peugeot","2008","2017","Gasoline",62569,1.6,"Med"
"Peugeot","2008","2016","Gasoline",60265,1.6,"Med"
"Peugeot","2008","2015","Gasoline",57396,1.6,"Med"
"Peugeot","2008","Zero KM","Gasoline",85363,1.6,"Aut"
"Peugeot","2008","2019","Gasoline",78107,1.6,"Aut"
"Peugeot","2008","2018","Gasoline",74982,1.6,"Aut"
"Peugeot","2008","2017","Gasoline",72319,1.6,"Aut"
"Peugeot","2008","Zero KM","Gasoline",82272,1.6,"Aut"
"Peugeot","2008","2018","Gasoline",74455,1.6,"Aut"
"Peugeot","2008","2017","Gasoline",71988,1.6,"Aut"
"Peugeot","2008","2016","Gasoline",67362,1.6,"Aut"
"Peugeot","2008","2015","Gasoline",62484,1.6,"Aut"
"Peugeot","2008","Zero KM","Gasoline",78790,1.6,"Med"
"Peugeot","2008","2017","Gasoline",71784,1.6,"Med"
"Peugeot","2008","2016","Gasoline",66400,1.6,"Med"
"Peugeot","2008","2015","Gasoline",62199,1.6,"Med"
"Peugeot","2008","Zero KM","Gasoline",88081,1.6,"Med"
"Peugeot","2008","2018","Gasoline",80130,1.6,"Med"
"Peugeot","2008","2017","Gasoline",74920,1.6,"Med"
"Peugeot","2008","2016","Gasoline",67495,1.6,"Med"
"Peugeot","2008","2015","Gasoline",64904,1.6,"Med"
"Peugeot","205","1995","Gasoline",7215,1.4,"Med"
"Peugeot","205","1994","Gasoline",6013,1.4,"Med"
"Peugeot","205","1993","Gasoline",5278,1.4,"Med"
"Peugeot","205","1992","Gasoline",4727,1.4,"Med"
"Peugeot","205","1995","Gasoline",4848,1.4,"Med"
"Peugeot","205","1994","Gasoline",4200,1.4,"Med"
"Peugeot","205","1993","Gasoline",3314,1.4,"Med"
"Peugeot","205","1998","Gasoline",6562,1.4,"Med"
"Peugeot","205","1997","Gasoline",5612,1.4,"Med"
"Peugeot","205","1996","Gasoline",4395,1.4,"Med"
"Peugeot","205","1995","Gasoline",4262,1.4,"Med"
"Peugeot","205","1994","Gasoline",3486,1.4,"Med"
"Peugeot","205","1993","Gasoline",3071,1.4,"Med"
"Peugeot","206","2008","Gasoline",14165,1.6,"Med"
"Peugeot","206","2008","Gasoline",16085,1.6,"Med"
"Peugeot","206","2007","Gasoline",15578,1.6,"Med"
"Peugeot","206","2008","Gasoline",17218,1.6,"Med"
"Peugeot","206","2008","Gasoline",42971,1.6,"Med"
"Peugeot","206","2007","Gasoline",41524,1.6,"Med"
"Peugeot","206","2006","Gasoline",39562,1.6,"Med"
"Peugeot","206","2005","Gasoline",38278,1.6,"Med"
"Peugeot","206","2004","Gasoline",36987,1.6,"Med"
"Peugeot","206","2003","Gasoline",35525,1.6,"Med"
"Peugeot","206","2002","Gasoline",34294,1.6,"Med"
"Peugeot","206","2001","Gasoline",30915,1.6,"Med"
"Peugeot","206","2008","Gasoline",15838,1.4,"Med"
"Peugeot","206","2007","Gasoline",14896,1.4,"Med"
"Peugeot","206","2006","Gasoline",14365,1.4,"Med"
"Peugeot","206","2005","Gasoline",13442,1.4,"Med"
"Peugeot","206","2004","Gasoline",12495,1.4,"Med"
"Peugeot","206","2006","Gasoline",12410,1.4,"Med"
"Peugeot","206","2006","Gasoline",12976,1.4,"Med"
"Peugeot","206","2006","Gasoline",13298,1.6,"Med"
"Peugeot","206","2006","Gasoline",14451,1.6,"Med"
"Peugeot","206","2005","Gasoline",13965,1.6,"Med"
"Peugeot","206","2008","Gasoline",16420,1.4,"Med"
"Peugeot","206","2007","Gasoline",15350,1.4,"Med"
"Peugeot","206","2001","Gasoline",10232,1.6,"Med"
"Peugeot","206","2000","Gasoline",9666,1.6,"Med"
"Peugeot","206","1999","Gasoline",9220,1.6,"Med"
"Peugeot","206","2004","Gasoline",12695,1.6,"Med"
"Peugeot","206","2003","Gasoline",11900,1.6,"Med"
"Peugeot","206","2002","Gasoline",11325,1.6,"Med"
"Peugeot","206","2001","Gasoline",10255,1.6,"Med"
"Peugeot","206","2008","Gasoline",14675,1.4,"Med"
"Peugeot","206","2007","Gasoline",13491,1.4,"Med"
"Peugeot","206","2006","Gasoline",12125,1.4,"Med"
"Peugeot","206","2005","Gasoline",11745,1.4,"Med"
"Peugeot","206","2004","Gasoline",11181,1.4,"Med"
"Peugeot","206","2008","Gasoline",15334,1.4,"Med"
"Peugeot","206","2007","Gasoline",14872,1.4,"Med"
"Peugeot","206","2006","Gasoline",13746,1.4,"Med"
"Peugeot","206","2005","Gasoline",12872,1.4,"Med"
"Peugeot","206","2004","Gasoline",12442,1.4,"Med"
"Peugeot","206","2001","Gasoline",10849,1.6,"Med"
"Peugeot","206","2000","Gasoline",10233,1.6,"Med"
"Peugeot","206","1999","Gasoline",9440,1.6,"Med"
"Peugeot","206","2006","Gasoline",16652,1.6,"Med"
"Peugeot","206","2005","Gasoline",14005,1.6,"Med"
"Peugeot","206","2004","Gasoline",12718,1.6,"Med"
"Peugeot","206","2003","Gasoline",11916,1.6,"Med"
"Peugeot","206","2002","Gasoline",11524,1.6,"Med"
"Peugeot","206","2001","Gasoline",10921,1.6,"Med"
"Peugeot","206","2007","Gasoline",15112,1.6,"Med"
"Peugeot","206","2006","Gasoline",13248,1.6,"Med"
"Peugeot","206","2005","Gasoline",12798,1.6,"Med"
"Peugeot","206","2004","Gasoline",12000,1.6,"Med"
"Peugeot","206","2003","Gasoline",11500,1.6,"Med"
"Peugeot","206","2004","Gasoline",11795,1.6,"Med"
"Peugeot","206","2003","Gasoline",10833,1.6,"Med"
"Peugeot","206","2006","Gasoline",12400,1,"Med"
"Peugeot","206","2005","Gasoline",11076,1,"Med"
"Peugeot","206","2004","Gasoline",10441,1,"Med"
"Peugeot","206","2003","Gasoline",10034,1,"Med"
"Peugeot","206","2002","Gasoline",9356,1,"Med"
"Peugeot","206","2001","Gasoline",8887,1,"Med"
"Peugeot","206","2006","Gasoline",12933,1,"Med"
"Peugeot","206","2005","Gasoline",12364,1,"Med"
"Peugeot","206","2004","Gasoline",11333,1,"Med"
"Peugeot","206","2003","Gasoline",10847,1,"Med"
"Peugeot","206","2002","Gasoline",10356,1,"Med"
"Peugeot","206","2001","Gasoline",9810,1,"Med"
"Peugeot","206","2010","Gasoline",14567,1.4,"Med"
"Peugeot","206","2009","Gasoline",13426,1.4,"Med"
"Peugeot","206","2008","Gasoline",12750,1.4,"Med"
"Peugeot","206","2007","Gasoline",12258,1.4,"Med"
"Peugeot","206","2006","Gasoline",11622,1.4,"Med"
"Peugeot","206","2010","Gasoline",15647,1.4,"Med"
"Peugeot","206","2009","Gasoline",15121,1.4,"Med"
"Peugeot","206","2008","Gasoline",14113,1.4,"Med"
"Peugeot","206","2007","Gasoline",13693,1.4,"Med"
"Peugeot","206","2006","Gasoline",13179,1.4,"Med"
"Peugeot","206","2004","Gasoline",11539,1,"Med"
"Peugeot","206","2003","Gasoline",11076,1,"Med"
"Peugeot","206","2002","Gasoline",10687,1,"Med"
"Peugeot","206","2001","Gasoline",10344,1,"Med"
"Peugeot","206","2004","Gasoline",12238,1.6,"Med"
"Peugeot","206","2003","Gasoline",11794,1.6,"Med"
"Peugeot","206","2002","Gasoline",10919,1.6,"Med"
"Peugeot","206","2001","Gasoline",10136,1.6,"Med"
"Peugeot","206","2001","Gasoline",9133,1.6,"Med"
"Peugeot","206","2000","Gasoline",7891,1.6,"Med"
"Peugeot","206","1999","Gasoline",7465,1.6,"Med"
"Peugeot","206","2001","Gasoline",9956,1.6,"Med"
"Peugeot","206","2000","Gasoline",8862,1.6,"Med"
"Peugeot","206","1999","Gasoline",8452,1.6,"Med"
"Peugeot","206","2004","Gasoline",11499,1,"Med"
"Peugeot","206","2003","Gasoline",10356,1,"Med"
"Peugeot","206","2002","Gasoline",9985,1,"Med"
"Peugeot","206","2001","Gasoline",9403,1,"Med"
"Peugeot","206","2004","Gasoline",12378,1.6,"Med"
"Peugeot","206","2003","Gasoline",11502,1.6,"Med"
"Peugeot","206","2002","Gasoline",11148,1.6,"Med"
"Peugeot","206","2001","Gasoline",10036,1.6,"Med"
"Peugeot","206","2008","Gasoline",18310,1.6,"Med"
"Peugeot","206","2008","Gasoline",16760,1.6,"Med"
"Peugeot","206","2007","Gasoline",16137,1.6,"Med"
"Peugeot","206","2008","Gasoline",17461,1.6,"Med"
"Peugeot","206","2007","Gasoline",16348,1.6,"Med"
"Peugeot","206","2006","Gasoline",15011,1.6,"Med"
"Peugeot","206","2005","Gasoline",14528,1.6,"Med"
"Peugeot","206","2008","Gasoline",17531,1.4,"Med"
"Peugeot","206","2008","Gasoline",15301,1.4,"Med"
"Peugeot","206","2007","Gasoline",14785,1.4,"Med"
"Peugeot","206","2006","Gasoline",14141,1.4,"Med"
"Peugeot","206","2005","Gasoline",13521,1.4,"Med"
"Peugeot","206","2007","Gasoline",15387,1.6,"Med"
"Peugeot","206","2006","Gasoline",14800,1.6,"Med"
"Peugeot","206","2005","Gasoline",13813,1.6,"Med"
"Peugeot","206","2004","Gasoline",12414,1,"Med"
"Peugeot","206","2003","Gasoline",11673,1,"Med"
"Peugeot","206","2008","Gasoline",17015,1.6,"Med"
"Peugeot","206","2007","Gasoline",15743,1.6,"Med"
"Peugeot","206","2006","Gasoline",14526,1.6,"Med"
"Peugeot","206","2005","Gasoline",13636,1.6,"Med"
"Peugeot","206","2004","Gasoline",13201,1.6,"Med"
"Peugeot","206","2003","Gasoline",12387,1.6,"Med"
"Peugeot","207","2015","Gasoline",28366,1.4,"Med"
"Peugeot","207","2014","Gasoline",26792,1.4,"Med"
"Peugeot","207","2014","Gasoline",23857,1.4,"Med"
"Peugeot","207","2013","Gasoline",22681,1.4,"Med"
"Peugeot","207","2011","Gasoline",21495,1.4,"Med"
"Peugeot","207","2010","Gasoline",20482,1.4,"Med"
"Peugeot","207","2011","Gasoline",21593,1.4,"Med"
"Peugeot","207","2010","Gasoline",20514,1.4,"Med"
"Peugeot","207","2013","Gasoline",27788,1.6,"Med"
"Peugeot","207","2012","Gasoline",24433,1.6,"Med"
"Peugeot","207","2013","Gasoline",24535,1.4,"Med"
"Peugeot","207","2012","Gasoline",23623,1.4,"Med"
"Peugeot","207","2011","Gasoline",21865,1.4,"Med"
"Peugeot","207","2010","Gasoline",21195,1.4,"Med"
"Peugeot","207","2009","Gasoline",19654,1.4,"Med"
"Peugeot","207","2015","Gasoline",28745,1.4,"Med"
"Peugeot","207","2014","Gasoline",27240,1.4,"Med"
"Peugeot","207","2014","Gasoline",29470,1.4,"Med"
"Peugeot","207","2013","Gasoline",24105,1.4,"Med"
"Peugeot","207","2012","Gasoline",23021,1.4,"Med"
"Peugeot","207","2011","Gasoline",21850,1.4,"Med"
"Peugeot","207","2010","Gasoline",21188,1.4,"Med"
"Peugeot","207","2009","Gasoline",19611,1.4,"Med"
"Peugeot","207","2013","Gasoline",26491,1.6,"Med"
"Peugeot","207","2012","Gasoline",24719,1.6,"Med"
"Peugeot","207","2011","Gasoline",22487,1.6,"Med"
"Peugeot","207","2010","Gasoline",21598,1.6,"Med"
"Peugeot","207","2009","Gasoline",20181,1.6,"Med"
"Peugeot","207","2013","Gasoline",20926,1.4,"Med"
"Peugeot","207","2012","Gasoline",20247,1.4,"Med"
"Peugeot","207","2011","Gasoline",19509,1.4,"Med"
"Peugeot","207","2010","Gasoline",18336,1.4,"Med"
"Peugeot","207","2009","Gasoline",16904,1.4,"Med"
"Peugeot","207","2014","Gasoline",24763,1.4,"Med"
"Peugeot","207","2013","Gasoline",23395,1.4,"Med"
"Peugeot","207","2012","Gasoline",22516,1.4,"Med"
"Peugeot","207","2011","Gasoline",21461,1.4,"Med"
"Peugeot","207","2010","Gasoline",20373,1.4,"Med"
"Peugeot","207","2009","Gasoline",18972,1.4,"Med"
"Peugeot","207","2010","Gasoline",19153,1.4,"Med"
"Peugeot","207","2009","Gasoline",18189,1.4,"Med"
"Peugeot","207","2013","Gasoline",24783,1.4,"Med"
"Peugeot","207","2012","Gasoline",23149,1.4,"Med"
"Peugeot","207","2011","Gasoline",21775,1.4,"Med"
"Peugeot","207","2010","Gasoline",20664,1.4,"Med"
"Peugeot","207","2009","Gasoline",19189,1.4,"Med"
"Peugeot","207","2010","Gasoline",20655,1.6,"Med"
"Peugeot","207","2009","Gasoline",19120,1.6,"Med"
"Peugeot","207","2013","Gasoline",28199,1.6,"Med"
"Peugeot","207","2012","Gasoline",23170,1.6,"Med"
"Peugeot","207","2011","Gasoline",22086,1.6,"Med"
"Peugeot","207","2010","Gasoline",21297,1.6,"Med"
"Peugeot","207","2009","Gasoline",20128,1.6,"Med"
"Peugeot","207","2013","Gasoline",28734,1.6,"Aut"
"Peugeot","207","2012","Gasoline",25535,1.6,"Aut"
"Peugeot","207","2011","Gasoline",23351,1.6,"Aut"
"Peugeot","207","2010","Gasoline",21429,1.6,"Aut"
"Peugeot","207","2009","Gasoline",20565,1.6,"Aut"
"Peugeot","208","Zero KM","Gasoline",51957,1.2,"Med"
"Peugeot","208","2019","Gasoline",47799,1.2,"Med"
"Peugeot","208","2018","Gasoline",45903,1.2,"Med"
"Peugeot","208","2017","Gasoline",44089,1.2,"Med"
"Peugeot","208","2016","Gasoline",41446,1.2,"Med"
"Peugeot","208","Zero KM","Gasoline",54395,1.2,"Med"
"Peugeot","208","2019","Gasoline",50043,1.2,"Med"
"Peugeot","208","2018","Gasoline",48066,1.2,"Med"
"Peugeot","208","2017","Gasoline",46148,1.2,"Med"
"Peugeot","208","Zero KM","Gasoline",63826,1.6,"Aut"
"Peugeot","208","2019","Gasoline",58018,1.6,"Aut"
"Peugeot","208","2015","Gasoline",40238,1.6,"Aut"
"Peugeot","208","2016","Gasoline",43204,1.5,"Med"
"Peugeot","208","2015","Gasoline",39179,1.5,"Med"
"Peugeot","208","2014","Gasoline",35279,1.5,"Med"
"Peugeot","208","2013","Gasoline",33293,1.5,"Med"
"Peugeot","208","Zero KM","Gasoline",59171,1.2,"Med"
"Peugeot","208","2019","Gasoline",54437,1.2,"Med"
"Peugeot","208","2018","Gasoline",52286,1.2,"Med"
"Peugeot","208","2017","Gasoline",50247,1.2,"Med"
"Peugeot","208","2016","Gasoline",46513,1.5,"Med"
"Peugeot","208","2015","Gasoline",41388,1.5,"Med"
"Peugeot","208","2014","Gasoline",38374,1.5,"Med"
"Peugeot","208","2013","Gasoline",36485,1.5,"Med"
"Peugeot","208","Zero KM","Gasoline",64034,1.6,"Aut"
"Peugeot","208","2018","Gasoline",59334,1.6,"Aut"
"Peugeot","208","2017","Gasoline",57327,1.6,"Aut"
"Peugeot","208","2016","Gasoline",53062,1.6,"Aut"
"Peugeot","208","2016","Gasoline",48001,1.5,"Med"
"Peugeot","208","2016","Gasoline",47688,1.6,"Med"
"Peugeot","208","Zero KM","Gasoline",70157,1.6,"Aut"
"Peugeot","208","2019","Gasoline",64542,1.6,"Aut"
"Peugeot","208","2018","Gasoline",62401,1.6,"Aut"
"Peugeot","208","2017","Gasoline",60415,1.6,"Aut"
"Peugeot","208","2016","Gasoline",56744,1.6,"Aut"
"Peugeot","208","2015","Gasoline",47504,1.6,"Aut"
"Peugeot","208","2014","Gasoline",43464,1.6,"Aut"
"Peugeot","208","2013","Gasoline",40109,1.6,"Aut"
"Peugeot","208","2016","Gasoline",50657,1.6,"Med"
"Peugeot","208","2015","Gasoline",45571,1.6,"Med"
"Peugeot","208","2014","Gasoline",40816,1.6,"Med"
"Peugeot","208","2013","Gasoline",38905,1.6,"Med"
"Peugeot","208","Zero KM","Gasoline",84140,1.6,"Med"
"Peugeot","208","2019","Gasoline",76988,1.6,"Med"
"Peugeot","208","2018","Gasoline",73908,1.6,"Med"
"Peugeot","208","2017","Gasoline",70959,1.6,"Med"
"Peugeot","208","2016","Gasoline",67325,1.6,"Med"
"Peugeot","208","Zero KM","Gasoline",63815,1.6,"Med"
"Peugeot","208","2018","Gasoline",58204,1.6,"Med"
"Peugeot","208","2017","Gasoline",55849,1.6,"Med"
"Peugeot","208","Zero KM","Gasoline",72967,1.6,"Aut"
"Peugeot","208","2018","Gasoline",65505,1.6,"Aut"
"Peugeot","3008","2014","Gasoline",53507,1.6,"Aut"
"Peugeot","3008","2013","Gasoline",49320,1.6,"Aut"
"Peugeot","3008","2012","Gasoline",44125,1.6,"Aut"
"Peugeot","3008","2011","Gasoline",41286,1.6,"Aut"
"Peugeot","3008","Zero KM","Gasoline",145800,1.6,"Aut"
"Peugeot","3008","2019","Gasoline",132810,1.6,"Aut"
"Peugeot","3008","2018","Gasoline",128599,1.6,"Aut"
"Peugeot","3008","2016","Gasoline",84400,1.6,"Aut"
"Peugeot","3008","2015","Gasoline",74985,1.6,"Aut"
"Peugeot","3008","2014","Gasoline",61235,1.6,"Aut"
"Peugeot","3008","2013","Gasoline",54350,1.6,"Aut"
"Peugeot","3008","2012","Gasoline",47956,1.6,"Aut"
"Peugeot","3008","2011","Gasoline",44158,1.6,"Aut"
"Peugeot","3008","Zero KM","Gasoline",156285,1.6,"Aut"
"Peugeot","3008","2019","Gasoline",140287,1.6,"Aut"
"Peugeot","3008","2014","Gasoline",71354,1.6,"Med"
"Peugeot","306","2001","Gasoline",8581,1.8,"Med"
"Peugeot","306","2000","Gasoline",7804,1.8,"Med"
"Peugeot","306","1999","Gasoline",7501,1.8,"Med"
"Peugeot","306","1998","Gasoline",6720,1.8,"Med"
"Peugeot","306","1998","Gasoline",16311,1.8,"Med"
"Peugeot","306","1995","Gasoline",15689,1.8,"Med"
"Peugeot","306","1994","Gasoline",9872,1.8,"Med"
"Peugeot","306","2000","Gasoline",22225,2,"Med"
"Peugeot","306","1999","Gasoline",21356,2,"Med"
"Peugeot","306","1998","Gasoline",19406,2,"Med"
"Peugeot","306","1995","Gasoline",18766,2,"Med"
"Peugeot","306","1994","Gasoline",12420,2,"Med"
"Peugeot","306","2000","Gasoline",17657,2,"Med"
"Peugeot","306","1999","Gasoline",14325,2,"Med"
"Peugeot","306","1998","Gasoline",13104,2,"Med"
"Peugeot","306","2001","Gasoline",9831,1.8,"Med"
"Peugeot","306","2000","Gasoline",7760,1.8,"Med"
"Peugeot","306","1999","Gasoline",7455,1.8,"Med"
"Peugeot","306","1998","Gasoline",7133,1.8,"Med"
"Peugeot","306","2001","Gasoline",10362,1.8,"Med"
"Peugeot","306","2000","Gasoline",9738,1.8,"Med"
"Peugeot","306","1999","Gasoline",9410,1.8,"Med"
"Peugeot","306","1998","Gasoline",8265,1.8,"Med"
"Peugeot","306","2001","Gasoline",10574,1.8,"Med"
"Peugeot","306","2000","Gasoline",10090,1.8,"Med"
"Peugeot","306","1999","Gasoline",9785,1.8,"Med"
"Peugeot","306","1998","Gasoline",9103,1.8,"Med"
"Peugeot","306","1995","Gasoline",10825,2,"Med"
"Peugeot","306","1994","Gasoline",7300,2,"Med"
"Peugeot","306","2000","Gasoline",8967,1.8,"Med"
"Peugeot","306","1999","Gasoline",8469,1.8,"Med"
"Peugeot","306","1998","Gasoline",7014,1.8,"Med"
"Peugeot","306","2000","Gasoline",9063,1.8,"Med"
"Peugeot","306","1999","Gasoline",8675,1.8,"Med"
"Peugeot","306","1998","Gasoline",7363,1.8,"Med"
"Peugeot","306","1998","Gasoline",7260,1.8,"Med"
"Peugeot","306","1997","Gasoline",6763,1.8,"Med"
"Peugeot","306","2001","Gasoline",9624,1.8,"Med"
"Peugeot","306","2000","Gasoline",8763,1.8,"Med"
"Peugeot","306","1999","Gasoline",8449,1.8,"Med"
"Peugeot","306","2001","Gasoline",8432,1.8,"Med"
"Peugeot","306","2000","Gasoline",7758,1.8,"Med"
"Peugeot","306","1999","Gasoline",7317,1.8,"Med"
"Peugeot","306","2001","Gasoline",8791,1.8,"Med"
"Peugeot","306","2000","Gasoline",8341,1.8,"Med"
"Peugeot","306","2001","Gasoline",8453,1.8,"Med"
"Peugeot","306","2000","Gasoline",7656,1.8,"Med"
"Peugeot","306","1998","Gasoline",6510,1.8,"Med"
"Peugeot","306","1997","Gasoline",6132,1.8,"Med"
"Peugeot","306","1998","Gasoline",8301,1.8,"Med"
"Peugeot","306","1997","Gasoline",7123,1.8,"Med"
"Peugeot","306","1996","Gasoline",6856,1.8,"Med"
"Peugeot","306","1997","Gasoline",7110,1.6,"Med"
"Peugeot","306","1996","Gasoline",6854,1.6,"Med"
"Peugeot","306","1995","Gasoline",6525,1.6,"Med"
"Peugeot","306","1996","Gasoline",7397,2,"Med"
"Peugeot","306","1995","Gasoline",7021,2,"Med"
"Peugeot","306","1994","Gasoline",5900,2,"Med"
"Peugeot","307","2005","Gasoline",42383,2,"Med"
"Peugeot","307","2008","Gasoline",55155,2,"Aut"
"Peugeot","307","2007","Gasoline",53090,2,"Aut"
"Peugeot","307","2006","Gasoline",49558,2,"Aut"
"Peugeot","307","2005","Gasoline",46644,2,"Aut"
"Peugeot","307","2004","Gasoline",38710,2,"Aut"
"Peugeot","307","2010","Gasoline",27512,2,"Med"
"Peugeot","307","2009","Gasoline",24594,2,"Med"
"Peugeot","307","2008","Gasoline",21580,2,"Med"
"Peugeot","307","2007","Gasoline",19391,2,"Med"
"Peugeot","307","2006","Gasoline",18054,2,"Med"
"Peugeot","307","2005","Gasoline",17361,2,"Med"
"Peugeot","307","2004","Gasoline",16485,2,"Med"
"Peugeot","307","2012","Gasoline",31863,2,"Aut"
"Peugeot","307","2011","Gasoline",28457,2,"Aut"
"Peugeot","307","2010","Gasoline",27541,2,"Aut"
"Peugeot","307","2009","Gasoline",25150,2,"Aut"
"Peugeot","307","2008","Gasoline",21987,2,"Aut"
"Peugeot","307","2007","Gasoline",20985,2,"Aut"
"Peugeot","307","2006","Gasoline",19783,2,"Aut"
"Peugeot","307","2005","Gasoline",17718,2,"Aut"
"Peugeot","307","2004","Gasoline",16523,2,"Aut"
"Peugeot","307","2011","Gasoline",25035,1.6,"Med"
"Peugeot","307","2004","Gasoline",16810,1.6,"Med"
"Peugeot","307","2003","Gasoline",14770,1.6,"Med"
"Peugeot","307","2002","Gasoline",14319,1.6,"Med"
"Peugeot","307","2001","Gasoline",12089,1.6,"Med"
"Peugeot","307","2003","Gasoline",15878,2,"Med"
"Peugeot","307","2012","Gasoline",34063,2,"Aut"
"Peugeot","307","2011","Gasoline",26985,2,"Aut"
"Peugeot","307","2010","Gasoline",25611,2,"Aut"
"Peugeot","307","2009","Gasoline",24664,2,"Aut"
"Peugeot","307","2008","Gasoline",23159,2,"Aut"
"Peugeot","307","2003","Gasoline",15820,1.6,"Med"
"Peugeot","307","2002","Gasoline",15256,1.6,"Med"
"Peugeot","307","2001","Gasoline",14163,1.6,"Med"
"Peugeot","307","2005","Gasoline",17540,2,"Med"
"Peugeot","307","2004","Gasoline",16741,2,"Med"
"Peugeot","307","2003","Gasoline",15984,2,"Med"
"Peugeot","307","2006","Gasoline",20472,2,"Aut"
"Peugeot","307","2005","Gasoline",17872,2,"Aut"
"Peugeot","307","2004","Gasoline",17033,2,"Aut"
"Peugeot","307","2010","Gasoline",29312,2,"Med"
"Peugeot","307","2009","Gasoline",25254,2,"Med"
"Peugeot","307","2008","Gasoline",21256,2,"Med"
"Peugeot","307","2007","Gasoline",19585,2,"Med"
"Peugeot","307","2012","Gasoline",28034,1.6,"Med"
"Peugeot","307","2011","Gasoline",27028,1.6,"Med"
"Peugeot","307","2010","Gasoline",24868,1.6,"Med"
"Peugeot","307","2009","Gasoline",23171,1.6,"Med"
"Peugeot","307","2008","Gasoline",20330,1.6,"Med"
"Peugeot","307","2007","Gasoline",19130,1.6,"Med"
"Peugeot","307","2011","Gasoline",30976,2,"Aut"
"Peugeot","307","2010","Gasoline",28324,2,"Aut"
"Peugeot","307","2009","Gasoline",24944,2,"Aut"
"Peugeot","307","2011","Gasoline",32195,2,"Med"
"Peugeot","307","2010","Gasoline",29457,2,"Med"
"Peugeot","307","2009","Gasoline",25355,2,"Med"
"Peugeot","307","2008","Gasoline",22450,2,"Med"
"Peugeot","307","2007","Gasoline",19642,2,"Med"
"Peugeot","307","2012","Gasoline",28990,1.6,"Med"
"Peugeot","307","2011","Gasoline",28134,1.6,"Med"
"Peugeot","307","2010","Gasoline",25383,1.6,"Med"
"Peugeot","307","2009","Gasoline",23410,1.6,"Med"
"Peugeot","307","2008","Gasoline",21566,1.6,"Med"
"Peugeot","307","2007","Gasoline",19131,1.6,"Med"
"Peugeot","307","2006","Gasoline",18339,1.6,"Med"
"Peugeot","307","2005","Gasoline",17256,1.6,"Med"
"Peugeot","307","2004","Gasoline",16473,1.6,"Med"
"Peugeot","307","2003","Gasoline",15644,1.6,"Med"
"Peugeot","307","2002","Gasoline",15038,1.6,"Med"
"Peugeot","307","2001","Gasoline",13720,1.6,"Med"
"Peugeot","307","2005","Gasoline",18052,2,"Med"
"Peugeot","307","2004","Gasoline",16484,2,"Med"
"Peugeot","307","2003","Gasoline",15956,2,"Med"
"Peugeot","307","2007","Gasoline",21619,2,"Aut"
"Peugeot","307","2006","Gasoline",18676,2,"Aut"
"Peugeot","307","2005","Gasoline",17945,2,"Aut"
"Peugeot","307","2004","Gasoline",17170,2,"Aut"
"Peugeot","307","2008","Gasoline",23500,2,"Aut"
"Peugeot","307","2007","Gasoline",21435,2,"Aut"
"Peugeot","307","2008","Gasoline",21997,2,"Med"
"Peugeot","307","2007","Gasoline",21226,2,"Med"
"Peugeot","307","2008","Gasoline",24272,2,"Aut"
"Peugeot","307","2007","Gasoline",22111,2,"Aut"
"Peugeot","308","2015","Gasoline",46856,1.6,"Med"
"Peugeot","308","2014","Gasoline",40670,1.6,"Med"
"Peugeot","308","2013","Gasoline",34323,1.6,"Med"
"Peugeot","308","2016","Gasoline",54616,1.6,"Med"
"Peugeot","308","2013","Gasoline",34330,1.6,"Med"
"Peugeot","308","2012","Gasoline",33256,1.6,"Med"
"Peugeot","308","2017","Gasoline",71300,1.6,"Aut"
"Peugeot","308","2016","Gasoline",63239,2,"Aut"
"Peugeot","308","2015","Gasoline",53752,2,"Aut"
"Peugeot","308","2014","Gasoline",45572,2,"Aut"
"Peugeot","308","2013","Gasoline",40199,2,"Aut"
"Peugeot","308","2015","Gasoline",52871,2,"Med"
"Peugeot","308","2014","Gasoline",42153,2,"Med"
"Peugeot","308","2013","Gasoline",39228,2,"Med"
"Peugeot","308","2012","Gasoline",36646,2,"Med"
"Peugeot","308","Zero KM","Gasoline",69288,1.6,"Aut"
"Peugeot","308","2018","Gasoline",64946,1.6,"Aut"
"Peugeot","308","2017","Gasoline",61216,1.6,"Aut"
"Peugeot","308","2015","Gasoline",113895,1.6,"Aut"
"Peugeot","308","2014","Gasoline",100210,1.6,"Aut"
"Peugeot","308","2013","Gasoline",88215,1.6,"Aut"
"Peugeot","308","2012","Gasoline",81972,1.6,"Aut"
"Peugeot","308","2014","Gasoline",106716,1.6,"Med"
"Peugeot","308","2013","Gasoline",42245,2,"Aut"
"Peugeot","308","2012","Gasoline",38511,2,"Aut"
"Peugeot","308","2016","Gasoline",68355,1.6,"Aut"
"Peugeot","308","2015","Gasoline",61997,1.6,"Aut"
"Peugeot","308","2014","Gasoline",50674,1.6,"Aut"
"Peugeot","308","2013","Gasoline",46332,1.6,"Aut"
"Peugeot","308","Zero KM","Gasoline",83518,1.6,"Aut"
"Peugeot","308","2018","Gasoline",74578,1.6,"Aut"
"Peugeot","308","2017","Gasoline",70666,1.6,"Aut"
"Peugeot","308","2016","Gasoline",67833,1.6,"Aut"
"Peugeot","308","2015","Gasoline",49450,1.6,"Med"
"Peugeot","308","Zero KM","Gasoline",92337,1.6,"Med"
"Peugeot","308","2018","Gasoline",84814,1.6,"Med"
"Peugeot","308","2015","Gasoline",57490,1.6,"Med"
"Peugeot","308","2014","Gasoline",53229,1.6,"Med"
"Peugeot","405","1996","Gasoline",5135,1.6,"Med"
"Peugeot","405","1995","Gasoline",4975,1.6,"Med"
"Peugeot","405","1994","Gasoline",4298,1.6,"Med"
"Peugeot","405","1993","Gasoline",3833,1.6,"Med"
"Peugeot","405","1992","Gasoline",3630,1.6,"Med"
"Peugeot","405","1996","Gasoline",6943,1.8,"Med"
"Peugeot","405","1995","Gasoline",6404,1.8,"Med"
"Peugeot","405","1994","Gasoline",5515,1.8,"Med"
"Peugeot","405","1993","Gasoline",4799,1.8,"Med"
"Peugeot","405","1995","Gasoline",8487,2,"Med"
"Peugeot","405","1994","Gasoline",7292,2,"Med"
"Peugeot","405","1996","Gasoline",7152,1.8,"Med"
"Peugeot","405","1995","Gasoline",6854,1.8,"Med"
"Peugeot","405","1994","Gasoline",6162,1.8,"Med"
"Peugeot","405","1993","Gasoline",5147,1.8,"Med"
"Peugeot","405","1999","Gasoline",8455,2,"Med"
"Peugeot","405","1998","Gasoline",8151,2,"Med"
"Peugeot","405","1997","Gasoline",7818,2,"Med"
"Peugeot","405","1996","Gasoline",7544,2,"Med"
"Peugeot","405","1995","Gasoline",7301,2,"Med"
"Peugeot","405","1994","Gasoline",7010,2,"Med"
"Peugeot","406","1999","Gasoline",10381,2,"Med"
"Peugeot","406","1999","Gasoline",13390,3,"Med"
"Peugeot","406","1998","Gasoline",10734,3,"Med"
"Peugeot","406","1999","Gasoline",9679,2,"Med"
"Peugeot","406","1998","Gasoline",9197,2,"Med"
"Peugeot","406","2004","Gasoline",34832,3,"Aut"
"Peugeot","406","2002","Gasoline",33774,3,"Aut"
"Peugeot","406","2001","Gasoline",32748,3,"Aut"
"Peugeot","406","2000","Gasoline",30541,3,"Aut"
"Peugeot","406","1999","Gasoline",29454,3,"Aut"
"Peugeot","406","1998","Gasoline",27411,3,"Aut"
"Peugeot","406","2001","Gasoline",32412,3,"Med"
"Peugeot","406","2000","Gasoline",29254,3,"Med"
"Peugeot","406","1999","Gasoline",28350,3,"Med"
"Peugeot","406","1998","Gasoline",27322,3,"Med"
"Peugeot","406","2001","Gasoline",14054,2,"Aut"
"Peugeot","406","2000","Gasoline",12604,2,"Aut"
"Peugeot","406","2003","Gasoline",15151,2,"Med"
"Peugeot","406","2002","Gasoline",13129,2,"Med"
"Peugeot","406","2001","Gasoline",11678,2,"Med"
"Peugeot","406","2000","Gasoline",10562,2,"Med"
"Peugeot","406","2001","Gasoline",13096,2,"Aut"
"Peugeot","406","2000","Gasoline",12656,2,"Aut"
"Peugeot","406","1999","Gasoline",12118,2,"Aut"
"Peugeot","406","2003","Gasoline",15162,2,"Med"
"Peugeot","406","2002","Gasoline",13503,2,"Med"
"Peugeot","406","2001","Gasoline",13090,2,"Med"
"Peugeot","406","2000","Gasoline",12019,2,"Med"
"Peugeot","406","1999","Gasoline",11649,2,"Med"
"Peugeot","406","2004","Gasoline",22305,3,"Med"
"Peugeot","406","2003","Gasoline",20889,3,"Med"
"Peugeot","406","2002","Gasoline",20212,3,"Med"
"Peugeot","406","2001","Gasoline",19550,3,"Med"
"Peugeot","406","2000","Gasoline",18622,3,"Med"
"Peugeot","406","2001","Gasoline",14037,2,"Med"
"Peugeot","406","2000","Gasoline",12631,2,"Med"
"Peugeot","406","1999","Gasoline",11535,2,"Med"
"Peugeot","406","1998","Gasoline",11049,2,"Med"
"Peugeot","406","1997","Gasoline",9282,2,"Med"
"Peugeot","406","2001","Gasoline",14538,2,"Med"
"Peugeot","406","2000","Gasoline",13389,2,"Med"
"Peugeot","406","1999","Gasoline",12875,2,"Med"
"Peugeot","406","1998","Gasoline",12131,2,"Med"
"Peugeot","406","1997","Gasoline",10406,2,"Med"
"Peugeot","406","2000","Gasoline",13285,2,"Med"
"Peugeot","406","1999","Gasoline",11066,2,"Med"
"Peugeot","406","1998","Gasoline",10505,2,"Med"
"Peugeot","406","1997","Gasoline",8952,2,"Med"
"Peugeot","406","2000","Gasoline",18710,3,"Med"
"Peugeot","406","1999","Gasoline",16565,3,"Med"
"Peugeot","406","1998","Gasoline",14241,3,"Med"
"Peugeot","406","1999","Gasoline",12387,3,"Med"
"Peugeot","406","1998","Gasoline",11518,3,"Med"
"Peugeot","407","2009","Gasoline",25577,2,"Aut"
"Peugeot","407","2008","Gasoline",24478,2,"Aut"
"Peugeot","407","2007","Gasoline",23601,2,"Aut"
"Peugeot","407","2009","Gasoline",38654,3,"Aut"
"Peugeot","407","2008","Gasoline",36633,3,"Aut"
"Peugeot","407","2007","Gasoline",30723,3,"Aut"
"Peugeot","407","2009","Gasoline",51180,3,"Aut"
"Peugeot","407","2008","Gasoline",48605,3,"Aut"
"Peugeot","407","2007","Gasoline",39147,3,"Aut"
"Peugeot","407","2007","Gasoline",27420,2,"Aut"
"Peugeot","407","2006","Gasoline",21602,2,"Aut"
"Peugeot","407","2005","Gasoline",20600,2,"Aut"
"Peugeot","407","2007","Gasoline",35929,3,"Aut"
"Peugeot","407","2006","Gasoline",30339,3,"Aut"
"Peugeot","407","2005","Gasoline",26451,3,"Aut"
"Peugeot","407","2007","Gasoline",27837,2,"Aut"
"Peugeot","407","2006","Gasoline",22831,2,"Aut"
"Peugeot","407","2007","Gasoline",37001,3,"Aut"
"Peugeot","407","2006","Gasoline",32456,3,"Aut"
"Peugeot","407","2005","Gasoline",28451,3,"Aut"
"Peugeot","407","2004","Gasoline",25828,3,"Aut"
"Peugeot","407","2009","Gasoline",29498,2,"Aut"
"Peugeot","407","2008","Gasoline",27573,2,"Aut"
"Peugeot","407","2007","Gasoline",26035,2,"Aut"
"Peugeot","407","2009","Gasoline",40312,3,"Aut"
"Peugeot","407","2008","Gasoline",38541,3,"Aut"
"Peugeot","407","2007","Gasoline",37021,3,"Aut"
"Peugeot","408","Zero KM","Gasoline",69639,1.6,"Med"
"Peugeot","408","2018","Gasoline",64861,1.6,"Med"
"Peugeot","408","2017","Gasoline",62577,1.6,"Med"
"Peugeot","408","Zero KM","Gasoline",93442,1.6,"Med"
"Peugeot","408","2018","Gasoline",85235,1.6,"Med"
"Peugeot","408","2016","Gasoline",62800,2,"Aut"
"Peugeot","408","2015","Gasoline",52616,2,"Aut"
"Peugeot","408","2014","Gasoline",42107,2,"Aut"
"Peugeot","408","2013","Gasoline",38356,2,"Aut"
"Peugeot","408","2012","Gasoline",33380,2,"Aut"
"Peugeot","408","2011","Gasoline",32006,2,"Aut"
"Peugeot","408","2015","Gasoline",52343,2,"Med"
"Peugeot","408","2014","Gasoline",38400,2,"Med"
"Peugeot","408","2013","Gasoline",35673,2,"Med"
"Peugeot","408","2012","Gasoline",31830,2,"Med"
"Peugeot","408","2011","Gasoline",30585,2,"Med"
"Peugeot","408","2013","Gasoline",44704,2,"Aut"
"Peugeot","408","2012","Gasoline",38554,2,"Aut"
"Peugeot","408","2011","Gasoline",35808,2,"Aut"
"Peugeot","408","Zero KM","Gasoline",86335,1.6,"Aut"
"Peugeot","408","2018","Gasoline",80015,1.6,"Aut"
"Peugeot","408","2017","Gasoline",77485,1.6,"Aut"
"Peugeot","408","2016","Gasoline",72730,1.6,"Aut"
"Peugeot","408","2016","Gasoline",73360,1.6,"Aut"
"Peugeot","408","2015","Gasoline",54102,1.6,"Aut"
"Peugeot","408","2014","Gasoline",46657,1.6,"Aut"
"Peugeot","408","2013","Gasoline",44806,1.6,"Aut"
"Peugeot","408","2012","Gasoline",38705,1.6,"Aut"
"Peugeot","408","2012","Gasoline",39294,2,"Aut"
"Peugeot","408","2011","Gasoline",35839,2,"Aut"
"Peugeot","408","2012","Gasoline",38251,2,"Aut"
"Peugeot","5008","Zero KM","Gasoline",159485,1.6,"Aut"
"Peugeot","5008","2019","Gasoline",143926,1.6,"Aut"
"Peugeot","5008","Zero KM","Gasoline",167896,1.6,"Aut"
"Peugeot","5008","2019","Gasoline",152215,1.6,"Aut"
"Peugeot","504","1999","Diesel",12033,2.3,"Med"
"Peugeot","504","1998","Diesel",11281,2.3,"Med"
"Peugeot","504","1997","Diesel",9151,2.3,"Med"
"Peugeot","504","1996","Diesel",8816,2.3,"Med"
"Peugeot","504","1995","Diesel",8482,2.3,"Med"
"Peugeot","504","1994","Diesel",7803,2.3,"Med"
"Peugeot","504","1993","Diesel",7490,2.3,"Med"
"Peugeot","504","1992","Diesel",5298,2.3,"Med"
"Peugeot","504","1999","Diesel",14310,2.3,"Med"
"Peugeot","504","1998","Diesel",12708,2.3,"Med"
"Peugeot","504","1997","Diesel",11124,2.3,"Med"
"Peugeot","504","1996","Diesel",10195,2.3,"Med"
"Peugeot","504","1995","Diesel",9880,2.3,"Med"
"Peugeot","504","1994","Diesel",8590,2.3,"Med"
"Peugeot","508","2014","Gasoline",77476,1.6,"Aut"
"Peugeot","508","2013","Gasoline",59524,1.6,"Aut"
"Peugeot","508","2012","Gasoline",56985,1.6,"Aut"
"Peugeot","605","1995","Gasoline",9053,3,"Med"
"Peugeot","605","1994","Gasoline",8690,3,"Med"
"Peugeot","605","1993","Gasoline",6993,3,"Med"
"Peugeot","605","1992","Gasoline",5363,3,"Med"
"Peugeot","605","1995","Gasoline",7248,2,"Med"
"Peugeot","605","1994","Gasoline",6577,2,"Med"
"Peugeot","605","1995","Gasoline",8826,3,"Aut"
"Peugeot","605","1994","Gasoline",8054,3,"Aut"
"Peugeot","605","1993","Gasoline",7110,3,"Aut"
"Peugeot","605","1992","Gasoline",6534,3,"Aut"
"Peugeot","605","2000","Gasoline",15688,3,"Med"
"Peugeot","605","1999","Gasoline",13506,3,"Med"
"Peugeot","605","1998","Gasoline",13097,3,"Med"
"Peugeot","605","1997","Gasoline",12549,3,"Med"
"Peugeot","605","1996","Gasoline",12153,3,"Med"
"Peugeot","605","1995","Gasoline",11700,3,"Med"
"Peugeot","605","1994","Gasoline",10127,3,"Med"
"Peugeot","607","2005","Gasoline",37996,3,"Med"
"Peugeot","607","2004","Gasoline",36755,3,"Med"
"Peugeot","607","2002","Gasoline",29104,3,"Med"
"Peugeot","607","2001","Gasoline",25824,3,"Med"
"Peugeot","607","2000","Gasoline",21855,3,"Med"
"Peugeot","806","1995","Gasoline",14207,2,"Med"
"Peugeot","807","2004","Gasoline",24601,2,"Aut"
"Peugeot","Boxer","2016","Diesel",65709,2.3,"Med"
"Peugeot","Boxer","2015","Diesel",61745,2.3,"Med"
"Peugeot","Boxer","2014","Diesel",59713,2.3,"Med"
"Peugeot","Boxer","2013","Diesel",57562,2.3,"Med"
"Peugeot","Boxer","2012","Diesel",55212,2.3,"Med"
"Peugeot","Boxer","2011","Diesel",51201,2.3,"Med"
"Peugeot","Boxer","2010","Diesel",46010,2.3,"Med"
"Peugeot","Boxer","2016","Diesel",77214,2.3,"Med"
"Peugeot","Boxer","2015","Diesel",72764,2.3,"Med"
"Peugeot","Boxer","2014","Diesel",68039,2.3,"Med"
"Peugeot","Boxer","2013","Diesel",64059,2.3,"Med"
"Peugeot","Boxer","2012","Diesel",58985,2.3,"Med"
"Peugeot","Boxer","2011","Diesel",54148,2.3,"Med"
"Peugeot","Boxer","2010","Diesel",50949,2.3,"Med"
"Peugeot","Boxer","2017","Diesel",91160,2.3,"Med"
"Peugeot","Boxer","2016","Diesel",87120,2.3,"Med"
"Peugeot","Boxer","2015","Diesel",84439,2.3,"Med"
"Peugeot","Boxer","2014","Diesel",77445,2.3,"Med"
"Peugeot","Boxer","2013","Diesel",74346,2.3,"Med"
"Peugeot","Boxer","2012","Diesel",66505,2.3,"Med"
"Peugeot","Boxer","2011","Diesel",62515,2.3,"Med"
"Peugeot","Boxer","2017","Diesel",81515,2.3,"Med"
"Peugeot","Boxer","2016","Diesel",78940,2.3,"Med"
"Peugeot","Boxer","2015","Diesel",76533,2.3,"Med"
"Peugeot","Boxer","2014","Diesel",73426,2.3,"Med"
"Peugeot","Boxer","2013","Diesel",71237,2.3,"Med"
"Peugeot","Boxer","2012","Diesel",66006,2.3,"Med"
"Peugeot","Boxer","2011","Diesel",62170,2.3,"Med"
"Peugeot","Boxer","2010","Diesel",54907,2.3,"Med"
"Peugeot","Boxer","2000","Diesel",18173,2.5,"Med"
"Peugeot","Boxer","1999","Diesel",17025,2.5,"Med"
"Peugeot","Boxer","2003","Diesel",29003,2.8,"Med"
"Peugeot","Boxer","2002","Diesel",24886,2.8,"Med"
"Peugeot","Boxer","2001","Diesel",23692,2.8,"Med"
"Peugeot","Boxer","2000","Diesel",21703,2.8,"Med"
"Peugeot","Boxer","1999","Diesel",20278,2.8,"Med"
"Peugeot","Boxer","2009","Diesel",47854,2.8,"Med"
"Peugeot","Boxer","2008","Diesel",44854,2.8,"Med"
"Peugeot","Boxer","2007","Diesel",43054,2.8,"Med"
"Peugeot","Boxer","2006","Diesel",39807,2.8,"Med"
"Peugeot","Boxer","2005","Diesel",37987,2.8,"Med"
"Peugeot","Boxer","2004","Diesel",31049,2.8,"Med"
"Peugeot","Boxer","2003","Diesel",28977,2.8,"Med"
"Peugeot","Boxer","2002","Diesel",21814,2.8,"Med"
"Peugeot","Boxer","2009","Diesel",46461,2.8,"Med"
"Peugeot","Boxer","2008","Diesel",42895,2.8,"Med"
"Peugeot","Boxer","2007","Diesel",41256,2.8,"Med"
"Peugeot","Boxer","2006","Diesel",39366,2.8,"Med"
"Peugeot","Boxer","2005","Diesel",36341,2.8,"Med"
"Peugeot","Boxer","2004","Diesel",30745,2.8,"Med"
"Peugeot","Boxer","2003","Diesel",26730,2.8,"Med"
"Peugeot","Boxer","2002","Diesel",21721,2.8,"Med"
"Peugeot","Boxer","2009","Diesel",50609,2.8,"Med"
"Peugeot","Boxer","2008","Diesel",46747,2.8,"Med"
"Peugeot","Boxer","2007","Diesel",45276,2.8,"Med"
"Peugeot","Boxer","2006","Diesel",41119,2.8,"Med"
"Peugeot","Boxer","2005","Diesel",38264,2.8,"Med"
"Peugeot","Boxer","2004","Diesel",31554,2.8,"Med"
"Peugeot","Boxer","2003","Diesel",29301,2.8,"Med"
"Peugeot","Boxer","2002","Diesel",27120,2.8,"Med"
"Peugeot","Boxer","2001","Diesel",26106,2.8,"Med"
"Peugeot","Boxer","2000","Diesel",24856,2.8,"Med"
"Peugeot","Boxer","1999","Diesel",21443,2.8,"Med"
"Peugeot","Expert","Zero KM","Diesel",83784,1.6,"Med"
"Peugeot","Expert","2018","Diesel",74007,1.6,"Med"
"Peugeot","Expert","Zero KM","Diesel",92265,1.6,"Med"
"Peugeot","Expert","2018","Diesel",80893,1.6,"Med"
"Peugeot","HOGGAR","2014","Gasoline",23214,1.4,"Med"
"Peugeot","HOGGAR","2014","Gasoline",23773,1.4,"Med"
"Peugeot","HOGGAR","2012","Gasoline",25067,1.6,"Med"
"Peugeot","HOGGAR","2011","Gasoline",23873,1.6,"Med"
"Peugeot","HOGGAR","2010","Gasoline",22745,1.6,"Med"
"Peugeot","HOGGAR","2014","Gasoline",23398,1.4,"Med"
"Peugeot","HOGGAR","2013","Gasoline",21976,1.4,"Med"
"Peugeot","HOGGAR","2012","Gasoline",20918,1.4,"Med"
"Peugeot","HOGGAR","2011","Gasoline",19363,1.4,"Med"
"Peugeot","HOGGAR","2013","Gasoline",24263,1.4,"Med"
"Peugeot","HOGGAR","2012","Gasoline",22647,1.4,"Med"
"Peugeot","HOGGAR","2011","Gasoline",21319,1.4,"Med"
"Peugeot","HOGGAR","2010","Gasoline",18707,1.4,"Med"
"Peugeot","Partner","2013","Gasoline",28140,1.6,"Med"
"Peugeot","Partner","2012","Gasoline",26432,1.6,"Med"
"Peugeot","Partner","2011","Gasoline",25320,1.6,"Med"
"Peugeot","Partner","2013","Gasoline",35913,1.6,"Med"
"Peugeot","Partner","2012","Gasoline",31530,1.6,"Med"
"Peugeot","Partner","2011","Gasoline",29284,1.6,"Med"
"Peugeot","Partner","2010","Gasoline",27282,1.6,"Med"
"Peugeot","Partner","Zero KM","Gasoline",53204,1.6,"Med"
"Peugeot","Partner","2018","Gasoline",48560,1.6,"Med"
"Peugeot","Partner","2017","Gasoline",43265,1.6,"Med"
"Peugeot","Partner","2016","Gasoline",41848,1.6,"Med"
"Peugeot","Partner","2015","Gasoline",31627,1.6,"Med"
"Peugeot","Partner","2014","Gasoline",30372,1.6,"Med"
"Peugeot","Partner","2013","Gasoline",25152,1.6,"Med"
"Peugeot","Partner","2012","Gasoline",24381,1.6,"Med"
"Peugeot","Partner","2011","Gasoline",20503,1.6,"Med"
"Peugeot","Partner","2010","Gasoline",18185,1.6,"Med"
"Peugeot","Partner","2009","Gasoline",15900,1.6,"Med"
"Peugeot","Partner","2008","Gasoline",15394,1.6,"Med"
"Peugeot","Partner","2007","Gasoline",13966,1.6,"Med"
"Peugeot","Partner","2006","Gasoline",13057,1.6,"Med"
"Peugeot","Partner","2005","Gasoline",12408,1.6,"Med"
"Peugeot","Partner","2004","Gasoline",10952,1.6,"Med"
"Peugeot","Partner","2003","Gasoline",9141,1.6,"Med"
"Peugeot","Partner","2003","Gasoline",12731,1.8,"Med"
"Peugeot","Partner","2002","Gasoline",10730,1.8,"Med"
"Peugeot","Partner","2001","Gasoline",10362,1.8,"Med"
"Peugeot","Partner","2000","Gasoline",9264,1.8,"Med"
"Peugeot","Partner","1999","Gasoline",8652,1.8,"Med"
"Renault","19","1999","Gasoline",8340,1.8,"Med"
"Renault","19","1998","Gasoline",6794,1.8,"Med"
"Renault","19","1997","Gasoline",6527,1.8,"Med"
"Renault","19","1996","Gasoline",6259,1.8,"Med"
"Renault","19","1995","Gasoline",5919,1.8,"Med"
"Renault","19","1994","Gasoline",5632,1.8,"Med"
"Renault","19","1995","Gasoline",10149,1.8,"Med"
"Renault","19","1994","Gasoline",9636,1.8,"Med"
"Renault","CAPTUR","Zero KM","Gasoline",88272,1.6,"Aut"
"Renault","CAPTUR","2019","Gasoline",82671,1.6,"Aut"
"Renault","CAPTUR","2018","Gasoline",80181,1.6,"Aut"
"Renault","CAPTUR","Zero KM","Gasoline",90550,2,"Aut"
"Renault","CAPTUR","2019","Gasoline",83210,2,"Aut"
"Renault","CAPTUR","2018","Gasoline",80748,2,"Aut"
"Renault","CAPTUR","2017","Gasoline",78148,2,"Aut"
"Renault","CAPTUR","Zero KM","Gasoline",86000,1.6,"Aut"
"Renault","CAPTUR","2019","Gasoline",78794,1.6,"Aut"
"Renault","CAPTUR","2018","Gasoline",76120,1.6,"Aut"
"Renault","CAPTUR","Zero KM","Gasoline",80237,1.6,"Med"
"Renault","CAPTUR","2019","Gasoline",73392,1.6,"Med"
"Renault","CAPTUR","2018","Gasoline",71120,1.6,"Med"
"Renault","CAPTUR","2017","Gasoline",68885,1.6,"Med"
"Renault","Clio","2010","Gasoline",15360,1,"Med"
"Renault","Clio","2009","Gasoline",14052,1,"Med"
"Renault","Clio","2010","Gasoline",17505,1,"Med"
"Renault","Clio","2009","Gasoline",15813,1,"Med"
"Renault","Clio","2009","Gasoline",15588,1,"Med"
"Renault","Clio","2006","Gasoline",11635,1,"Med"
"Renault","Clio","2009","Gasoline",16588,1,"Med"
"Renault","Clio","2006","Gasoline",12800,1,"Med"
"Renault","Clio","2012","Gasoline",17404,1,"Med"
"Renault","Clio","2011","Gasoline",15927,1,"Med"
"Renault","Clio","2012","Gasoline",19051,1,"Med"
"Renault","Clio","2011","Gasoline",17686,1,"Med"
"Renault","Clio","2006","Gasoline",15558,1.6,"Med"
"Renault","Clio","2005","Gasoline",15021,1.6,"Med"
"Renault","Clio","2008","Gasoline",17242,1.6,"Med"
"Renault","Clio","2007","Gasoline",15914,1.6,"Med"
"Renault","Clio","2006","Gasoline",15386,1.6,"Med"
"Renault","Clio","2005","Gasoline",14427,1.6,"Med"
"Renault","Clio","2007","Gasoline",17926,1.6,"Med"
"Renault","Clio","2006","Gasoline",16357,1.6,"Med"
"Renault","Clio","2005","Gasoline",14501,1.6,"Med"
"Renault","Clio","2008","Gasoline",15831,1,"Med"
"Renault","Clio","2007","Gasoline",14109,1,"Med"
"Renault","Clio","2006","Gasoline",13459,1,"Med"
"Renault","Clio","2005","Gasoline",13046,1,"Med"
"Renault","Clio","2004","Gasoline",12568,1,"Med"
"Renault","Clio","2003","Gasoline",10834,1,"Med"
"Renault","Clio","2002","Gasoline",10501,1,"Med"
"Renault","Clio","2001","Gasoline",9875,1,"Med"
"Renault","Clio","2000","Gasoline",9379,1,"Med"
"Renault","Clio","1999","Gasoline",7506,1,"Med"
"Renault","Clio","1998","Gasoline",5779,1,"Med"
"Renault","Clio","2000","Gasoline",9736,1.6,"Med"
"Renault","Clio","1999","Gasoline",7551,1.6,"Med"
"Renault","Clio","1998","Gasoline",6270,1.6,"Med"
"Renault","Clio","1997","Gasoline",5794,1.6,"Med"
"Renault","Clio","1996","Gasoline",4846,1.6,"Med"
"Renault","Clio","2005","Gasoline",14499,1.6,"Med"
"Renault","Clio","2004","Gasoline",13548,1.6,"Med"
"Renault","Clio","2003","Gasoline",11994,1.6,"Med"
"Renault","Clio","2015","Gasoline",21442,1,"Med"
"Renault","Clio","2014","Gasoline",20661,1,"Med"
"Renault","Clio","2013","Gasoline",19214,1,"Med"
"Renault","Clio","2006","Gasoline",13854,1,"Med"
"Renault","Clio","2005","Gasoline",12742,1,"Med"
"Renault","Clio","2004","Gasoline",12158,1,"Med"
"Renault","Clio","2003","Gasoline",11114,1,"Med"
"Renault","Clio","2002","Gasoline",9855,1,"Med"
"Renault","Clio","2001","Gasoline",9563,1,"Med"
"Renault","Clio","2000","Gasoline",8823,1,"Med"
"Renault","Clio","1998","Gasoline",6021,1.6,"Med"
"Renault","Clio","1997","Gasoline",5072,1.6,"Med"
"Renault","Clio","1996","Gasoline",4016,1.6,"Med"
"Renault","Clio","2002","Gasoline",11426,1.6,"Med"
"Renault","Clio","2001","Gasoline",10313,1.6,"Med"
"Renault","Clio","2000","Gasoline",9942,1.6,"Med"
"Renault","Clio","1999","Gasoline",8904,1.6,"Med"
"Renault","Clio","1998","Gasoline",7871,1.6,"Med"
"Renault","Clio","1997","Gasoline",7061,1.6,"Med"
"Renault","Clio","1996","Gasoline",5736,1.6,"Med"
"Renault","Clio","2006","Gasoline",13609,1,"Med"
"Renault","Clio","2005","Gasoline",13148,1,"Med"
"Renault","Clio","2004","Gasoline",12231,1,"Med"
"Renault","Clio","2003","Gasoline",10757,1,"Med"
"Renault","Clio","2002","Gasoline",10283,1,"Med"
"Renault","Clio","2001","Gasoline",9974,1,"Med"
"Renault","Clio","2000","Gasoline",8987,1,"Med"
"Renault","Clio","2005","Gasoline",14792,1.6,"Med"
"Renault","Clio","2004","Gasoline",13743,1.6,"Med"
"Renault","Clio","2003","Gasoline",12264,1.6,"Med"
"Renault","Clio","2002","Gasoline",11841,1.6,"Med"
"Renault","Clio","2001","Gasoline",11346,1.6,"Med"
"Renault","Clio","2000","Gasoline",10899,1.6,"Med"
"Renault","Clio","2016","Gasoline",26096,1,"Med"
"Renault","Clio","2015","Gasoline",23606,1,"Med"
"Renault","Clio","2014","Gasoline",21465,1,"Med"
"Renault","Clio","2013","Gasoline",20544,1,"Med"
"Renault","Clio","2006","Gasoline",14064,1,"Med"
"Renault","Clio","2005","Gasoline",13328,1,"Med"
"Renault","Clio","2004","Gasoline",12769,1,"Med"
"Renault","Clio","2003","Gasoline",11305,1,"Med"
"Renault","Clio","2002","Gasoline",10928,1,"Med"
"Renault","Clio","2001","Gasoline",10528,1,"Med"
"Renault","Clio","2002","Gasoline",11773,1.6,"Med"
"Renault","Clio","2001","Gasoline",10956,1.6,"Med"
"Renault","Clio","2000","Gasoline",10185,1.6,"Med"
"Renault","Clio","1999","Gasoline",8568,1.6,"Med"
"Renault","Clio","1998","Gasoline",7330,1.6,"Med"
"Renault","Clio","1997","Gasoline",6518,1.6,"Med"
"Renault","Clio","1996","Gasoline",5528,1.6,"Med"
"Renault","Clio","2006","Gasoline",14585,1,"Med"
"Renault","Clio","2005","Gasoline",13585,1,"Med"
"Renault","Clio","2004","Gasoline",13027,1,"Med"
"Renault","Clio","2003","Gasoline",11426,1,"Med"
"Renault","Clio","2002","Gasoline",10965,1,"Med"
"Renault","Clio","2001","Gasoline",10577,1,"Med"
"Renault","Clio","2005","Gasoline",14724,1.6,"Med"
"Renault","Clio","2004","Gasoline",13569,1.6,"Med"
"Renault","Clio","2003","Gasoline",12327,1.6,"Med"
"Renault","Clio","2002","Gasoline",11867,1.6,"Med"
"Renault","Clio","2001","Gasoline",11442,1.6,"Med"
"Renault","Clio","2000","Gasoline",11010,1.6,"Med"
"Renault","Clio","2005","Gasoline",14914,1.6,"Med"
"Renault","Clio","2004","Gasoline",14099,1.6,"Med"
"Renault","Clio","2003","Gasoline",13272,1.6,"Med"
"Renault","Clio","2002","Gasoline",12776,1.6,"Med"
"Renault","Clio","2001","Gasoline",11453,1.6,"Med"
"Renault","Clio","2000","Gasoline",11021,1.6,"Med"
"Renault","Clio","2006","Gasoline",14622,1.6,"Med"
"Renault","Clio","2003","Gasoline",12559,1.6,"Med"
"Renault","Clio","2009","Gasoline",17948,1.6,"Med"
"Renault","Clio","2008","Gasoline",15288,1.6,"Med"
"Renault","Clio","2007","Gasoline",14703,1.6,"Med"
"Renault","Clio","2006","Gasoline",14002,1.6,"Med"
"Renault","Clio","2005","Gasoline",13440,1.6,"Med"
"Renault","Clio","2009","Gasoline",19344,1.6,"Med"
"Renault","Clio","2008","Gasoline",17038,1.6,"Med"
"Renault","Clio","2007","Gasoline",16465,1.6,"Med"
"Renault","Clio","2006","Gasoline",14902,1.6,"Med"
"Renault","Clio","2005","Gasoline",14247,1.6,"Med"
"Renault","Clio","2009","Gasoline",19758,1.6,"Med"
"Renault","Clio","2008","Gasoline",17800,1.6,"Med"
"Renault","Clio","2007","Gasoline",16768,1.6,"Med"
"Renault","Clio","2006","Gasoline",15578,1.6,"Med"
"Renault","Clio","2005","Gasoline",13811,1.6,"Med"
"Renault","Clio","2006","Gasoline",13965,1,"Med"
"Renault","Clio","2005","Gasoline",13507,1,"Med"
"Renault","Clio","2004","Gasoline",12916,1,"Med"
"Renault","Clio","2003","Gasoline",11782,1,"Med"
"Renault","Clio","2002","Gasoline",10621,1,"Med"
"Renault","Clio","2007","Gasoline",15181,1,"Med"
"Renault","Clio","2006","Gasoline",14481,1,"Med"
"Renault","Clio","2005","Gasoline",13789,1,"Med"
"Renault","Clio","2004","Gasoline",12510,1,"Med"
"Renault","Clio","2003","Gasoline",11929,1,"Med"
"Renault","Clio","2002","Gasoline",10942,1,"Med"
"Renault","Clio","2001","Gasoline",10521,1,"Med"
"Renault","Clio","2000","Gasoline",9121,1,"Med"
"Renault","Clio","2006","Gasoline",15396,1,"Med"
"Renault","Clio","2005","Gasoline",14158,1,"Med"
"Renault","Clio","2004","Gasoline",13149,1,"Med"
"Renault","Clio","2003","Gasoline",11965,1,"Med"
"Renault","Clio","2002","Gasoline",11545,1,"Med"
"Renault","Clio","2001","Gasoline",10892,1,"Med"
"Renault","Clio","2000","Gasoline",10509,1,"Med"
"Renault","Clio","2005","Gasoline",15378,1.6,"Med"
"Renault","Clio","2007","Gasoline",15640,1,"Med"
"Renault","Clio","2006","Gasoline",15060,1,"Med"
"Renault","Clio","2007","Gasoline",16511,1.6,"Med"
"Renault","Clio","2006","Gasoline",15565,1.6,"Med"
"Renault","Clio","2005","Gasoline",14639,1.6,"Med"
"Renault","Clio","2004","Gasoline",12987,1.6,"Med"
"Renault","Clio","2003","Gasoline",11881,1.6,"Med"
"Renault","Clio","2002","Gasoline",11326,1.6,"Med"
"Renault","Clio","2001","Gasoline",10854,1.6,"Med"
"Renault","Clio","2000","Gasoline",10419,1.6,"Med"
"Renault","Clio","2003","Gasoline",13656,1.6,"Med"
"Renault","Clio","2002","Gasoline",11959,1.6,"Med"
"Renault","Clio","2001","Gasoline",11201,1.6,"Med"
"Renault","Clio","2003","Gasoline",12148,1,"Med"
"Renault","Clio","2002","Gasoline",11683,1,"Med"
"Renault","DUSTER","2016","Gasoline",46354,1.6,"Med"
"Renault","DUSTER","2015","Gasoline",44746,1.6,"Med"
"Renault","DUSTER","2014","Gasoline",43121,1.6,"Med"
"Renault","DUSTER","2013","Gasoline",41653,1.6,"Med"
"Renault","DUSTER","2012","Gasoline",38383,1.6,"Med"
"Renault","DUSTER","Zero KM","Gasoline",74243,1.6,"Med"
"Renault","DUSTER","2018","Gasoline",68797,1.6,"Med"
"Renault","DUSTER","2017","Gasoline",66349,1.6,"Med"
"Renault","DUSTER","2016","Gasoline",54720,1.6,"Med"
"Renault","DUSTER","2017","Gasoline",74280,2,"Aut"
"Renault","DUSTER","Zero KM","Gasoline",90091,2,"Med"
"Renault","DUSTER","2018","Gasoline",80395,2,"Med"
"Renault","DUSTER","2017","Gasoline",77989,2,"Med"
"Renault","DUSTER","2016","Gasoline",72417,2,"Med"
"Renault","DUSTER","Zero KM","Gasoline",81166,1.6,"Aut"
"Renault","DUSTER","2019","Gasoline",72797,1.6,"Aut"
"Renault","DUSTER","2018","Gasoline",69216,1.6,"Aut"
"Renault","DUSTER","Zero KM","Gasoline",74863,1.6,"Med"
"Renault","DUSTER","2019","Gasoline",68275,1.6,"Med"
"Renault","DUSTER","2018","Gasoline",65745,1.6,"Med"
"Renault","DUSTER","2017","Gasoline",62240,1.6,"Med"
"Renault","DUSTER","2016","Gasoline",57154,1.6,"Med"
"Renault","DUSTER","2015","Gasoline",50073,1.6,"Med"
"Renault","DUSTER","2014","Gasoline",44653,1.6,"Med"
"Renault","DUSTER","2013","Gasoline",41500,1.6,"Med"
"Renault","DUSTER","2012","Gasoline",39708,1.6,"Med"
"Renault","DUSTER","Zero KM","Gasoline",86186,2,"Aut"
"Renault","DUSTER","2019","Gasoline",77972,2,"Aut"
"Renault","DUSTER","2018","Gasoline",75349,2,"Aut"
"Renault","DUSTER","2017","Gasoline",65037,2,"Aut"
"Renault","DUSTER","2016","Gasoline",61951,2,"Aut"
"Renault","DUSTER","2015","Gasoline",52797,2,"Aut"
"Renault","DUSTER","2014","Gasoline",46854,2,"Aut"
"Renault","DUSTER","2013","Gasoline",42854,2,"Aut"
"Renault","DUSTER","2012","Gasoline",40871,2,"Aut"
"Renault","DUSTER","Zero KM","Gasoline",85581,2,"Med"
"Renault","DUSTER","2019","Gasoline",77032,2,"Med"
"Renault","DUSTER","2018","Gasoline",72698,2,"Med"
"Renault","DUSTER","2017","Gasoline",60455,2,"Med"
"Renault","DUSTER","2016","Gasoline",58021,2,"Med"
"Renault","DUSTER","2015","Gasoline",51462,2,"Med"
"Renault","DUSTER","2014","Gasoline",46791,2,"Med"
"Renault","DUSTER","2013","Gasoline",41994,2,"Med"
"Renault","DUSTER","2012","Gasoline",40078,2,"Med"
"Renault","DUSTER","Zero KM","Gasoline",88343,2,"Med"
"Renault","DUSTER","2019","Gasoline",80471,2,"Med"
"Renault","DUSTER","2018","Gasoline",77784,2,"Med"
"Renault","DUSTER","2017","Gasoline",72508,2,"Med"
"Renault","DUSTER","2016","Gasoline",67478,2,"Med"
"Renault","DUSTER","2015","Gasoline",53128,2,"Med"
"Renault","DUSTER","2014","Gasoline",44875,2,"Med"
"Renault","DUSTER","2013","Gasoline",42990,2,"Med"
"Renault","DUSTER","2012","Gasoline",40990,2,"Med"
"Renault","DUSTER","Zero KM","Gasoline",68833,1.6,"Med"
"Renault","DUSTER","2019","Gasoline",62018,1.6,"Med"
"Renault","DUSTER","2018","Gasoline",59874,1.6,"Med"
"Renault","DUSTER","2017","Gasoline",57894,1.6,"Med"
"Renault","DUSTER","2016","Gasoline",53961,1.6,"Med"
"Renault","DUSTER","2015","Gasoline",46585,1.6,"Med"
"Renault","DUSTER","2014","Gasoline",44225,1.6,"Med"
"Renault","DUSTER","2013","Gasoline",40121,1.6,"Med"
"Renault","DUSTER","2012","Gasoline",38359,1.6,"Med"
"Renault","DUSTER","Zero KM","Gasoline",73043,1.6,"Aut"
"Renault","DUSTER","2018","Gasoline",67102,1.6,"Aut"
"Renault","DUSTER","Zero KM","Gasoline",74645,1.6,"Med"
"Renault","DUSTER","2018","Gasoline",68202,1.6,"Med"
"Renault","DUSTER","2017","Gasoline",66121,1.6,"Med"
"Renault","DUSTER","2016","Gasoline",63212,1.6,"Med"
"Renault","DUSTER","Zero KM","Gasoline",79593,2,"Med"
"Renault","DUSTER","2018","Gasoline",69128,2,"Med"
"Renault","DUSTER","2017","Gasoline",66361,2,"Med"
"Renault","DUSTER","2016","Gasoline",63741,2,"Med"
"Renault","DUSTER","Zero KM","Gasoline",81736,2,"Aut"
"Renault","DUSTER","2019","Gasoline",74461,2,"Aut"
"Renault","DUSTER","2018","Gasoline",72010,2,"Aut"
"Renault","DUSTER","2017","Gasoline",69745,2,"Aut"
"Renault","DUSTER","Zero KM","Gasoline",67291,1.6,"Med"
"Renault","DUSTER","2018","Gasoline",62685,1.6,"Med"
"Renault","DUSTER","2017","Gasoline",60741,1.6,"Med"
"Renault","DUSTER","2016","Gasoline",58301,1.6,"Med"
"Renault","DUSTER","2015","Gasoline",45871,1.6,"Med"
"Renault","DUSTER","2015","Gasoline",46859,1.6,"Med"
"Renault","DUSTER","2014","Gasoline",43514,1.6,"Med"
"Renault","DUSTER","2013","Gasoline",40995,1.6,"Med"
"Renault","DUSTER","2015","Gasoline",49117,2,"Aut"
"Renault","DUSTER","2014","Gasoline",45604,2,"Aut"
"Renault","DUSTER","2013","Gasoline",41995,2,"Aut"
"Renault","DUSTER","2015","Gasoline",48898,2,"Med"
"Renault","DUSTER","2014","Gasoline",45115,2,"Med"
"Renault","DUSTER","2013","Gasoline",41885,2,"Med"
"Renault","DUSTER","2015","Gasoline",54854,2,"Med"
"Renault","DUSTER","2014","Gasoline",49419,2,"Med"
"Renault","Express","2000","Gasoline",8057,1.6,"Med"
"Renault","Express","1999","Gasoline",7596,1.6,"Med"
"Renault","Express","1998","Gasoline",6628,1.6,"Med"
"Renault","FLUENCE","Zero KM","Gasoline",83390,2,"Aut"
"Renault","FLUENCE","2018","Gasoline",74710,2,"Aut"
"Renault","FLUENCE","2017","Gasoline",69198,2,"Aut"
"Renault","FLUENCE","2016","Gasoline",64077,2,"Aut"
"Renault","FLUENCE","2015","Gasoline",57623,2,"Aut"
"Renault","FLUENCE","2016","Gasoline",58004,2,"Aut"
"Renault","FLUENCE","2015","Gasoline",55967,2,"Aut"
"Renault","FLUENCE","2014","Gasoline",44165,2,"Aut"
"Renault","FLUENCE","2013","Gasoline",40232,2,"Aut"
"Renault","FLUENCE","2012","Gasoline",38002,2,"Aut"
"Renault","FLUENCE","2011","Gasoline",35427,2,"Aut"
"Renault","FLUENCE","2016","Gasoline",55681,2,"Med"
"Renault","FLUENCE","2015","Gasoline",52406,2,"Med"
"Renault","FLUENCE","2014","Gasoline",42407,2,"Med"
"Renault","FLUENCE","2013","Gasoline",38451,2,"Med"
"Renault","FLUENCE","2012","Gasoline",36872,2,"Med"
"Renault","FLUENCE","2011","Gasoline",34117,2,"Med"
"Renault","FLUENCE","2014","Gasoline",37679,1.6,"Med"
"Renault","FLUENCE","2013","Gasoline",36369,1.6,"Med"
"Renault","FLUENCE","2012","Gasoline",33049,1.6,"Med"
"Renault","FLUENCE","2016","Gasoline",64400,2,"Aut"
"Renault","FLUENCE","2014","Gasoline",51537,2,"Aut"
"Renault","FLUENCE","Zero KM","Gasoline",101231,2,"Med"
"Renault","FLUENCE","2017","Gasoline",79618,2,"Med"
"Renault","FLUENCE","2016","Gasoline",70310,2,"Med"
"Renault","FLUENCE","2015","Gasoline",65055,2,"Med"
"Renault","FLUENCE","2014","Gasoline",55010,2,"Med"
"Renault","FLUENCE","2013","Gasoline",47822,2,"Med"
"Renault","FLUENCE","2012","Gasoline",40627,2,"Med"
"Renault","FLUENCE","2011","Gasoline",37599,2,"Med"
"Renault","Kangoo","2007","Gasoline",18704,1.6,"Med"
"Renault","Kangoo","2006","Gasoline",15795,1.6,"Med"
"Renault","Kangoo","2005","Gasoline",15102,1.6,"Med"
"Renault","Kangoo","2011","Gasoline",26976,1.6,"Med"
"Renault","Kangoo","2010","Gasoline",24459,1.6,"Med"
"Renault","Kangoo","2009","Gasoline",22433,1.6,"Med"
"Renault","Kangoo","2008","Gasoline",21328,1.6,"Med"
"Renault","Kangoo","2007","Gasoline",19186,1.6,"Med"
"Renault","Kangoo","2011","Gasoline",30576,1.6,"Med"
"Renault","Kangoo","2010","Gasoline",25950,1.6,"Med"
"Renault","Kangoo","2009","Gasoline",24800,1.6,"Med"
"Renault","Kangoo","2008","Gasoline",23234,1.6,"Med"
"Renault","Kangoo","2007","Gasoline",20611,1.6,"Med"
"Renault","Kangoo","Zero KM","Gasoline",54039,1.6,"Med"
"Renault","Kangoo","2018","Gasoline",48525,1.6,"Med"
"Renault","Kangoo","2017","Gasoline",43748,1.6,"Med"
"Renault","Kangoo","2016","Gasoline",39898,1.6,"Med"
"Renault","Kangoo","2015","Gasoline",35470,1.6,"Med"
"Renault","Kangoo","2014","Gasoline",28725,1.6,"Med"
"Renault","Kangoo","2013","Gasoline",25826,1.6,"Med"
"Renault","Kangoo","2012","Gasoline",24852,1.6,"Med"
"Renault","Kangoo","2011","Gasoline",22649,1.6,"Med"
"Renault","Kangoo","2010","Gasoline",20083,1.6,"Med"
"Renault","Kangoo","2009","Gasoline",19415,1.6,"Med"
"Renault","Kangoo","2008","Gasoline",18817,1.6,"Med"
"Renault","Kangoo","2007","Gasoline",18142,1.6,"Med"
"Renault","Kangoo","2005","Gasoline",15910,1,"Med"
"Renault","Kangoo","2004","Gasoline",14000,1,"Med"
"Renault","Kangoo","2003","Gasoline",13570,1,"Med"
"Renault","Kangoo","2002","Gasoline",12333,1,"Med"
"Renault","Kangoo","2001","Gasoline",11104,1,"Med"
"Renault","Kangoo","2000","Gasoline",10213,1,"Med"
"Renault","Kangoo","2007","Gasoline",18775,1.6,"Med"
"Renault","Kangoo","2006","Gasoline",17021,1.6,"Med"
"Renault","Kangoo","2005","Gasoline",16201,1.6,"Med"
"Renault","Kangoo","2004","Gasoline",15625,1.6,"Med"
"Renault","Kangoo","2003","Gasoline",14098,1.6,"Med"
"Renault","Kangoo","2002","Gasoline",12546,1.6,"Med"
"Renault","Kangoo","2001","Gasoline",11730,1.6,"Med"
"Renault","Kangoo","2000","Gasoline",10298,1.6,"Med"
"Renault","Kangoo","2008","Gasoline",21370,1.6,"Med"
"Renault","Kangoo","2007","Gasoline",20357,1.6,"Med"
"Renault","Kangoo","2002","Gasoline",12643,1,"Med"
"Renault","Kangoo","2001","Gasoline",11212,1,"Med"
"Renault","Kangoo","2000","Gasoline",10019,1,"Med"
"Renault","Kangoo","2003","Gasoline",15485,1.6,"Med"
"Renault","Kangoo","2002","Gasoline",13749,1.6,"Med"
"Renault","Kangoo","2001","Gasoline",12574,1.6,"Med"
"Renault","Kangoo","2000","Gasoline",11192,1.6,"Med"
"Renault","Kangoo","2004","Gasoline",13386,1,"Med"
"Renault","Kangoo","2003","Gasoline",12167,1,"Med"
"Renault","Kangoo","2002","Gasoline",14066,1,"Med"
"Renault","Kangoo","2001","Gasoline",12903,1,"Med"
"Renault","Kangoo","2000","Gasoline",11775,1,"Med"
"Renault","Kangoo","2005","Gasoline",18367,1,"Med"
"Renault","Kangoo","2004","Gasoline",15044,1,"Med"
"Renault","Kangoo","2003","Gasoline",12758,1,"Med"
"Renault","Kangoo","2007","Gasoline",21499,1.6,"Med"
"Renault","Kangoo","2006","Gasoline",19254,1.6,"Med"
"Renault","Kangoo","2005","Gasoline",18460,1.6,"Med"
"Renault","Kangoo","2004","Gasoline",16038,1.6,"Med"
"Renault","Kangoo","2003","Gasoline",15501,1.6,"Med"
"Renault","Kangoo","2002","Gasoline",14265,1.6,"Med"
"Renault","Kangoo","2001","Gasoline",13373,1.6,"Med"
"Renault","Kangoo","2000","Gasoline",12799,1.6,"Med"
"Renault","Kangoo","2004","Gasoline",16903,1,"Med"
"Renault","Kangoo","2003","Gasoline",16380,1,"Med"
"Renault","Kangoo","2004","Gasoline",18803,1.6,"Med"
"Renault","Kangoo","2003","Gasoline",17213,1.6,"Med"
"Renault","KWID","Zero KM","Gasoline",40985,1,"Med"
"Renault","KWID","2019","Gasoline",37706,1,"Med"
"Renault","KWID","2018","Gasoline",36197,1,"Med"
"Renault","KWID","Zero KM","Gasoline",32052,1,"Med"
"Renault","KWID","2019","Gasoline",29488,1,"Med"
"Renault","KWID","2018","Gasoline",28307,1,"Med"
"Renault","KWID","Zero KM","Gasoline",36966,1,"Med"
"Renault","KWID","2019","Gasoline",34008,1,"Med"
"Renault","KWID","2018","Gasoline",32854,1,"Med"
"Renault","Laguna","2003","Gasoline",28684,3,"Med"
"Renault","Laguna","2002","Gasoline",24703,3,"Med"
"Renault","Laguna","2001","Gasoline",14461,2,"Med"
"Renault","Laguna","2000","Gasoline",12599,2,"Med"
"Renault","Laguna","1999","Gasoline",11998,2,"Med"
"Renault","Laguna","1998","Gasoline",11295,2,"Med"
"Renault","Laguna","1997","Gasoline",9942,2,"Med"
"Renault","Laguna","1996","Gasoline",9368,2,"Med"
"Renault","Laguna","2003","Gasoline",28114,3,"Med"
"Renault","Laguna","2002","Gasoline",22174,3,"Med"
"Renault","Laguna","1998","Gasoline",9579,2,"Med"
"Renault","Laguna","1997","Gasoline",8380,2,"Med"
"Renault","Laguna","1996","Gasoline",7993,2,"Med"
"Renault","Laguna","1995","Gasoline",6810,2,"Med"
"Renault","Laguna","1994","Gasoline",6556,2,"Med"
"Renault","Laguna","2001","Gasoline",12652,2,"Med"
"Renault","Laguna","2000","Gasoline",12236,2,"Med"
"Renault","Laguna","1999","Gasoline",11521,2,"Med"
"Renault","Laguna","1998","Gasoline",10656,2,"Med"
"Renault","Laguna","1997","Gasoline",9901,2,"Med"
"Renault","Laguna","1996","Gasoline",8765,2,"Med"
"Renault","Laguna","1995","Gasoline",8074,2,"Med"
"Renault","Laguna","1994","Gasoline",7676,2,"Med"
"Renault","LOGAN","Zero KM","Gasoline",43690,1,"Med"
"Renault","LOGAN","2019","Gasoline",39406,1,"Med"
"Renault","LOGAN","2018","Gasoline",38012,1,"Med"
"Renault","LOGAN","2017","Gasoline",36877,1,"Med"
"Renault","LOGAN","2017","Gasoline",36401,1,"Med"
"Renault","LOGAN","2016","Gasoline",35160,1,"Med"
"Renault","LOGAN","2015","Gasoline",33611,1,"Med"
"Renault","LOGAN","2014","Gasoline",30566,1,"Med"
"Renault","LOGAN","2013","Gasoline",23960,1,"Med"
"Renault","LOGAN","2012","Gasoline",20784,1,"Med"
"Renault","LOGAN","2011","Gasoline",20045,1,"Med"
"Renault","LOGAN","2010","Gasoline",17997,1,"Med"
"Renault","LOGAN","2009","Gasoline",17369,1,"Med"
"Renault","LOGAN","2008","Gasoline",15336,1,"Med"
"Renault","LOGAN","2009","Gasoline",18504,1.6,"Med"
"Renault","LOGAN","2008","Gasoline",16038,1.6,"Med"
"Renault","LOGAN","2016","Gasoline",34999,1,"Med"
"Renault","LOGAN","2012","Gasoline",19915,1,"Med"
"Renault","LOGAN","2017","Gasoline",48974,1.6,"Med"
"Renault","LOGAN","2016","Gasoline",47068,1.6,"Med"
"Renault","LOGAN","2015","Gasoline",42729,1.6,"Med"
"Renault","LOGAN","2014","Gasoline",40903,1.6,"Med"
"Renault","LOGAN","Zero KM","Gasoline",65025,1.6,"Med"
"Renault","LOGAN","2018","Gasoline",56726,1.6,"Med"
"Renault","LOGAN","2017","Gasoline",51894,1.6,"Med"
"Renault","LOGAN","Zero KM","Gasoline",59403,1.6,"Med"
"Renault","LOGAN","2018","Gasoline",53208,1.6,"Med"
"Renault","LOGAN","2017","Gasoline",49997,1.6,"Med"
"Renault","LOGAN","2017","Gasoline",46045,1.6,"Med"
"Renault","LOGAN","2016","Gasoline",44566,1.6,"Med"
"Renault","LOGAN","2015","Gasoline",40294,1.6,"Med"
"Renault","LOGAN","2014","Gasoline",35947,1.6,"Med"
"Renault","LOGAN","2015","Gasoline",46595,1.6,"Med"
"Renault","LOGAN","2015","Gasoline",40469,1.6,"Med"
"Renault","LOGAN","Zero KM","Gasoline",50031,1,"Med"
"Renault","LOGAN","2019","Gasoline",45861,1,"Med"
"Renault","LOGAN","2018","Gasoline",44120,1,"Med"
"Renault","LOGAN","Zero KM","Gasoline",55436,1.6,"Med"
"Renault","LOGAN","2019","Gasoline",50536,1.6,"Med"
"Renault","LOGAN","2018","Gasoline",48521,1.6,"Med"
"Renault","LOGAN","2017","Gasoline",44275,1.6,"Med"
"Renault","LOGAN","2016","Gasoline",42896,1.6,"Med"
"Renault","LOGAN","2015","Gasoline",39286,1.6,"Med"
"Renault","LOGAN","2017","Gasoline",42338,1.6,"Med"
"Renault","LOGAN","2017","Gasoline",38304,1,"Med"
"Renault","LOGAN","2016","Gasoline",36994,1,"Med"
"Renault","LOGAN","2015","Gasoline",33811,1,"Med"
"Renault","LOGAN","2014","Gasoline",32631,1,"Med"
"Renault","LOGAN","2013","Gasoline",24305,1,"Med"
"Renault","LOGAN","2012","Gasoline",23043,1,"Med"
"Renault","LOGAN","2011","Gasoline",21333,1,"Med"
"Renault","LOGAN","2010","Gasoline",19458,1,"Med"
"Renault","LOGAN","2009","Gasoline",18699,1,"Med"
"Renault","LOGAN","2008","Gasoline",17144,1,"Med"
"Renault","LOGAN","Zero KM","Gasoline",56300,1.6,"Med"
"Renault","LOGAN","2018","Gasoline",51287,1.6,"Med"
"Renault","LOGAN","2017","Gasoline",48041,1.6,"Med"
"Renault","LOGAN","Zero KM","Gasoline",48163,1,"Med"
"Renault","LOGAN","2019","Gasoline",44069,1,"Med"
"Renault","LOGAN","2018","Gasoline",42306,1,"Med"
"Renault","LOGAN","2017","Gasoline",40614,1,"Med"
"Renault","LOGAN","Zero KM","Gasoline",53261,1.6,"Med"
"Renault","LOGAN","2019","Gasoline",47815,1.6,"Med"
"Renault","LOGAN","2018","Gasoline",45236,1.6,"Med"
"Renault","LOGAN","2017","Gasoline",42897,1.6,"Med"
"Renault","LOGAN","2013","Gasoline",27203,1.6,"Med"
"Renault","LOGAN","2012","Gasoline",25068,1.6,"Med"
"Renault","LOGAN","2017","Gasoline",43203,1.6,"Med"
"Renault","LOGAN","2016","Gasoline",39813,1.6,"Med"
"Renault","LOGAN","2015","Gasoline",36407,1.6,"Med"
"Renault","LOGAN","2014","Gasoline",34400,1.6,"Med"
"Renault","LOGAN","2013","Gasoline",27021,1.6,"Med"
"Renault","LOGAN","2012","Gasoline",24688,1.6,"Med"
"Renault","LOGAN","2011","Gasoline",22636,1.6,"Med"
"Renault","LOGAN","2010","Gasoline",20110,1.6,"Med"
"Renault","LOGAN","2009","Gasoline",18774,1.6,"Med"
"Renault","LOGAN","2008","Gasoline",17304,1.6,"Med"
"Renault","LOGAN","2010","Gasoline",23123,1.6,"Med"
"Renault","LOGAN","2009","Gasoline",19149,1.6,"Med"
"Renault","LOGAN","2008","Gasoline",17767,1.6,"Med"
"Renault","LOGAN","2010","Gasoline",20244,1.6,"Med"
"Renault","LOGAN","2009","Gasoline",18995,1.6,"Med"
"Renault","LOGAN","2008","Gasoline",17655,1.6,"Med"
"Renault","Master","Zero KM","Diesel",100085,2.3,"Med"
"Renault","Master","2019","Diesel",86910,2.3,"Med"
"Renault","Master","2018","Diesel",81799,2.3,"Med"
"Renault","Master","2017","Diesel",78042,2.3,"Med"
"Renault","Master","2016","Diesel",75316,2.3,"Med"
"Renault","Master","2015","Diesel",72343,2.3,"Med"
"Renault","Master","2014","Diesel",69446,2.3,"Med"
"Renault","Master","Zero KM","Diesel",148746,2.3,"Med"
"Renault","Master","2019","Diesel",130020,2.3,"Med"
"Renault","Master","2018","Diesel",125637,2.3,"Med"
"Renault","Master","2017","Diesel",121172,2.3,"Med"
"Renault","Master","2016","Diesel",116609,2.3,"Med"
"Renault","Master","2015","Diesel",112796,2.3,"Med"
"Renault","Master","2014","Diesel",97875,2.3,"Med"
"Renault","Master","2013","Diesel",89722,2.3,"Med"
"Renault","Master","Zero KM","Diesel",117495,2.3,"Med"
"Renault","Master","2019","Diesel",102630,2.3,"Med"
"Renault","Master","2018","Diesel",99365,2.3,"Med"
"Renault","Master","2017","Diesel",96397,2.3,"Med"
"Renault","Master","2016","Diesel",92634,2.3,"Med"
"Renault","Master","2015","Diesel",88825,2.3,"Med"
"Renault","Master","2014","Diesel",79900,2.3,"Med"
"Renault","Master","Zero KM","Diesel",111910,2.3,"Med"
"Renault","Master","2019","Diesel",97484,2.3,"Med"
"Renault","Master","2018","Diesel",93561,2.3,"Med"
"Renault","Master","2017","Diesel",90070,2.3,"Med"
"Renault","Master","2016","Diesel",84146,2.3,"Med"
"Renault","Master","2015","Diesel",81138,2.3,"Med"
"Renault","Master","2014","Diesel",76710,2.3,"Med"
"Renault","Master","Zero KM","Diesel",101537,2.3,"Med"
"Renault","Master","2019","Diesel",88015,2.3,"Med"
"Renault","Master","2018","Diesel",85020,2.3,"Med"
"Renault","Master","2017","Diesel",82503,2.3,"Med"
"Renault","Master","2016","Diesel",76150,2.3,"Med"
"Renault","Master","2015","Diesel",73773,2.3,"Med"
"Renault","Master","2014","Diesel",70041,2.3,"Med"
"Renault","Master","Zero KM","Diesel",111995,2.3,"Med"
"Renault","Master","2019","Diesel",98520,2.3,"Med"
"Renault","Master","2018","Diesel",94813,2.3,"Med"
"Renault","Master","2017","Diesel",90402,2.3,"Med"
"Renault","Master","2016","Diesel",85160,2.3,"Med"
"Renault","Master","2015","Diesel",81677,2.3,"Med"
"Renault","Master","2014","Diesel",77445,2.3,"Med"
"Renault","Master","Zero KM","Diesel",111973,2.3,"Med"
"Renault","Master","2019","Diesel",97786,2.3,"Med"
"Renault","Master","2018","Diesel",91911,2.3,"Med"
"Renault","Master","2017","Diesel",88216,2.3,"Med"
"Renault","Master","2016","Diesel",83986,2.3,"Med"
"Renault","Master","2015","Diesel",80091,2.3,"Med"
"Renault","Master","2014","Diesel",75106,2.3,"Med"
"Renault","Master","2015","Diesel",92278,2.3,"Med"
"Renault","Master","2014","Diesel",88985,2.3,"Med"
"Renault","Master","2013","Diesel",79503,2.3,"Med"
"Renault","Master","Zero KM","Diesel",117982,2.3,"Med"
"Renault","Master","2018","Diesel",103999,2.3,"Med"
"Renault","Master","2017","Diesel",99339,2.3,"Med"
"Renault","Master","2016","Diesel",89885,2.3,"Med"
"Renault","Master","2015","Diesel",87216,2.3,"Med"
"Renault","Master","2014","Diesel",82270,2.3,"Med"
"Renault","Master","2013","Diesel",78573,2.3,"Med"
"Renault","Master","2017","Diesel",107482,2.3,"Med"
"Renault","Master","2016","Diesel",101547,2.3,"Med"
"Renault","Master","2015","Diesel",94244,2.3,"Med"
"Renault","Master","2014","Diesel",89782,2.3,"Med"
"Renault","Master","2013","Diesel",81418,2.3,"Med"
"Renault","Master","2017","Diesel",127607,2.3,"Med"
"Renault","Master","2016","Diesel",120464,2.3,"Med"
"Renault","Master","2015","Diesel",115276,2.3,"Med"
"Renault","Master","2014","Diesel",107816,2.3,"Med"
"Renault","Master","2013","Diesel",99541,2.3,"Med"
"Renault","Master","2015","Diesel",74190,2.3,"Med"
"Renault","Master","2014","Diesel",70203,2.3,"Med"
"Renault","Master","2011","Diesel",66918,2.5,"Med"
"Renault","Master","2010","Diesel",64708,2.5,"Med"
"Renault","Master","2009","Diesel",59496,2.5,"Med"
"Renault","Master","2008","Diesel",50289,2.5,"Med"
"Renault","Master","2007","Diesel",47707,2.5,"Med"
"Renault","Master","2006","Diesel",44244,2.5,"Med"
"Renault","Master","2013","Diesel",86721,2.5,"Med"
"Renault","Master","2012","Diesel",77100,2.5,"Med"
"Renault","Master","2011","Diesel",72726,2.5,"Med"
"Renault","Master","2010","Diesel",65938,2.5,"Med"
"Renault","Master","2009","Diesel",61191,2.5,"Med"
"Renault","Master","2008","Diesel",53480,2.5,"Med"
"Renault","Master","2007","Diesel",50134,2.5,"Med"
"Renault","Master","2006","Diesel",46388,2.5,"Med"
"Renault","Master","2005","Diesel",42924,2.5,"Med"
"Renault","Master","2004","Diesel",41072,2.5,"Med"
"Renault","Master","2013","Diesel",62781,2.5,"Med"
"Renault","Master","2012","Diesel",60894,2.5,"Med"
"Renault","Master","2011","Diesel",58228,2.5,"Med"
"Renault","Master","2010","Diesel",55901,2.5,"Med"
"Renault","Master","2009","Diesel",47991,2.5,"Med"
"Renault","Master","2008","Diesel",41369,2.5,"Med"
"Renault","Master","2007","Diesel",38555,2.5,"Med"
"Renault","Master","2006","Diesel",35670,2.5,"Med"
"Renault","Master","2005","Diesel",34272,2.5,"Med"
"Renault","Master","2004","Diesel",31999,2.5,"Med"
"Renault","Master","2013","Diesel",88297,2.5,"Med"
"Renault","Master","2012","Diesel",85108,2.5,"Med"
"Renault","Master","2011","Diesel",77698,2.5,"Med"
"Renault","Master","2010","Diesel",67888,2.5,"Med"
"Renault","Master","2009","Diesel",61303,2.5,"Med"
"Renault","Master","2008","Diesel",57090,2.5,"Med"
"Renault","Master","2013","Diesel",89763,2.5,"Med"
"Renault","Master","2012","Diesel",85542,2.5,"Med"
"Renault","Master","2011","Diesel",78251,2.5,"Med"
"Renault","Master","2010","Diesel",74049,2.5,"Med"
"Renault","Master","2009","Diesel",68878,2.5,"Med"
"Renault","Master","2008","Diesel",62767,2.5,"Med"
"Renault","Master","2013","Diesel",67724,2.5,"Med"
"Renault","Master","2012","Diesel",60740,2.5,"Med"
"Renault","Master","2011","Diesel",55897,2.5,"Med"
"Renault","Master","2010","Diesel",50512,2.5,"Med"
"Renault","Master","2009","Diesel",47055,2.5,"Med"
"Renault","Master","2008","Diesel",43750,2.5,"Med"
"Renault","Master","2007","Diesel",39879,2.5,"Med"
"Renault","Master","2006","Diesel",37217,2.5,"Med"
"Renault","Master","2005","Diesel",33687,2.5,"Med"
"Renault","Master","2013","Diesel",65574,2.5,"Med"
"Renault","Master","2012","Diesel",58278,2.5,"Med"
"Renault","Master","2011","Diesel",51498,2.5,"Med"
"Renault","Master","2010","Diesel",49908,2.5,"Med"
"Renault","Master","2009","Diesel",44747,2.5,"Med"
"Renault","Master","2008","Diesel",42410,2.5,"Med"
"Renault","Master","2007","Diesel",39544,2.5,"Med"
"Renault","Master","2006","Diesel",36811,2.5,"Med"
"Renault","Master","2005","Diesel",33446,2.5,"Med"
"Renault","Master","2013","Diesel",57520,2.5,"Med"
"Renault","Master","2012","Diesel",48269,2.5,"Med"
"Renault","Master","2013","Diesel",63251,2.5,"Med"
"Renault","Master","2012","Diesel",58539,2.5,"Med"
"Renault","Master","2004","Diesel",42743,2.8,"Med"
"Renault","Master","2003","Diesel",37521,2.8,"Med"
"Renault","Master","2004","Diesel",38012,2.8,"Med"
"Renault","Master","2003","Diesel",35010,2.8,"Med"
"Renault","Master","2004","Diesel",35817,2.8,"Med"
"Renault","Master","2003","Diesel",32048,2.8,"Med"
"Renault","Master","2002","Diesel",29101,2.8,"Med"
"Renault","Master","2004","Diesel",38876,2.8,"Med"
"Renault","Master","2003","Diesel",35675,2.8,"Med"
"Renault","Master","2002","Diesel",32117,2.8,"Med"
"Renault","Master","2004","Diesel",36403,2.8,"Med"
"Renault","Master","2003","Diesel",30899,2.8,"Med"
"Renault","Megane","2009","Gasoline",57370,2,"Med"
"Renault","Megane","2008","Gasoline",55343,2,"Med"
"Renault","Megane","2007","Gasoline",51283,2,"Med"
"Renault","Megane","2010","Gasoline",32606,2,"Aut"
"Renault","Megane","2009","Gasoline",29350,2,"Aut"
"Renault","Megane","2010","Gasoline",30469,2,"Med"
"Renault","Megane","2009","Gasoline",28946,2,"Med"
"Renault","Megane","2010","Gasoline",28229,1.6,"Med"
"Renault","Megane","2009","Gasoline",27349,1.6,"Med"
"Renault","Megane","2008","Gasoline",25819,1.6,"Med"
"Renault","Megane","2007","Gasoline",24381,1.6,"Med"
"Renault","Megane","2013","Gasoline",32641,1.6,"Med"
"Renault","Megane","2012","Gasoline",31521,1.6,"Med"
"Renault","Megane","2011","Gasoline",30145,1.6,"Med"
"Renault","Megane","2010","Gasoline",28525,1.6,"Med"
"Renault","Megane","2009","Gasoline",26327,1.6,"Med"
"Renault","Megane","2008","Gasoline",23777,1.6,"Med"
"Renault","Megane","2007","Gasoline",22115,1.6,"Med"
"Renault","Megane","2011","Gasoline",31079,2,"Aut"
"Renault","Megane","2010","Gasoline",29035,2,"Aut"
"Renault","Megane","2009","Gasoline",26447,2,"Aut"
"Renault","Megane","2008","Gasoline",23822,2,"Aut"
"Renault","Megane","2007","Gasoline",22290,2,"Aut"
"Renault","Megane","2010","Gasoline",28173,2,"Med"
"Renault","Megane","2009","Gasoline",23540,2,"Med"
"Renault","Megane","2008","Gasoline",22754,2,"Med"
"Renault","Megane","2007","Gasoline",21381,2,"Med"
"Renault","Megane","2011","Gasoline",29514,1.6,"Med"
"Renault","Megane","2010","Gasoline",28273,1.6,"Med"
"Renault","Megane","2009","Gasoline",24338,1.6,"Med"
"Renault","Megane","2008","Gasoline",23183,1.6,"Med"
"Renault","Megane","2007","Gasoline",21648,1.6,"Med"
"Renault","Megane","2010","Gasoline",32193,2,"Aut"
"Renault","Megane","2009","Gasoline",27930,2,"Aut"
"Renault","Megane","2008","Gasoline",27006,2,"Aut"
"Renault","Megane","2000","Gasoline",8905,1.6,"Med"
"Renault","Megane","1999","Gasoline",8118,1.6,"Med"
"Renault","Megane","1998","Gasoline",7372,1.6,"Med"
"Renault","Megane","2005","Gasoline",14971,1.6,"Med"
"Renault","Megane","2004","Gasoline",14510,1.6,"Med"
"Renault","Megane","2003","Gasoline",11505,1.6,"Med"
"Renault","Megane","2002","Gasoline",11120,1.6,"Med"
"Renault","Megane","2001","Gasoline",9785,1.6,"Med"
"Renault","Megane","2000","Gasoline",9316,1.6,"Med"
"Renault","Megane","1999","Gasoline",8858,1.6,"Med"
"Renault","Megane","1998","Gasoline",8233,1.6,"Med"
"Renault","Megane","2001","Gasoline",11652,2,"Med"
"Renault","Megane","2000","Gasoline",11207,2,"Med"
"Renault","Megane","1999","Gasoline",9317,2,"Med"
"Renault","Megane","1998","Gasoline",8230,2,"Med"
"Renault","Megane","2001","Gasoline",10525,1.6,"Med"
"Renault","Megane","2000","Gasoline",10137,1.6,"Med"
"Renault","Megane","2010","Gasoline",31739,2,"Aut"
"Renault","Megane","2009","Gasoline",25729,2,"Aut"
"Renault","Megane","2008","Gasoline",24296,2,"Aut"
"Renault","Megane","2010","Gasoline",27922,2,"Aut"
"Renault","Megane","2009","Gasoline",26985,2,"Aut"
"Renault","Megane","2010","Gasoline",27162,2,"Med"
"Renault","Megane","2009","Gasoline",24876,2,"Med"
"Renault","Megane","2010","Gasoline",26772,1.6,"Med"
"Renault","Megane","2009","Gasoline",23347,1.6,"Med"
"Renault","Megane","2011","Gasoline",31327,2,"Aut"
"Renault","Megane","2010","Gasoline",28427,2,"Aut"
"Renault","Megane","2009","Gasoline",25527,2,"Aut"
"Renault","Megane","2008","Gasoline",22179,2,"Aut"
"Renault","Megane","2007","Gasoline",21173,2,"Aut"
"Renault","Megane","2006","Gasoline",20428,2,"Aut"
"Renault","Megane","2005","Gasoline",19189,2,"Aut"
"Renault","Megane","2009","Gasoline",22566,2,"Med"
"Renault","Megane","2008","Gasoline",21877,2,"Med"
"Renault","Megane","2007","Gasoline",20962,2,"Med"
"Renault","Megane","2006","Gasoline",19900,2,"Med"
"Renault","Megane","2011","Gasoline",28859,1.6,"Med"
"Renault","Megane","2010","Gasoline",26018,1.6,"Med"
"Renault","Megane","2009","Gasoline",23247,1.6,"Med"
"Renault","Megane","2008","Gasoline",22164,1.6,"Med"
"Renault","Megane","2007","Gasoline",20864,1.6,"Med"
"Renault","Megane","2006","Gasoline",19736,1.6,"Med"
"Renault","Megane","2011","Gasoline",28885,1.6,"Med"
"Renault","Megane","2010","Gasoline",25171,1.6,"Med"
"Renault","Megane","2009","Gasoline",22407,1.6,"Med"
"Renault","Megane","2008","Gasoline",21149,1.6,"Med"
"Renault","Megane","2007","Gasoline",20451,1.6,"Med"
"Renault","Megane","2006","Gasoline",19467,1.6,"Med"
"Renault","Megane","2010","Gasoline",30194,2,"Med"
"Renault","Megane","2009","Gasoline",27155,2,"Med"
"Renault","Megane","2008","Gasoline",24623,2,"Med"
"Renault","Megane","2006","Gasoline",19020,2,"Med"
"Renault","Megane","2005","Gasoline",18035,2,"Med"
"Renault","Megane","2004","Gasoline",16475,2,"Med"
"Renault","Megane","2000","Gasoline",10199,2,"Med"
"Renault","Megane","1999","Gasoline",8372,2,"Med"
"Renault","Megane","1998","Gasoline",7604,2,"Med"
"Renault","Megane","2001","Gasoline",10521,1.6,"Med"
"Renault","Megane","2000","Gasoline",10054,1.6,"Med"
"Renault","Megane","1999","Gasoline",9652,1.6,"Med"
"Renault","Megane","2006","Gasoline",17900,2,"Med"
"Renault","Megane","2005","Gasoline",16674,2,"Med"
"Renault","Megane","2004","Gasoline",16021,2,"Med"
"Renault","Megane","2003","Gasoline",12071,2,"Med"
"Renault","Megane","2001","Gasoline",11854,2,"Med"
"Renault","Megane","2000","Gasoline",11274,2,"Med"
"Renault","Megane","1999","Gasoline",10894,2,"Med"
"Renault","Megane","1998","Gasoline",8508,2,"Med"
"Renault","Megane","1997","Gasoline",8178,2,"Med"
"Renault","SANDERO","2016","Gasoline",31506,1,"Med"
"Renault","SANDERO","Zero KM","Gasoline",41427,1,"Med"
"Renault","SANDERO","2019","Gasoline",38113,1,"Med"
"Renault","SANDERO","2018","Gasoline",36987,1,"Med"
"Renault","SANDERO","2017","Gasoline",35784,1,"Med"
"Renault","SANDERO","2014","Gasoline",24308,1,"Med"
"Renault","SANDERO","2013","Gasoline",22557,1,"Med"
"Renault","SANDERO","2012","Gasoline",20319,1,"Med"
"Renault","SANDERO","2011","Gasoline",19689,1,"Med"
"Renault","SANDERO","2010","Gasoline",19065,1,"Med"
"Renault","SANDERO","2009","Gasoline",18107,1,"Med"
"Renault","SANDERO","2008","Gasoline",17465,1,"Med"
"Renault","SANDERO","2010","Gasoline",20950,1.6,"Med"
"Renault","SANDERO","2009","Gasoline",19865,1.6,"Med"
"Renault","SANDERO","2008","Gasoline",19219,1.6,"Med"
"Renault","SANDERO","2017","Gasoline",33149,1,"Med"
"Renault","SANDERO","2016","Gasoline",30819,1,"Med"
"Renault","SANDERO","2015","Gasoline",29668,1,"Med"
"Renault","SANDERO","2017","Gasoline",47526,1.6,"Med"
"Renault","SANDERO","2016","Gasoline",43760,1.6,"Med"
"Renault","SANDERO","2015","Gasoline",40100,1.6,"Med"
"Renault","SANDERO","Zero KM","Gasoline",59590,1.6,"Med"
"Renault","SANDERO","2018","Gasoline",53356,1.6,"Med"
"Renault","SANDERO","2017","Gasoline",51056,1.6,"Med"
"Renault","SANDERO","Zero KM","Gasoline",55763,1.6,"Med"
"Renault","SANDERO","2018","Gasoline",50261,1.6,"Med"
"Renault","SANDERO","2017","Gasoline",47364,1.6,"Med"
"Renault","SANDERO","2017","Gasoline",44744,1.6,"Med"
"Renault","SANDERO","2016","Gasoline",41454,1.6,"Med"
"Renault","SANDERO","2015","Gasoline",38617,1.6,"Med"
"Renault","SANDERO","2017","Gasoline",44969,1.6,"Med"
"Renault","SANDERO","2016","Gasoline",39631,1.6,"Med"
"Renault","SANDERO","2015","Gasoline",35616,1.6,"Med"
"Renault","SANDERO","Zero KM","Gasoline",56590,1.6,"Med"
"Renault","SANDERO","2018","Gasoline",49761,1.6,"Med"
"Renault","SANDERO","2017","Gasoline",45456,1.6,"Med"
"Renault","SANDERO","2017","Gasoline",43236,1.6,"Med"
"Renault","SANDERO","Zero KM","Gasoline",46146,1,"Med"
"Renault","SANDERO","2019","Gasoline",41992,1,"Med"
"Renault","SANDERO","2018","Gasoline",40102,1,"Med"
"Renault","SANDERO","2017","Gasoline",38865,1,"Med"
"Renault","SANDERO","Zero KM","Gasoline",50555,1.6,"Med"
"Renault","SANDERO","2019","Gasoline",46257,1.6,"Med"
"Renault","SANDERO","2018","Gasoline",44215,1.6,"Med"
"Renault","SANDERO","2017","Gasoline",42680,1.6,"Med"
"Renault","SANDERO","2014","Gasoline",28405,1,"Med"
"Renault","SANDERO","2013","Gasoline",26588,1,"Med"
"Renault","SANDERO","2012","Gasoline",23890,1,"Med"
"Renault","SANDERO","2011","Gasoline",22046,1,"Med"
"Renault","SANDERO","2010","Gasoline",20387,1,"Med"
"Renault","SANDERO","2009","Gasoline",19469,1,"Med"
"Renault","SANDERO","2008","Gasoline",18671,1,"Med"
"Renault","SANDERO","2014","Gasoline",30387,1.6,"Med"
"Renault","SANDERO","2013","Gasoline",27968,1.6,"Med"
"Renault","SANDERO","2012","Gasoline",25541,1.6,"Med"
"Renault","SANDERO","2011","Gasoline",23893,1.6,"Med"
"Renault","SANDERO","2010","Gasoline",22417,1.6,"Med"
"Renault","SANDERO","2009","Gasoline",20719,1.6,"Med"
"Renault","SANDERO","2008","Gasoline",19980,1.6,"Med"
"Renault","SANDERO","2017","Gasoline",34208,1,"Med"
"Renault","SANDERO","2016","Gasoline",32150,1,"Med"
"Renault","SANDERO","2015","Gasoline",30116,1,"Med"
"Renault","SANDERO","2017","Gasoline",38806,1.6,"Med"
"Renault","SANDERO","2016","Gasoline",33400,1.6,"Med"
"Renault","SANDERO","2015","Gasoline",32021,1.6,"Med"
"Renault","SANDERO","Zero KM","Gasoline",56398,1.6,"Med"
"Renault","SANDERO","2019","Gasoline",51886,1.6,"Med"
"Renault","SANDERO","2018","Gasoline",50005,1.6,"Med"
"Renault","SANDERO","2017","Gasoline",48102,1.6,"Med"
"Renault","SANDERO","2011","Gasoline",24743,1.6,"Med"
"Renault","SANDERO","2014","Gasoline",32283,1.6,"Med"
"Renault","SANDERO","2013","Gasoline",29434,1.6,"Med"
"Renault","SANDERO","2012","Gasoline",27466,1.6,"Med"
"Renault","SANDERO","2017","Gasoline",44815,1.6,"Med"
"Renault","SANDERO","2016","Gasoline",41577,1.6,"Med"
"Renault","SANDERO","2009","Gasoline",21712,1.6,"Med"
"Renault","SANDERO","2010","Gasoline",23277,1.6,"Med"
"Renault","SANDERO","2009","Gasoline",21313,1.6,"Med"
"Renault","SANDERO","2008","Gasoline",20177,1.6,"Med"
"Renault","SANDERO","2014","Gasoline",33039,1.6,"Med"
"Renault","SANDERO","2013","Gasoline",30781,1.6,"Med"
"Renault","SANDERO","2012","Gasoline",28254,1.6,"Med"
"Renault","SANDERO","2014","Gasoline",30415,1.6,"Med"
"Renault","SANDERO","2013","Gasoline",29154,1.6,"Med"
"Renault","SANDERO","2012","Gasoline",26158,1.6,"Med"
"Renault","SANDERO","2011","Gasoline",24763,1.6,"Med"
"Renault","SANDERO","2010","Gasoline",22907,1.6,"Med"
"Renault","SANDERO","2009","Gasoline",21046,1.6,"Med"
"Renault","SANDERO","2008","Gasoline",20192,1.6,"Med"
"Renault","SANDERO","Zero KM","Gasoline",65222,2,"Med"
"Renault","SANDERO","2018","Gasoline",59810,2,"Med"
"Renault","SANDERO","Zero KM","Gasoline",63145,2,"Med"
"Renault","SANDERO","2018","Gasoline",57505,2,"Med"
"Renault","SANDERO","2017","Gasoline",55362,2,"Med"
"Renault","SANDERO","2016","Gasoline",52091,2,"Med"
"Renault","SANDERO","2015","Gasoline",48686,2,"Med"
"Renault","SANDERO","Zero KM","Gasoline",66158,1.6,"Med"
"Renault","SANDERO","2019","Gasoline",59873,1.6,"Med"
"Renault","SANDERO","2018","Gasoline",57478,1.6,"Med"
"Renault","SANDERO","2017","Gasoline",53687,1.6,"Med"
"Renault","SANDERO","2016","Gasoline",47946,1.6,"Med"
"Renault","SANDERO","2015","Gasoline",41902,1.6,"Med"
"Renault","SANDERO","2017","Gasoline",53322,1.6,"Med"
"Renault","SANDERO","2016","Gasoline",50543,1.6,"Med"
"Renault","SANDERO","2017","Gasoline",47484,1.6,"Med"
"Renault","SANDERO","2016","Gasoline",46028,1.6,"Med"
"Renault","SANDERO","Zero KM","Gasoline",62605,1.6,"Med"
"Renault","SANDERO","2019","Gasoline",57283,1.6,"Med"
"Renault","SANDERO","2018","Gasoline",54991,1.6,"Med"
"Renault","SANDERO","Zero KM","Gasoline",64143,1.6,"Med"
"Renault","SANDERO","2018","Gasoline",58652,1.6,"Med"
"Renault","SANDERO","2017","Gasoline",56821,1.6,"Med"
"Renault","SANDERO","Zero KM","Gasoline",58373,1.6,"Med"
"Renault","SANDERO","2019","Gasoline",53701,1.6,"Med"
"Renault","SANDERO","2018","Gasoline",51552,1.6,"Med"
"Renault","SANDERO","Zero KM","Gasoline",61690,1.6,"Med"
"Renault","SANDERO","2018","Gasoline",55031,1.6,"Med"
"Renault","SANDERO","2017","Gasoline",49175,1.6,"Med"
"Renault","SANDERO","2013","Gasoline",32436,1.6,"Med"
"Renault","SANDERO","2012","Gasoline",31250,1.6,"Med"
"Renault","SANDERO","2013","Gasoline",33428,1.6,"Med"
"Renault","SANDERO","2012","Gasoline",31203,1.6,"Med"
"Renault","SANDERO","2011","Gasoline",29047,1.6,"Med"
"Renault","SANDERO","2010","Gasoline",26986,1.6,"Med"
"Renault","SANDERO","2009","Gasoline",25089,1.6,"Med"
"Renault","SANDERO","2014","Gasoline",38004,1.6,"Aut"
"Renault","SANDERO","2013","Gasoline",35530,1.6,"Aut"
"Renault","SANDERO","2012","Gasoline",33407,1.6,"Aut"
"Renault","SANDERO","2017","Gasoline",45615,1.6,"Med"
"Renault","SANDERO","2016","Gasoline",43635,1.6,"Med"
"Renault","SANDERO","2015","Gasoline",40702,1.6,"Med"
"Renault","SANDERO","2014","Gasoline",35832,1.6,"Med"
"Renault","SANDERO","2013","Gasoline",31613,1.6,"Med"
"Renault","SANDERO","2014","Gasoline",34712,1.6,"Med"
"Renault","SANDERO","2014","Gasoline",34525,1.6,"Med"
"Renault","SANDERO","2014","Gasoline",28554,1,"Med"
"Renault","SANDERO","Zero KM","Gasoline",47923,1,"Med"
"Renault","SANDERO","2018","Gasoline",42690,1,"Med"
"Renault","SANDERO","2017","Gasoline",40419,1,"Med"
"Renault","SANDERO","2010","Gasoline",22420,1.6,"Med"
"Renault","Scénic","2005","Gasoline",16264,1.6,"Med"
"Renault","Scénic","2004","Gasoline",15265,1.6,"Med"
"Renault","Scénic","2003","Gasoline",14194,1.6,"Med"
"Renault","Scénic","2001","Gasoline",11126,1.6,"Med"
"Renault","Scénic","2006","Gasoline",17764,2,"Med"
"Renault","Scénic","2004","Gasoline",15332,2,"Med"
"Renault","Scénic","2003","Gasoline",14251,2,"Med"
"Renault","Scénic","2010","Gasoline",28599,1.6,"Aut"
"Renault","Scénic","2009","Gasoline",21061,1.6,"Aut"
"Renault","Scénic","2008","Gasoline",19961,1.6,"Aut"
"Renault","Scénic","2007","Gasoline",19351,1.6,"Aut"
"Renault","Scénic","2006","Gasoline",18633,1.6,"Aut"
"Renault","Scénic","2005","Gasoline",16533,1.6,"Aut"
"Renault","Scénic","2004","Gasoline",15295,1.6,"Aut"
"Renault","Scénic","2009","Gasoline",27644,2,"Aut"
"Renault","Scénic","2008","Gasoline",26619,2,"Aut"
"Renault","Scénic","2010","Gasoline",25682,1.6,"Med"
"Renault","Scénic","2009","Gasoline",20870,1.6,"Med"
"Renault","Scénic","2008","Gasoline",19702,1.6,"Med"
"Renault","Scénic","2007","Gasoline",18398,1.6,"Med"
"Renault","Scénic","2006","Gasoline",17125,1.6,"Med"
"Renault","Scénic","2005","Gasoline",15047,1.6,"Med"
"Renault","Scénic","2011","Gasoline",26944,1.6,"Med"
"Renault","Scénic","2010","Gasoline",26062,1.6,"Med"
"Renault","Scénic","2009","Gasoline",23494,1.6,"Med"
"Renault","Scénic","2007","Gasoline",20054,1.6,"Med"
"Renault","Scénic","2006","Gasoline",17150,1.6,"Med"
"Renault","Scénic","2005","Gasoline",16516,1.6,"Med"
"Renault","Scénic","2006","Gasoline",18345,1.6,"Aut"
"Renault","Scénic","2005","Gasoline",17779,1.6,"Aut"
"Renault","Scénic","2004","Gasoline",15323,1.6,"Aut"
"Renault","Scénic","2008","Gasoline",21385,2,"Med"
"Renault","Scénic","2007","Gasoline",19780,2,"Med"
"Renault","Scénic","2006","Gasoline",18395,2,"Med"
"Renault","Scénic","2004","Gasoline",15456,2,"Med"
"Renault","Scénic","2000","Gasoline",11468,2,"Med"
"Renault","Scénic","1999","Gasoline",10406,2,"Med"
"Renault","Scénic","2003","Gasoline",16230,2,"Aut"
"Renault","Scénic","2002","Gasoline",15411,2,"Aut"
"Renault","Scénic","2001","Gasoline",14078,2,"Aut"
"Renault","Scénic","2003","Gasoline",13839,2,"Med"
"Renault","Scénic","2002","Gasoline",13390,2,"Med"
"Renault","Scénic","2001","Gasoline",11623,2,"Med"
"Renault","Scénic","2011","Gasoline",26064,1.6,"Med"
"Renault","Scénic","2010","Gasoline",24389,1.6,"Med"
"Renault","Scénic","2009","Gasoline",20100,1.6,"Med"
"Renault","Scénic","2008","Gasoline",18912,1.6,"Med"
"Renault","Scénic","2007","Gasoline",17920,1.6,"Med"
"Renault","Scénic","2006","Gasoline",16465,1.6,"Med"
"Renault","Scénic","2005","Gasoline",15860,1.6,"Med"
"Renault","Scénic","2004","Gasoline",15312,1.6,"Med"
"Renault","Scénic","2003","Gasoline",14406,1.6,"Med"
"Renault","Scénic","2002","Gasoline",12816,1.6,"Med"
"Renault","Scénic","2001","Gasoline",11444,1.6,"Med"
"Renault","Scénic","2000","Gasoline",10701,1.6,"Med"
"Renault","Scénic","1999","Gasoline",9900,1.6,"Med"
"Renault","Scénic","2001","Gasoline",12053,2,"Med"
"Renault","Scénic","2000","Gasoline",10732,2,"Med"
"Renault","Scénic","1999","Gasoline",10098,2,"Med"
"Renault","Scénic","2001","Gasoline",12820,2,"Med"
"Renault","Scénic","2000","Gasoline",10741,2,"Med"
"Renault","Scénic","2005","Gasoline",16328,1.6,"Med"
"Renault","Scénic","2004","Gasoline",14454,1.6,"Med"
"Renault","Scénic","2003","Gasoline",14012,1.6,"Med"
"Renault","Scénic","2002","Gasoline",13309,1.6,"Med"
"Renault","Scénic","2001","Gasoline",12682,1.6,"Med"
"Renault","Scénic","2009","Gasoline",24812,2,"Aut"
"Renault","Scénic","2008","Gasoline",22317,2,"Aut"
"Renault","Scénic","2007","Gasoline",19943,2,"Aut"
"Renault","Scénic","2006","Gasoline",17811,2,"Aut"
"Renault","Scénic","2005","Gasoline",17255,2,"Aut"
"Renault","Scénic","2004","Gasoline",15725,2,"Aut"
"Renault","Scénic","2003","Gasoline",14804,2,"Aut"
"Renault","Scénic","2002","Gasoline",14230,2,"Aut"
"Renault","Scénic","2001","Gasoline",13765,2,"Aut"
"Renault","Scénic","2009","Gasoline",24728,2,"Med"
"Renault","Scénic","2008","Gasoline",21458,2,"Med"
"Renault","Scénic","2007","Gasoline",19884,2,"Med"
"Renault","Scénic","2006","Gasoline",17785,2,"Med"
"Renault","Scénic","2005","Gasoline",17211,2,"Med"
"Renault","Scénic","2004","Gasoline",15701,2,"Med"
"Renault","Scénic","2003","Gasoline",14693,2,"Med"
"Renault","Scénic","2002","Gasoline",13014,2,"Med"
"Renault","Scénic","2001","Gasoline",12596,2,"Med"
"Renault","Scénic","2010","Gasoline",27738,1.6,"Med"
"Renault","Scénic","2009","Gasoline",24695,1.6,"Med"
"Renault","Scénic","2008","Gasoline",20645,1.6,"Med"
"Renault","Scénic","2007","Gasoline",18601,1.6,"Med"
"Renault","Scénic","2006","Gasoline",17661,1.6,"Med"
"Renault","SYMBOL","2011","Gasoline",21559,1.6,"Med"
"Renault","SYMBOL","2013","Gasoline",23690,1.6,"Med"
"Renault","SYMBOL","2012","Gasoline",22858,1.6,"Med"
"Renault","SYMBOL","2011","Gasoline",22178,1.6,"Med"
"Renault","SYMBOL","2010","Gasoline",20732,1.6,"Med"
"Renault","SYMBOL","2009","Gasoline",19224,1.6,"Med"
"Renault","SYMBOL","2011","Gasoline",21760,1.6,"Med"
"Renault","SYMBOL","2010","Gasoline",20724,1.6,"Med"
"Renault","SYMBOL","2009","Gasoline",19206,1.6,"Med"
"Renault","SYMBOL","2013","Gasoline",24566,1.6,"Med"
"Renault","SYMBOL","2012","Gasoline",23521,1.6,"Med"
"Renault","SYMBOL","2011","Gasoline",22244,1.6,"Med"
"Renault","SYMBOL","2010","Gasoline",21307,1.6,"Med"
"Renault","SYMBOL","2009","Gasoline",19916,1.6,"Med"
"Renault","Trafic","2002","Gasoline",15147,2,"Med"
"Renault","Trafic","2001","Gasoline",14601,2,"Med"
"Renault","Trafic","2000","Gasoline",14067,2,"Med"
"Renault","Trafic","1999","Gasoline",13911,2.2,"Med"
"Renault","Trafic","1998","Gasoline",12962,2.2,"Med"
"Renault","Trafic","1997","Gasoline",10356,2.2,"Med"
"Renault","Trafic","1998","Gasoline",14382,2.2,"Med"
"Renault","Trafic","1997","Gasoline",13518,2.2,"Med"
"Renault","Trafic","1998","Gasoline",16555,2.2,"Med"
"Renault","Trafic","1997","Gasoline",15627,2.2,"Med"
"Renault","Twingo","2001","Gasoline",9594,1,"Med"
"Renault","Twingo","2000","Gasoline",8496,1,"Med"
"Renault","Twingo","1999","Gasoline",7881,1,"Med"
"Renault","Twingo","2000","Gasoline",8455,1.2,"Med"
"Renault","Twingo","1999","Gasoline",7877,1.2,"Med"
"Renault","Twingo","1998","Gasoline",7011,1.2,"Med"
"Renault","Twingo","1997","Gasoline",5901,1.2,"Med"
"Renault","Twingo","1996","Gasoline",5630,1.2,"Med"
"Renault","Twingo","1995","Gasoline",5435,1.2,"Med"
"Renault","Twingo","1994","Gasoline",5201,1.2,"Med"
"Renault","Twingo","1995","Gasoline",5197,1.2,"Med"
"Renault","Twingo","2002","Gasoline",11531,1,"Med"
"Renault","Twingo","2002","Gasoline",11124,1,"Med"
"Renault","Twingo","2001","Gasoline",9985,1,"Med"
"Renault","Twingo","2000","Gasoline",8824,1,"Med"
"Renault","Twingo","1999","Gasoline",7761,1,"Med"
"Renault","Twingo","1998","Gasoline",7163,1,"Med"
"Suzuki","Baleno","1999","Gasoline",9177,1.6,"Aut"
"Suzuki","Baleno","1998","Gasoline",8707,1.6,"Aut"
"Suzuki","Baleno","1997","Gasoline",8093,1.6,"Aut"
"Suzuki","Baleno","1996","Gasoline",6499,1.6,"Aut"
"Suzuki","Baleno","1995","Gasoline",5531,1.6,"Aut"
"Suzuki","Baleno","2000","Gasoline",8972,1.6,"Med"
"Suzuki","Baleno","1999","Gasoline",7907,1.6,"Med"
"Suzuki","Baleno","1998","Gasoline",7523,1.6,"Med"
"Suzuki","Baleno","1997","Gasoline",7020,1.6,"Med"
"Suzuki","Baleno","1996","Gasoline",6116,1.6,"Med"
"Suzuki","Baleno","1995","Gasoline",5439,1.6,"Med"
"Suzuki","Baleno","2000","Gasoline",10698,1.6,"Aut"
"Suzuki","Baleno","1999","Gasoline",10021,1.6,"Aut"
"Suzuki","Baleno","1998","Gasoline",9702,1.6,"Aut"
"Suzuki","Baleno","1997","Gasoline",8991,1.6,"Aut"
"Suzuki","Grand","2002","Gasoline",23781,1.6,"Aut"
"Suzuki","Grand","2001","Gasoline",23054,1.6,"Aut"
"Suzuki","Grand","2000","Gasoline",21973,1.6,"Aut"
"Suzuki","Grand","1999","Gasoline",20421,1.6,"Aut"
"Suzuki","Grand","1998","Gasoline",18400,1.6,"Aut"
"Suzuki","Grand","2003","Gasoline",23654,1.6,"Med"
"Suzuki","Grand","2002","Gasoline",22906,1.6,"Med"
"Suzuki","Grand","2001","Gasoline",21801,1.6,"Med"
"Suzuki","Grand","2000","Gasoline",19281,1.6,"Med"
"Suzuki","Grand","1999","Gasoline",18653,1.6,"Med"
"Suzuki","Grand","1998","Gasoline",17850,1.6,"Med"
"Suzuki","Grand","2002","Gasoline",22689,2,"Med"
"Suzuki","Grand","2001","Gasoline",21582,2,"Med"
"Suzuki","Grand","2000","Gasoline",20587,2,"Med"
"Suzuki","Grand","1999","Gasoline",19549,2,"Med"
"Suzuki","Grand","2016","Gasoline",70999,2,"Aut"
"Suzuki","Grand","2015","Gasoline",65185,2,"Aut"
"Suzuki","Grand","2014","Gasoline",59046,2,"Aut"
"Suzuki","Grand","2013","Gasoline",54758,2,"Aut"
"Suzuki","Grand","2012","Gasoline",46382,2,"Aut"
"Suzuki","Grand","2011","Gasoline",42216,2,"Aut"
"Suzuki","Grand","2010","Gasoline",39897,2,"Aut"
"Suzuki","Grand","2009","Gasoline",37968,2,"Aut"
"Suzuki","Grand","2003","Gasoline",25251,2,"Aut"
"Suzuki","Grand","2002","Gasoline",24131,2,"Aut"
"Suzuki","Grand","2001","Gasoline",22679,2,"Aut"
"Suzuki","Grand","2000","Gasoline",21985,2,"Aut"
"Suzuki","Grand","1999","Gasoline",21189,2,"Aut"
"Suzuki","Grand","1998","Gasoline",19000,2,"Aut"
"Suzuki","Grand","2016","Gasoline",70455,2,"Med"
"Suzuki","Grand","2015","Gasoline",61863,2,"Med"
"Suzuki","Grand","2014","Gasoline",54911,2,"Med"
"Suzuki","Grand","2013","Gasoline",50300,2,"Med"
"Suzuki","Grand","2012","Gasoline",43384,2,"Med"
"Suzuki","Grand","2011","Gasoline",40346,2,"Med"
"Suzuki","Grand","2010","Gasoline",37628,2,"Med"
"Suzuki","Grand","2009","Gasoline",34700,2,"Med"
"Suzuki","Grand","2002","Gasoline",23265,2,"Med"
"Suzuki","Grand","2001","Gasoline",22231,2,"Med"
"Suzuki","Grand","2000","Gasoline",21265,2,"Med"
"Suzuki","Grand","1999","Gasoline",20351,2,"Med"
"Suzuki","Grand","1998","Gasoline",17687,2,"Med"
"Suzuki","Grand","2002","Gasoline",25865,2,"Aut"
"Suzuki","Grand","2001","Gasoline",25021,2,"Aut"
"Suzuki","Grand","2000","Gasoline",23394,2,"Aut"
"Suzuki","Grand","2002","Gasoline",24152,2,"Med"
"Suzuki","Grand","2001","Gasoline",23040,2,"Med"
"Suzuki","Grand","2000","Gasoline",21710,2,"Med"
"Suzuki","Grand","2000","Gasoline",30845,2,"Aut"
"Suzuki","Grand","2000","Gasoline",16285,2,"Med"
"Suzuki","Grand","2003","Diesel",27427,2,"Med"
"Suzuki","Grand","2002","Diesel",26383,2,"Med"
"Suzuki","Grand","2001","Diesel",24451,2,"Med"
"Suzuki","Grand","2003","Gasoline",25140,2.5,"Aut"
"Suzuki","Grand","2002","Gasoline",24226,2.5,"Aut"
"Suzuki","Grand","2001","Gasoline",23338,2.5,"Aut"
"Suzuki","Grand","2000","Gasoline",22286,2.5,"Aut"
"Suzuki","Grand","1999","Gasoline",21521,2.5,"Aut"
"Suzuki","Grand","1998","Gasoline",20395,2.5,"Aut"
"Suzuki","Grand","2002","Gasoline",24087,2.5,"Med"
"Suzuki","Grand","2001","Gasoline",23066,2.5,"Med"
"Suzuki","Grand","2000","Gasoline",21524,2.5,"Med"
"Suzuki","Grand","1999","Gasoline",20741,2.5,"Med"
"Suzuki","Grand","1998","Gasoline",20029,2.5,"Med"
"Suzuki","Grand","2011","Gasoline",57530,3.2,"Aut"
"Suzuki","Grand","2010","Gasoline",46912,3.2,"Aut"
"Suzuki","Grand","2009","Gasoline",44516,3.2,"Aut"
"Suzuki","Grand","2016","Gasoline",81467,2,"Aut"
"Suzuki","Grand","2016","Gasoline",92272,2,"Aut"
"Suzuki","Grand","2016","Gasoline",80695,2,"Med"
"Suzuki","Grand","2016","Gasoline",78562,2,"Aut"
"Suzuki","Grand","2015","Gasoline",66926,2,"Aut"
"Suzuki","Grand","2002","Gasoline",24189,2,"Aut"
"Suzuki","Grand","2001","Gasoline",23356,2,"Aut"
"Suzuki","Grand","2000","Gasoline",22617,2,"Aut"
"Suzuki","Grand","1999","Gasoline",21576,2,"Aut"
"Suzuki","Grand","2002","Gasoline",21759,2,"Med"
"Suzuki","Grand","2001","Gasoline",20454,2,"Med"
"Suzuki","Grand","2000","Gasoline",19454,2,"Med"
"Suzuki","Grand","1999","Gasoline",18791,2,"Med"
"Suzuki","Grand","2003","Gasoline",26152,2.7,"Aut"
"Suzuki","Grand","2002","Gasoline",25170,2.7,"Aut"
"Suzuki","Grand","2001","Gasoline",24201,2.7,"Aut"
"Suzuki","Grand","2002","Gasoline",25063,2.7,"Med"
"Suzuki","Ignis","2003","Gasoline",16934,1.3,"Aut"
"Suzuki","Ignis","2003","Gasoline",14998,1.3,"Med"
"Suzuki","Ignis","2003","Gasoline",18002,1.3,"Med"
"Suzuki","Jimny","2012","Gasoline",39255,1.3,"Med"
"Suzuki","Jimny","Zero KM","Gasoline",73767,1.3,"Med"
"Suzuki","Jimny","2019","Gasoline",66562,1.3,"Med"
"Suzuki","Jimny","2018","Gasoline",64302,1.3,"Med"
"Suzuki","Jimny","2017","Gasoline",62381,1.3,"Med"
"Suzuki","Jimny","2016","Gasoline",59854,1.3,"Med"
"Suzuki","Jimny","2015","Gasoline",57455,1.3,"Med"
"Suzuki","Jimny","2014","Gasoline",52513,1.3,"Med"
"Suzuki","Jimny","2013","Gasoline",49443,1.3,"Med"
"Suzuki","Jimny","2012","Gasoline",43576,1.3,"Med"
"Suzuki","Jimny","2012","Gasoline",39966,1.3,"Med"
"Suzuki","Jimny","2016","Gasoline",59850,1.3,"Med"
"Suzuki","Jimny","2015","Gasoline",55722,1.3,"Med"
"Suzuki","Jimny","2014","Gasoline",51655,1.3,"Med"
"Suzuki","Jimny","2013","Gasoline",45493,1.3,"Med"
"Suzuki","Jimny","2012","Gasoline",42417,1.3,"Med"
"Suzuki","Jimny","Zero KM","Gasoline",74623,1.3,"Med"
"Suzuki","Jimny","2019","Gasoline",67464,1.3,"Med"
"Suzuki","Jimny","2018","Gasoline",65356,1.3,"Med"
"Suzuki","Jimny","2017","Gasoline",63334,1.3,"Med"
"Suzuki","Jimny","2016","Gasoline",60855,1.3,"Med"
"Suzuki","Jimny","Zero KM","Gasoline",80400,1.3,"Med"
"Suzuki","Jimny","2017","Gasoline",74620,1.3,"Med"
"Suzuki","Jimny","Zero KM","Gasoline",87250,1.3,"Med"
"Suzuki","Jimny","2018","Gasoline",77852,1.3,"Med"
"Suzuki","Jimny","2017","Gasoline",75220,1.3,"Med"
"Suzuki","Jimny","Zero KM","Gasoline",68893,1.3,"Med"
"Suzuki","Jimny","2019","Gasoline",62417,1.3,"Med"
"Suzuki","Jimny","2018","Gasoline",60055,1.3,"Med"
"Suzuki","Jimny","2017","Gasoline",58212,1.3,"Med"
"Suzuki","Jimny","2016","Gasoline",55629,1.3,"Med"
"Suzuki","Jimny","2015","Gasoline",51696,1.3,"Med"
"Suzuki","Jimny","2014","Gasoline",48856,1.3,"Med"
"Suzuki","Jimny","2013","Gasoline",45030,1.3,"Med"
"Suzuki","Jimny","2012","Gasoline",38596,1.3,"Med"
"Suzuki","Jimny","2011","Gasoline",37047,1.3,"Med"
"Suzuki","Jimny","2010","Gasoline",35761,1.3,"Med"
"Suzuki","Jimny","2009","Gasoline",33256,1.3,"Med"
"Suzuki","Jimny","2003","Gasoline",29500,1.3,"Med"
"Suzuki","Jimny","2002","Gasoline",26785,1.3,"Med"
"Suzuki","Jimny","2001","Gasoline",25177,1.3,"Med"
"Suzuki","Jimny","2000","Gasoline",24099,1.3,"Med"
"Suzuki","Jimny","1999","Gasoline",22259,1.3,"Med"
"Suzuki","Jimny","1998","Gasoline",21463,1.3,"Med"
"Suzuki","Samurai","1999","Gasoline",22140,1.3,"Med"
"Suzuki","Samurai","1998","Gasoline",21299,1.3,"Med"
"Suzuki","Samurai","1997","Gasoline",20611,1.3,"Med"
"Suzuki","Samurai","1996","Gasoline",19787,1.3,"Med"
"Suzuki","Samurai","1995","Gasoline",19124,1.3,"Med"
"Suzuki","Samurai","1994","Gasoline",18555,1.3,"Med"
"Suzuki","Samurai","1993","Gasoline",17728,1.3,"Med"
"Suzuki","Samurai","1992","Gasoline",15845,1.3,"Med"
"Suzuki","Samurai","1991","Gasoline",10381,1.3,"Med"
"Suzuki","Samurai","1999","Gasoline",25302,1.3,"Med"
"Suzuki","Samurai","1998","Gasoline",24215,1.3,"Med"
"Suzuki","Samurai","1997","Gasoline",23398,1.3,"Med"
"Suzuki","Samurai","1996","Gasoline",19918,1.3,"Med"
"Suzuki","Samurai","1995","Gasoline",19288,1.3,"Med"
"Suzuki","Samurai","1994","Gasoline",18600,1.3,"Med"
"Suzuki","Samurai","1993","Gasoline",17895,1.3,"Med"
"Suzuki","Samurai","1992","Gasoline",17232,1.3,"Med"
"Suzuki","Samurai","1991","Gasoline",11689,1.3,"Med"
"Suzuki","S-CROSS","Zero KM","Gasoline",109970,1.4,"Aut"
"Suzuki","S-CROSS","2018","Gasoline",101215,1.4,"Aut"
"Suzuki","S-CROSS","2017","Gasoline",98030,1.4,"Aut"
"Suzuki","S-CROSS","Zero KM","Gasoline",116069,1.4,"Aut"
"Suzuki","S-CROSS","2018","Gasoline",107485,1.4,"Aut"
"Suzuki","S-CROSS","2017","Gasoline",104216,1.4,"Aut"
"Suzuki","S-CROSS","Zero KM","Gasoline",96195,1.6,"Aut"
"Suzuki","S-CROSS","2018","Gasoline",89699,1.6,"Aut"
"Suzuki","S-CROSS","2017","Gasoline",86801,1.6,"Aut"
"Suzuki","Super","1995","Gasoline",4133,1,"Med"
"Suzuki","Super","1994","Gasoline",3239,1,"Med"
"Suzuki","Swift","1995","Gasoline",9212,1.3,"Med"
"Suzuki","Swift","1994","Gasoline",7927,1.3,"Med"
"Suzuki","Swift","1993","Gasoline",7155,1.3,"Med"
"Suzuki","Swift","1992","Gasoline",4808,1.3,"Med"
"Suzuki","Swift","1991","Gasoline",4186,1.3,"Med"
"Suzuki","Swift","1999","Gasoline",7780,1,"Med"
"Suzuki","Swift","1998","Gasoline",7501,1,"Med"
"Suzuki","Swift","1997","Gasoline",6597,1,"Med"
"Suzuki","Swift","1996","Gasoline",6369,1,"Med"
"Suzuki","Swift","1995","Gasoline",6122,1,"Med"
"Suzuki","Swift","1994","Gasoline",4605,1,"Med"
"Suzuki","Swift","1993","Gasoline",4071,1,"Med"
"Suzuki","Swift","1992","Gasoline",3349,1,"Med"
"Suzuki","Swift","1991","Gasoline",3222,1,"Med"
"Suzuki","Swift","1995","Gasoline",7593,1.3,"Med"
"Suzuki","Swift","1994","Gasoline",6714,1.3,"Med"
"Suzuki","Swift","1993","Gasoline",4955,1.3,"Med"
"Suzuki","Swift","1992","Gasoline",4136,1.3,"Med"
"Suzuki","Swift","1991","Gasoline",3468,1.3,"Med"
"Suzuki","Swift","1994","Gasoline",6742,1.6,"Med"
"Suzuki","Swift","1993","Gasoline",5979,1.6,"Med"
"Suzuki","Swift","1992","Gasoline",4797,1.6,"Med"
"Suzuki","Swift","1991","Gasoline",3930,1.6,"Med"
"Suzuki","Swift","2015","Gasoline",58363,1.6,"Med"
"Suzuki","Swift","2015","Gasoline",60753,1.6,"Med"
"Suzuki","SX4","2016","Gasoline",86397,1.6,"Aut"
"Suzuki","SX4","2015","Gasoline",83374,1.6,"Aut"
"Suzuki","SX4","2016","Gasoline",76887,1.6,"Aut"
"Suzuki","SX4","2016","Gasoline",67476,1.6,"Med"
"Suzuki","SX4","2015","Gasoline",63095,1.6,"Med"
"Suzuki","SX4","2016","Gasoline",76795,1.6,"Aut"
"Suzuki","Vitara","Zero KM","Gasoline",85476,1.6,"Aut"
"Suzuki","Vitara","2018","Gasoline",80507,1.6,"Aut"
"Suzuki","Vitara","2017","Gasoline",77445,1.6,"Aut"
"Suzuki","Vitara","Zero KM","Gasoline",79211,1.6,"Med"
"Suzuki","Vitara","2018","Gasoline",74293,1.6,"Med"
"Suzuki","Vitara","2017","Gasoline",72070,1.6,"Med"
"Suzuki","Vitara","Zero KM","Gasoline",113147,1.4,"Aut"
"Suzuki","Vitara","2018","Gasoline",102140,1.4,"Aut"
"Suzuki","Vitara","2017","Gasoline",98016,1.4,"Aut"
"Suzuki","Vitara","Zero KM","Gasoline",115111,1.4,"Aut"
"Suzuki","Vitara","2018","Gasoline",105627,1.4,"Aut"
"Suzuki","Vitara","2017","Gasoline",101535,1.4,"Aut"
"Suzuki","Vitara","Zero KM","Gasoline",95081,1.6,"Aut"
"Suzuki","Vitara","2018","Gasoline",90355,1.6,"Aut"
"Suzuki","Vitara","2017","Gasoline",87088,1.6,"Aut"
"Suzuki","Vitara","Zero KM","Gasoline",99870,1.6,"Aut"
"Suzuki","Vitara","2018","Gasoline",94726,1.6,"Aut"
"Suzuki","Vitara","2017","Gasoline",91573,1.6,"Aut"
"Suzuki","Vitara","1998","Gasoline",23060,1.6,"Aut"
"Suzuki","Vitara","1997","Gasoline",20784,1.6,"Aut"
"Suzuki","Vitara","1998","Gasoline",19667,1.6,"Med"
"Suzuki","Vitara","1997","Gasoline",18704,1.6,"Med"
"Suzuki","Vitara","1996","Gasoline",18000,1.6,"Med"
"Suzuki","Vitara","1995","Gasoline",17425,1.6,"Med"
"Suzuki","Vitara","1994","Gasoline",16884,1.6,"Med"
"Suzuki","Vitara","1993","Gasoline",16131,1.6,"Med"
"Suzuki","Vitara","1999","Gasoline",20856,2,"Med"
"Suzuki","Vitara","1998","Gasoline",20121,2,"Med"
"Suzuki","Vitara","1997","Gasoline",19488,2,"Med"
"Suzuki","Vitara","1996","Gasoline",18602,2,"Med"
"Suzuki","Vitara","1999","Gasoline",20801,1.6,"Med"
"Suzuki","Vitara","1998","Gasoline",20005,1.6,"Med"
"Suzuki","Vitara","1997","Gasoline",19302,1.6,"Med"
"Suzuki","Vitara","1996","Gasoline",18559,1.6,"Med"
"Suzuki","Vitara","1995","Gasoline",17945,1.6,"Med"
"Suzuki","Vitara","1994","Gasoline",17414,1.6,"Med"
"Suzuki","Vitara","1993","Gasoline",16667,1.6,"Med"
"Suzuki","Vitara","1992","Gasoline",15334,1.6,"Med"
"Suzuki","Vitara","1991","Gasoline",12082,1.6,"Med"
"Suzuki","Vitara","1999","Gasoline",23049,1.6,"Med"
"Suzuki","Vitara","1998","Gasoline",21850,1.6,"Med"
"Suzuki","Vitara","1997","Gasoline",20415,1.6,"Med"
"Suzuki","Vitara","1996","Gasoline",19698,1.6,"Med"
"Suzuki","Vitara","1995","Gasoline",19010,1.6,"Med"
"Suzuki","Vitara","1994","Gasoline",18212,1.6,"Med"
"Suzuki","Vitara","1993","Gasoline",16908,1.6,"Med"
"Suzuki","Vitara","1992","Gasoline",16188,1.6,"Med"
"Suzuki","Vitara","1991","Gasoline",12925,1.6,"Med"
"Suzuki","Wagon","1999","Gasoline",7350,1,"Med"
"Toyota","Avalon","1995","Gasoline",20191,3,"Med"
"Toyota","Band.","1999","Diesel",35247,3.7,"Med"
"Toyota","Camry","1993","Gasoline",9249,2.2,"Med"
"Toyota","Camry","1993","Gasoline",13829,3,"Med"
"Toyota","Camry","1992","Gasoline",10711,3,"Med"
"Toyota","Camry","2006","Gasoline",32755,3,"Med"
"Toyota","Camry","2005","Gasoline",30586,3,"Med"
"Toyota","Camry","2004","Gasoline",26912,3,"Med"
"Toyota","Camry","2003","Gasoline",25480,3,"Med"
"Toyota","Camry","2002","Gasoline",19727,3,"Med"
"Toyota","Camry","2001","Gasoline",18265,3,"Med"
"Toyota","Camry","2000","Gasoline",17233,3,"Med"
"Toyota","Camry","1999","Gasoline",15900,3,"Med"
"Toyota","Camry","1998","Gasoline",15395,3,"Med"
"Toyota","Camry","1997","Gasoline",14754,3,"Med"
"Toyota","Camry","1996","Gasoline",14256,3,"Med"
"Toyota","Camry","1995","Gasoline",13754,3,"Med"
"Toyota","Camry","1994","Gasoline",11369,3,"Med"
"Toyota","Camry","1993","Gasoline",10747,3,"Med"
"Toyota","Camry","1992","Gasoline",9742,3,"Med"
"Toyota","Camry","Zero KM","Gasoline",189541,3.5,"Aut"
"Toyota","Camry","2018","Gasoline",173985,3.5,"Aut"
"Toyota","Camry","2017","Gasoline",168599,3.5,"Aut"
"Toyota","Camry","2016","Gasoline",143128,3.5,"Aut"
"Toyota","Camry","2015","Gasoline",130176,3.5,"Aut"
"Toyota","Camry","2014","Gasoline",102303,3.5,"Aut"
"Toyota","Camry","2013","Gasoline",87057,3.5,"Aut"
"Toyota","Camry","2012","Gasoline",73917,3.5,"Aut"
"Toyota","Camry","2011","Gasoline",58945,3.5,"Aut"
"Toyota","Camry","2010","Gasoline",50590,3.5,"Aut"
"Toyota","Camry","2009","Gasoline",48068,3.5,"Aut"
"Toyota","Camry","2008","Gasoline",42505,3.5,"Aut"
"Toyota","Camry","2007","Gasoline",40615,3.5,"Aut"
"Toyota","Celica","1995","Gasoline",18252,2.2,"Med"
"Toyota","Celica","1994","Gasoline",13404,2.2,"Med"
"Toyota","Celica","1993","Gasoline",11558,2.2,"Med"
"Toyota","Celica","1993","Gasoline",12093,1.8,"Med"
"Toyota","Celica","1992","Gasoline",10533,1.8,"Med"
"Toyota","Corolla","Zero KM","Gasoline",119108,2,"Aut"
"Toyota","Corolla","2019","Gasoline",111221,2,"Aut"
"Toyota","Corolla","2018","Gasoline",107661,2,"Aut"
"Toyota","Corolla","2017","Gasoline",101769,2,"Aut"
"Toyota","Corolla","2016","Gasoline",89465,2,"Aut"
"Toyota","Corolla","2015","Gasoline",81866,2,"Aut"
"Toyota","Corolla","2014","Gasoline",65284,2,"Aut"
"Toyota","Corolla","2013","Gasoline",60286,2,"Aut"
"Toyota","Corolla","2012","Gasoline",57769,2,"Aut"
"Toyota","Corolla","2011","Gasoline",51550,2,"Aut"
"Toyota","Corolla","1996","Gasoline",10820,1.6,"Med"
"Toyota","Corolla","1995","Gasoline",10487,1.6,"Med"
"Toyota","Corolla","1994","Gasoline",8918,1.6,"Med"
"Toyota","Corolla","1993","Gasoline",7762,1.6,"Med"
"Toyota","Corolla","2017","Gasoline",87865,2,"Aut"
"Toyota","Corolla","2008","Gasoline",29965,1.8,"Aut"
"Toyota","Corolla","2007","Gasoline",28867,1.8,"Aut"
"Toyota","Corolla","2006","Gasoline",26327,1.8,"Aut"
"Toyota","Corolla","2005","Gasoline",24701,1.8,"Aut"
"Toyota","Corolla","2008","Gasoline",26726,1.8,"Med"
"Toyota","Corolla","2007","Gasoline",25840,1.8,"Med"
"Toyota","Corolla","2006","Gasoline",24712,1.8,"Med"
"Toyota","Corolla","2005","Gasoline",22554,1.8,"Med"
"Toyota","Corolla","2007","Gasoline",28888,1.8,"Med"
"Toyota","Corolla","2007","Gasoline",25865,1.8,"Med"
"Toyota","Corolla","2008","Gasoline",30281,1.8,"Med"
"Toyota","Corolla","1999","Gasoline",13051,1.6,"Med"
"Toyota","Corolla","1998","Gasoline",11868,1.6,"Med"
"Toyota","Corolla","1997","Gasoline",11100,1.6,"Med"
"Toyota","Corolla","Zero KM","Gasoline",78159,1.8,"Aut"
"Toyota","Corolla","2018","Gasoline",70698,1.8,"Aut"
"Toyota","Corolla","2017","Gasoline",67697,1.8,"Aut"
"Toyota","Corolla","2016","Gasoline",64241,1.8,"Aut"
"Toyota","Corolla","2015","Gasoline",62161,1.8,"Aut"
"Toyota","Corolla","2014","Gasoline",57856,1.8,"Aut"
"Toyota","Corolla","2013","Gasoline",54021,1.8,"Aut"
"Toyota","Corolla","2012","Gasoline",50878,1.8,"Aut"
"Toyota","Corolla","2011","Gasoline",46105,1.8,"Aut"
"Toyota","Corolla","2010","Gasoline",42654,1.8,"Aut"
"Toyota","Corolla","2017","Gasoline",64400,1.8,"Med"
"Toyota","Corolla","2016","Gasoline",61621,1.8,"Med"
"Toyota","Corolla","2015","Gasoline",59794,1.8,"Med"
"Toyota","Corolla","2014","Gasoline",52741,1.8,"Med"
"Toyota","Corolla","2013","Gasoline",49224,1.8,"Med"
"Toyota","Corolla","2012","Gasoline",47102,1.8,"Med"
"Toyota","Corolla","2011","Gasoline",43853,1.8,"Med"
"Toyota","Corolla","2010","Gasoline",41254,1.8,"Med"
"Toyota","Corolla","Zero KM","Gasoline",89539,1.8,"Aut"
"Toyota","Corolla","2019","Gasoline",82555,1.8,"Aut"
"Toyota","Corolla","2018","Gasoline",79989,1.8,"Aut"
"Toyota","Corolla","2017","Gasoline",74956,1.8,"Aut"
"Toyota","Corolla","2016","Gasoline",69533,1.8,"Aut"
"Toyota","Corolla","2017","Gasoline",76851,1.8,"Aut"
"Toyota","Corolla","1998","Gasoline",12936,1.8,"Med"
"Toyota","Corolla","1997","Gasoline",12352,1.8,"Med"
"Toyota","Corolla","1996","Gasoline",11041,1.8,"Med"
"Toyota","Corolla","1995","Gasoline",10521,1.8,"Med"
"Toyota","Corolla","1994","Gasoline",9758,1.8,"Med"
"Toyota","Corolla","1993","Gasoline",9452,1.8,"Med"
"Toyota","Corolla","1997","Gasoline",13731,2.2,"Med"
"Toyota","Corolla","1996","Gasoline",12228,2.2,"Med"
"Toyota","Corolla","1995","Gasoline",11181,2.2,"Med"
"Toyota","Corolla","2007","Gasoline",29603,1.8,"Med"
"Toyota","Corolla","2007","Gasoline",28777,1.8,"Med"
"Toyota","Corolla","2002","Gasoline",18371,1.8,"Med"
"Toyota","Corolla","2001","Gasoline",16329,1.8,"Med"
"Toyota","Corolla","2000","Gasoline",15767,1.8,"Med"
"Toyota","Corolla","1999","Gasoline",14900,1.8,"Med"
"Toyota","Corolla","2010","Gasoline",46315,1.8,"Aut"
"Toyota","Corolla","2009","Gasoline",44326,1.8,"Aut"
"Toyota","Corolla","2008","Gasoline",35524,1.8,"Aut"
"Toyota","Corolla","2007","Gasoline",32305,1.8,"Aut"
"Toyota","Corolla","2006","Gasoline",28635,1.8,"Aut"
"Toyota","Corolla","2005","Gasoline",27129,1.8,"Aut"
"Toyota","Corolla","2004","Gasoline",25911,1.8,"Aut"
"Toyota","Corolla","2003","Gasoline",24022,1.8,"Aut"
"Toyota","Corolla","2002","Gasoline",19057,1.8,"Aut"
"Toyota","Corolla","2001","Gasoline",17697,1.8,"Aut"
"Toyota","Corolla","2000","Gasoline",15930,1.8,"Aut"
"Toyota","Corolla","1999","Gasoline",15308,1.8,"Aut"
"Toyota","Corolla","1999","Gasoline",12133,1.8,"Med"
"Toyota","Corolla","1998","Gasoline",11339,1.8,"Med"
"Toyota","Corolla","1997","Gasoline",9860,1.8,"Med"
"Toyota","Corolla","1996","Gasoline",8999,1.8,"Med"
"Toyota","Corolla","1995","Gasoline",8678,1.8,"Med"
"Toyota","Corolla","1994","Gasoline",7783,1.8,"Med"
"Toyota","Corolla","1993","Gasoline",7541,1.8,"Med"
"Toyota","Corolla","2010","Gasoline",42854,1.8,"Aut"
"Toyota","Corolla","2009","Gasoline",41219,1.8,"Aut"
"Toyota","Corolla","2008","Gasoline",32489,1.8,"Aut"
"Toyota","Corolla","2007","Gasoline",31392,1.8,"Aut"
"Toyota","Corolla","2006","Gasoline",28062,1.8,"Aut"
"Toyota","Corolla","2005","Gasoline",26162,1.8,"Aut"
"Toyota","Corolla","2004","Gasoline",24707,1.8,"Aut"
"Toyota","Corolla","2003","Gasoline",23705,1.8,"Aut"
"Toyota","Corolla","2002","Gasoline",18970,1.8,"Aut"
"Toyota","Corolla","2001","Gasoline",17675,1.8,"Aut"
"Toyota","Corolla","2000","Gasoline",16023,1.8,"Aut"
"Toyota","Corolla","1999","Gasoline",14521,1.8,"Aut"
"Toyota","Corolla","2010","Gasoline",41175,1.8,"Med"
"Toyota","Corolla","2009","Gasoline",38764,1.8,"Med"
"Toyota","Corolla","2008","Gasoline",30252,1.8,"Med"
"Toyota","Corolla","2007","Gasoline",27777,1.8,"Med"
"Toyota","Corolla","2006","Gasoline",26052,1.8,"Med"
"Toyota","Corolla","2005","Gasoline",24448,1.8,"Med"
"Toyota","Corolla","2004","Gasoline",23686,1.8,"Med"
"Toyota","Corolla","2003","Gasoline",22711,1.8,"Med"
"Toyota","Corolla","2002","Gasoline",17401,1.8,"Med"
"Toyota","Corolla","2001","Gasoline",15997,1.8,"Med"
"Toyota","Corolla","2000","Gasoline",15309,1.8,"Med"
"Toyota","Corolla","1999","Gasoline",13737,1.8,"Med"
"Toyota","Corolla","Zero KM","Gasoline",105301,2,"Aut"
"Toyota","Corolla","2019","Gasoline",97020,2,"Aut"
"Toyota","Corolla","2018","Gasoline",93410,2,"Aut"
"Toyota","Corolla","2017","Gasoline",87600,2,"Aut"
"Toyota","Corolla","2016","Gasoline",81047,2,"Aut"
"Toyota","Corolla","2015","Gasoline",75037,2,"Aut"
"Toyota","Corolla","2014","Gasoline",60486,2,"Aut"
"Toyota","Corolla","2013","Gasoline",57881,2,"Aut"
"Toyota","Corolla","2012","Gasoline",53478,2,"Aut"
"Toyota","Corolla","2011","Gasoline",47923,2,"Aut"
"Toyota","Corolla","2010","Gasoline",40805,1.6,"Aut"
"Toyota","Corolla","2009","Gasoline",39441,1.6,"Aut"
"Toyota","Corolla","2008","Gasoline",30029,1.6,"Aut"
"Toyota","Corolla","2007","Gasoline",27990,1.6,"Aut"
"Toyota","Corolla","2006","Gasoline",25865,1.6,"Aut"
"Toyota","Corolla","2005","Gasoline",24847,1.6,"Aut"
"Toyota","Corolla","2004","Gasoline",24069,1.6,"Aut"
"Toyota","Corolla","2003","Gasoline",21724,1.6,"Aut"
"Toyota","Corolla","2007","Gasoline",25477,1.6,"Med"
"Toyota","Corolla","2006","Gasoline",24589,1.6,"Med"
"Toyota","Corolla","2005","Gasoline",22854,1.6,"Med"
"Toyota","Corolla","2004","Gasoline",22154,1.6,"Med"
"Toyota","Corolla","2003","Gasoline",21264,1.6,"Med"
"Toyota","Corolla","2014","Gasoline",54117,1.8,"Aut"
"Toyota","Corolla","2013","Gasoline",52402,1.8,"Aut"
"Toyota","Corolla","2012","Gasoline",49309,1.8,"Aut"
"Toyota","Corolla","2011","Gasoline",44100,1.8,"Aut"
"Toyota","Corolla","2010","Gasoline",42271,1.8,"Aut"
"Toyota","Corolla","2009","Gasoline",40317,1.8,"Aut"
"Toyota","Corolla","2008","Gasoline",30927,1.8,"Aut"
"Toyota","Corolla","2002","Gasoline",18058,1.8,"Aut"
"Toyota","Corolla","2001","Gasoline",16025,1.8,"Aut"
"Toyota","Corolla","2000","Gasoline",14373,1.8,"Aut"
"Toyota","Corolla","1999","Gasoline",13850,1.8,"Aut"
"Toyota","Corolla","2014","Gasoline",51317,1.8,"Med"
"Toyota","Corolla","2013","Gasoline",49043,1.8,"Med"
"Toyota","Corolla","2012","Gasoline",44818,1.8,"Med"
"Toyota","Corolla","2011","Gasoline",42164,1.8,"Med"
"Toyota","Corolla","2010","Gasoline",39989,1.8,"Med"
"Toyota","Corolla","2009","Gasoline",37789,1.8,"Med"
"Toyota","Corolla","2008","Gasoline",28454,1.8,"Med"
"Toyota","Corolla","2002","Gasoline",15925,1.8,"Med"
"Toyota","Corolla","2001","Gasoline",13735,1.8,"Med"
"Toyota","Corolla","2000","Gasoline",12943,1.8,"Med"
"Toyota","Corolla","1999","Gasoline",10597,1.8,"Med"
"Toyota","Corolla","Zero KM","Gasoline",109844,2,"Aut"
"Toyota","Corolla","2019","Gasoline",102010,2,"Aut"
"Toyota","Corolla","2018","Gasoline",98228,2,"Aut"
"Toyota","Corolla","2014","Gasoline",60200,2,"Aut"
"Toyota","Corolla","2013","Gasoline",58291,2,"Aut"
"Toyota","ETIOS","2014","Gasoline",31033,1.3,"Med"
"Toyota","ETIOS","2013","Gasoline",28747,1.3,"Med"
"Toyota","ETIOS","Zero KM","Gasoline",64426,1.5,"Aut"
"Toyota","ETIOS","2018","Gasoline",59645,1.5,"Aut"
"Toyota","ETIOS","2017","Gasoline",57454,1.5,"Aut"
"Toyota","ETIOS","2017","Gasoline",52367,1.5,"Med"
"Toyota","ETIOS","2016","Gasoline",48997,1.5,"Med"
"Toyota","ETIOS","2015","Gasoline",43737,1.5,"Med"
"Toyota","ETIOS","2014","Gasoline",39110,1.5,"Med"
"Toyota","ETIOS","Zero KM","Gasoline",65375,1.5,"Aut"
"Toyota","ETIOS","2019","Gasoline",61790,1.5,"Aut"
"Toyota","ETIOS","2018","Gasoline",59345,1.5,"Aut"
"Toyota","ETIOS","2017","Gasoline",56900,1.5,"Aut"
"Toyota","ETIOS","2016","Gasoline",47177,1.5,"Med"
"Toyota","ETIOS","2015","Gasoline",42089,1.5,"Med"
"Toyota","ETIOS","2014","Gasoline",38391,1.5,"Med"
"Toyota","ETIOS","Zero KM","Gasoline",68591,1.5,"Aut"
"Toyota","ETIOS","2019","Gasoline",63859,1.5,"Aut"
"Toyota","ETIOS","2018","Gasoline",61320,1.5,"Aut"
"Toyota","ETIOS","2017","Gasoline",59020,1.5,"Aut"
"Toyota","ETIOS","2016","Gasoline",47195,1.5,"Med"
"Toyota","ETIOS","2015","Gasoline",44335,1.5,"Med"
"Toyota","ETIOS","2014","Gasoline",41932,1.5,"Med"
"Toyota","ETIOS","Zero KM","Gasoline",58303,1.5,"Aut"
"Toyota","ETIOS","2018","Gasoline",55061,1.5,"Aut"
"Toyota","ETIOS","2017","Gasoline",53416,1.5,"Aut"
"Toyota","ETIOS","Zero KM","Gasoline",52663,1.3,"Aut"
"Toyota","ETIOS","2019","Gasoline",49727,1.3,"Aut"
"Toyota","ETIOS","2018","Gasoline",47743,1.3,"Aut"
"Toyota","ETIOS","2017","Gasoline",45795,1.3,"Aut"
"Toyota","ETIOS","Zero KM","Gasoline",47469,1.3,"Med"
"Toyota","ETIOS","2019","Gasoline",42845,1.3,"Med"
"Toyota","ETIOS","2018","Gasoline",41402,1.3,"Med"
"Toyota","ETIOS","2017","Gasoline",39978,1.3,"Med"
"Toyota","ETIOS","2016","Gasoline",37605,1.3,"Med"
"Toyota","ETIOS","2015","Gasoline",35506,1.3,"Med"
"Toyota","ETIOS","2014","Gasoline",32236,1.3,"Med"
"Toyota","ETIOS","2013","Gasoline",29826,1.3,"Med"
"Toyota","ETIOS","Zero KM","Gasoline",58571,1.5,"Aut"
"Toyota","ETIOS","2019","Gasoline",53590,1.5,"Aut"
"Toyota","ETIOS","Zero KM","Gasoline",54129,1.5,"Med"
"Toyota","ETIOS","2019","Gasoline",49070,1.5,"Med"
"Toyota","ETIOS","Zero KM","Gasoline",61632,1.5,"Aut"
"Toyota","ETIOS","2019","Gasoline",56486,1.5,"Aut"
"Toyota","ETIOS","Zero KM","Gasoline",56790,1.5,"Med"
"Toyota","ETIOS","2019","Gasoline",51832,1.5,"Med"
"Toyota","ETIOS","Zero KM","Gasoline",57412,1.5,"Aut"
"Toyota","ETIOS","2019","Gasoline",53927,1.5,"Aut"
"Toyota","ETIOS","2018","Gasoline",51539,1.5,"Aut"
"Toyota","ETIOS","2017","Gasoline",49845,1.5,"Aut"
"Toyota","ETIOS","Zero KM","Gasoline",52555,1.5,"Med"
"Toyota","ETIOS","2019","Gasoline",49458,1.5,"Med"
"Toyota","ETIOS","2018","Gasoline",47466,1.5,"Med"
"Toyota","ETIOS","2017","Gasoline",45578,1.5,"Med"
"Toyota","ETIOS","2016","Gasoline",41337,1.5,"Med"
"Toyota","ETIOS","2015","Gasoline",38240,1.5,"Med"
"Toyota","ETIOS","2014","Gasoline",33607,1.5,"Med"
"Toyota","ETIOS","2013","Gasoline",30784,1.5,"Med"
"Toyota","ETIOS","2017","Gasoline",49969,1.5,"Med"
"Toyota","ETIOS","2016","Gasoline",45642,1.5,"Med"
"Toyota","ETIOS","2015","Gasoline",39660,1.5,"Med"
"Toyota","ETIOS","2014","Gasoline",36162,1.5,"Med"
"Toyota","ETIOS","2013","Gasoline",32837,1.5,"Med"
"Toyota","ETIOS","Zero KM","Gasoline",63311,1.5,"Aut"
"Toyota","ETIOS","2019","Gasoline",58810,1.5,"Aut"
"Toyota","ETIOS","2018","Gasoline",56966,1.5,"Aut"
"Toyota","ETIOS","2017","Gasoline",54653,1.5,"Aut"
"Toyota","ETIOS","Zero KM","Gasoline",65862,1.5,"Aut"
"Toyota","ETIOS","2019","Gasoline",60113,1.5,"Aut"
"Toyota","ETIOS","2018","Gasoline",58054,1.5,"Aut"
"Toyota","ETIOS","2017","Gasoline",56173,1.5,"Aut"
"Toyota","ETIOS","2017","Gasoline",51592,1.5,"Med"
"Toyota","ETIOS","2016","Gasoline",45713,1.5,"Med"
"Toyota","ETIOS","2015","Gasoline",41596,1.5,"Med"
"Toyota","ETIOS","2014","Gasoline",36237,1.5,"Med"
"Toyota","ETIOS","2013","Gasoline",33364,1.5,"Med"
"Toyota","ETIOS","2014","Gasoline",32000,1.3,"Med"
"Toyota","ETIOS","2013","Gasoline",30357,1.3,"Med"
"Toyota","ETIOS","Zero KM","Gasoline",56161,1.5,"Aut"
"Toyota","ETIOS","2018","Gasoline",53022,1.5,"Aut"
"Toyota","ETIOS","2017","Gasoline",50958,1.5,"Aut"
"Toyota","ETIOS","Zero KM","Gasoline",52422,1.5,"Med"
"Toyota","ETIOS","2018","Gasoline",47749,1.5,"Med"
"Toyota","ETIOS","2017","Gasoline",46000,1.5,"Med"
"Toyota","ETIOS","2016","Gasoline",42378,1.5,"Med"
"Toyota","ETIOS","2015","Gasoline",37285,1.5,"Med"
"Toyota","ETIOS","2014","Gasoline",34222,1.5,"Med"
"Toyota","ETIOS","Zero KM","Gasoline",59634,1.5,"Aut"
"Toyota","ETIOS","2018","Gasoline",54204,1.5,"Aut"
"Toyota","ETIOS","2017","Gasoline",51433,1.5,"Aut"
"Toyota","ETIOS","Zero KM","Gasoline",54259,1.5,"Med"
"Toyota","ETIOS","2018","Gasoline",48185,1.5,"Med"
"Toyota","ETIOS","2017","Gasoline",46645,1.5,"Med"
"Toyota","ETIOS","2016","Gasoline",41831,1.5,"Med"
"Toyota","ETIOS","2015","Gasoline",37066,1.5,"Med"
"Toyota","ETIOS","2014","Gasoline",33985,1.5,"Med"
"Toyota","ETIOS","2013","Gasoline",31555,1.5,"Med"
"Toyota","Hilux","1996","Diesel",18799,2.4,"Med"
"Toyota","Hilux","1995","Diesel",16070,2.4,"Med"
"Toyota","Hilux","1994","Diesel",15529,2.4,"Med"
"Toyota","Hilux","1993","Diesel",14366,2.4,"Med"
"Toyota","Hilux","1992","Diesel",12223,2.4,"Med"
"Toyota","Hilux","1999","Diesel",27230,2.8,"Med"
"Toyota","Hilux","1998","Diesel",22501,2.8,"Med"
"Toyota","Hilux","1997","Diesel",20408,2.8,"Med"
"Toyota","Hilux","1998","Diesel",26299,2.4,"Med"
"Toyota","Hilux","1997","Diesel",24094,2.4,"Med"
"Toyota","Hilux","1996","Diesel",21718,2.4,"Med"
"Toyota","Hilux","1995","Diesel",18647,2.4,"Med"
"Toyota","Hilux","1994","Diesel",18051,2.4,"Med"
"Toyota","Hilux","1993","Diesel",17268,2.4,"Med"
"Toyota","Hilux","1992","Diesel",15283,2.4,"Med"
"Toyota","Hilux","2015","Gasoline",84489,2.7,"Med"
"Toyota","Hilux","2014","Gasoline",74931,2.7,"Med"
"Toyota","Hilux","2013","Gasoline",71340,2.7,"Med"
"Toyota","Hilux","Zero KM","Diesel",130946,2.8,"Med"
"Toyota","Hilux","2018","Diesel",123928,2.8,"Med"
"Toyota","Hilux","2017","Diesel",119908,2.8,"Med"
"Toyota","Hilux","2016","Diesel",115210,2.8,"Med"
"Toyota","Hilux","1998","Diesel",28955,2.8,"Med"
"Toyota","Hilux","1997","Diesel",27788,2.8,"Med"
"Toyota","Hilux","1996","Diesel",25477,2.8,"Med"
"Toyota","Hilux","1995","Diesel",23916,2.8,"Med"
"Toyota","Hilux","1994","Diesel",22886,2.8,"Med"
"Toyota","Hilux","1993","Diesel",20698,2.8,"Med"
"Toyota","Hilux","1992","Diesel",16079,2.8,"Med"
"Toyota","Hilux","2011","Diesel",68515,2.5,"Med"
"Toyota","Hilux","2010","Diesel",65021,2.5,"Med"
"Toyota","Hilux","2009","Diesel",63021,2.5,"Med"
"Toyota","Hilux","2008","Diesel",58559,2.5,"Med"
"Toyota","Hilux","2007","Diesel",56685,2.5,"Med"
"Toyota","Hilux","2006","Diesel",54524,2.5,"Med"
"Toyota","Hilux","2012","Diesel",78654,2.5,"Med"
"Toyota","Hilux","2011","Diesel",72861,2.5,"Med"
"Toyota","Hilux","2010","Diesel",69888,2.5,"Med"
"Toyota","Hilux","2009","Diesel",67451,2.5,"Med"
"Toyota","Hilux","2008","Diesel",61463,2.5,"Med"
"Toyota","Hilux","2007","Diesel",58401,2.5,"Med"
"Toyota","Hilux","2006","Diesel",56320,2.5,"Med"
"Toyota","Hilux","2015","Diesel",96542,3,"Med"
"Toyota","Hilux","2014","Diesel",90894,3,"Med"
"Toyota","Hilux","2013","Diesel",84920,3,"Med"
"Toyota","Hilux","2012","Diesel",82036,3,"Med"
"Toyota","Hilux","1999","Diesel",27314,2.8,"Med"
"Toyota","Hilux","1998","Diesel",26456,2.8,"Med"
"Toyota","Hilux","1997","Diesel",24920,2.8,"Med"
"Toyota","Hilux","2001","Diesel",37339,2.8,"Med"
"Toyota","Hilux","2000","Diesel",34504,2.8,"Med"
"Toyota","Hilux","1999","Diesel",33102,2.8,"Med"
"Toyota","Hilux","1998","Diesel",32063,2.8,"Med"
"Toyota","Hilux","1997","Diesel",28000,2.8,"Med"
"Toyota","Hilux","2003","Gasoline",28556,2.7,"Med"
"Toyota","Hilux","2002","Gasoline",25836,2.7,"Med"
"Toyota","Hilux","2005","Diesel",37024,3,"Med"
"Toyota","Hilux","2004","Diesel",34204,3,"Med"
"Toyota","Hilux","2003","Diesel",33105,3,"Med"
"Toyota","Hilux","2002","Diesel",29973,3,"Med"
"Toyota","Hilux","2005","Diesel",45323,3,"Med"
"Toyota","Hilux","2004","Diesel",41450,3,"Med"
"Toyota","Hilux","2003","Diesel",38332,3,"Med"
"Toyota","Hilux","2002","Diesel",37032,3,"Med"
"Toyota","Hilux","2015","Diesel",132921,3,"Aut"
"Toyota","Hilux","Zero KM","Gasoline",112987,2.7,"Aut"
"Toyota","Hilux","2018","Gasoline",104491,2.7,"Aut"
"Toyota","Hilux","2017","Gasoline",101055,2.7,"Aut"
"Toyota","Hilux","2015","Gasoline",85034,2.7,"Aut"
"Toyota","Hilux","2014","Gasoline",79885,2.7,"Aut"
"Toyota","Hilux","2013","Gasoline",74668,2.7,"Aut"
"Toyota","Hilux","2012","Gasoline",71550,2.7,"Aut"
"Toyota","Hilux","2010","Gasoline",59887,2.7,"Aut"
"Toyota","Hilux","Zero KM","Gasoline",105511,2.7,"Med"
"Toyota","Hilux","2018","Gasoline",97801,2.7,"Med"
"Toyota","Hilux","2010","Gasoline",55891,2.7,"Med"
"Toyota","Hilux","2009","Gasoline",53854,2.7,"Med"
"Toyota","Hilux","Zero KM","Diesel",155366,2.8,"Aut"
"Toyota","Hilux","2018","Diesel",141934,2.8,"Aut"
"Toyota","Hilux","2017","Diesel",137554,2.8,"Aut"
"Toyota","Hilux","2016","Diesel",133215,2.8,"Aut"
"Toyota","Hilux","2004","Diesel",43352,3,"Med"
"Toyota","Hilux","2003","Diesel",42021,3,"Med"
"Toyota","Hilux","2002","Diesel",40521,3,"Med"
"Toyota","Hilux","2005","Diesel",47409,3,"Med"
"Toyota","Hilux","2004","Diesel",42353,3,"Med"
"Toyota","Hilux","2003","Diesel",40323,3,"Med"
"Toyota","Hilux","2002","Diesel",38152,3,"Med"
"Toyota","Hilux","Zero KM","Diesel",157651,2.8,"Aut"
"Toyota","Hilux","2018","Diesel",142213,2.8,"Aut"
"Toyota","Hilux","2010","Diesel",73736,3,"Med"
"Toyota","Hilux","2009","Diesel",67735,3,"Med"
"Toyota","Hilux","2008","Diesel",65065,3,"Med"
"Toyota","Hilux","2007","Diesel",60736,3,"Med"
"Toyota","Hilux","2006","Diesel",58896,3,"Med"
"Toyota","Hilux","2015","Diesel",103924,3,"Med"
"Toyota","Hilux","2014","Diesel",95918,3,"Med"
"Toyota","Hilux","2013","Diesel",90701,3,"Med"
"Toyota","Hilux","2012","Diesel",83479,3,"Med"
"Toyota","Hilux","2011","Diesel",77949,3,"Med"
"Toyota","Hilux","2010","Diesel",74253,3,"Med"
"Toyota","Hilux","2009","Diesel",71361,3,"Med"
"Toyota","Hilux","2008","Diesel",68188,3,"Med"
"Toyota","Hilux","2007","Diesel",64495,3,"Med"
"Toyota","Hilux","2006","Diesel",62243,3,"Med"
"Toyota","Hilux","2015","Diesel",112499,3,"Aut"
"Toyota","Hilux","2014","Diesel",107451,3,"Aut"
"Toyota","Hilux","2013","Diesel",100538,3,"Aut"
"Toyota","Hilux","2012","Diesel",96571,3,"Aut"
"Toyota","Hilux","2001","Diesel",39543,2.8,"Med"
"Toyota","Hilux","2000","Diesel",36901,2.8,"Med"
"Toyota","Hilux","1999","Diesel",35447,2.8,"Med"
"Toyota","Hilux","1998","Diesel",33730,2.8,"Med"
"Toyota","Hilux","1997","Diesel",32554,2.8,"Med"
"Toyota","Hilux","2003","Gasoline",30749,2.7,"Med"
"Toyota","Hilux","2002","Gasoline",29112,2.7,"Med"
"Toyota","Hilux","Zero KM","Gasoline",122377,2.7,"Aut"
"Toyota","Hilux","2018","Gasoline",113542,2.7,"Aut"
"Toyota","Hilux","2017","Gasoline",109391,2.7,"Aut"
"Toyota","Hilux","2015","Gasoline",87582,2.7,"Aut"
"Toyota","Hilux","2005","Diesel",47649,3,"Med"
"Toyota","Hilux","2004","Diesel",44098,3,"Med"
"Toyota","Hilux","2003","Diesel",41872,3,"Med"
"Toyota","Hilux","2002","Diesel",38309,3,"Med"
"Toyota","Hilux","Zero KM","Gasoline",134821,2.7,"Aut"
"Toyota","Hilux","2018","Gasoline",124712,2.7,"Aut"
"Toyota","Hilux","2017","Gasoline",119846,2.7,"Aut"
"Toyota","Hilux","2015","Gasoline",92495,2.7,"Aut"
"Toyota","Hilux","2014","Gasoline",89323,2.7,"Aut"
"Toyota","Hilux","2013","Gasoline",82525,2.7,"Aut"
"Toyota","Hilux","2012","Gasoline",78011,2.7,"Aut"
"Toyota","Hilux","Zero KM","Diesel",165801,2.8,"Aut"
"Toyota","Hilux","2018","Diesel",154430,2.8,"Aut"
"Toyota","Hilux","2017","Diesel",149603,2.8,"Aut"
"Toyota","Hilux","2016","Diesel",144505,2.8,"Aut"
"Toyota","Hilux","2005","Diesel",57840,3,"Med"
"Toyota","Hilux","2004","Diesel",49190,3,"Med"
"Toyota","Hilux","2003","Diesel",47342,3,"Med"
"Toyota","Hilux","2002","Diesel",44349,3,"Med"
"Toyota","Hilux","2011","Diesel",78325,3,"Med"
"Toyota","Hilux","2010","Diesel",74963,3,"Med"
"Toyota","Hilux","2009","Diesel",72203,3,"Med"
"Toyota","Hilux","2008","Diesel",68842,3,"Med"
"Toyota","Hilux","2007","Diesel",62842,3,"Med"
"Toyota","Hilux","2006","Diesel",60016,3,"Med"
"Toyota","Hilux","2015","Diesel",123477,3,"Med"
"Toyota","Hilux","2014","Diesel",115387,3,"Med"
"Toyota","Hilux","2013","Diesel",104650,3,"Med"
"Toyota","Hilux","2012","Diesel",100446,3,"Med"
"Toyota","Hilux","2011","Diesel",86438,3,"Med"
"Toyota","Hilux","2010","Diesel",82152,3,"Med"
"Toyota","Hilux","2009","Diesel",77840,3,"Med"
"Toyota","Hilux","2008","Diesel",71363,3,"Med"
"Toyota","Hilux","2007","Diesel",67848,3,"Med"
"Toyota","Hilux","2006","Diesel",63349,3,"Med"
"Toyota","Hilux","2015","Diesel",130006,3,"Med"
"Toyota","Hilux","2014","Diesel",123291,3,"Med"
"Toyota","Hilux","2013","Diesel",111777,3,"Med"
"Toyota","Hilux","2012","Diesel",106518,3,"Med"
"Toyota","Hilux","2011","Diesel",95065,3,"Med"
"Toyota","Hilux","2010","Diesel",86646,3,"Med"
"Toyota","Hilux","2009","Diesel",81968,3,"Med"
"Toyota","Hilux","2008","Diesel",77750,3,"Med"
"Toyota","Hilux","2007","Diesel",73989,3,"Med"
"Toyota","Hilux","2006","Diesel",69711,3,"Med"
"Toyota","Hilux","Zero KM","Diesel",189082,2.8,"Aut"
"Toyota","Hilux","2018","Diesel",174998,2.8,"Aut"
"Toyota","Hilux","2017","Diesel",168458,2.8,"Aut"
"Toyota","Hilux","2016","Diesel",163320,2.8,"Aut"
"Toyota","Hilux","Zero KM","Diesel",115965,2.8,"Med"
"Toyota","Hilux","2018","Diesel",108180,2.8,"Med"
"Toyota","Hilux","2017","Diesel",104642,2.8,"Med"
"Toyota","Hilux","2016","Diesel",99848,2.8,"Med"
"Toyota","Hilux","2012","Diesel",59063,2.5,"Med"
"Toyota","Hilux","2011","Diesel",49635,2.5,"Med"
"Toyota","Hilux","2010","Diesel",46749,2.5,"Med"
"Toyota","Hilux","2009","Diesel",43106,2.5,"Med"
"Toyota","Hilux","2008","Diesel",41153,2.5,"Med"
"Toyota","Hilux","2007","Diesel",38191,2.5,"Med"
"Toyota","Hilux","2006","Diesel",33036,2.5,"Med"
"Toyota","Hilux","2015","Diesel",75346,3,"Med"
"Toyota","Hilux","2014","Diesel",73032,3,"Med"
"Toyota","Hilux","2013","Diesel",69677,3,"Med"
"Toyota","Hilux","2012","Diesel",64169,3,"Med"
"Toyota","Hilux","1995","Diesel",17944,2.4,"Med"
"Toyota","Hilux","1994","Diesel",17218,2.4,"Med"
"Toyota","Hilux","1993","Diesel",13813,2.4,"Med"
"Toyota","Hilux","1992","Diesel",12579,2.4,"Med"
"Toyota","Hilux","Zero KM","Diesel",118851,2.8,"Med"
"Toyota","Hilux","2018","Diesel",111553,2.8,"Med"
"Toyota","Hilux","2017","Diesel",107988,2.8,"Med"
"Toyota","Hilux","2016","Diesel",104450,2.8,"Med"
"Toyota","Hilux","2011","Diesel",61966,2.5,"Med"
"Toyota","Hilux","2010","Diesel",58476,2.5,"Med"
"Toyota","Hilux","2009","Diesel",54016,2.5,"Med"
"Toyota","Hilux","2008","Diesel",50622,2.5,"Med"
"Toyota","Hilux","2007","Diesel",44389,2.5,"Med"
"Toyota","Hilux","2006","Diesel",41400,2.5,"Med"
"Toyota","Hilux","2012","Diesel",70720,2.5,"Med"
"Toyota","Hilux","2011","Diesel",64195,2.5,"Med"
"Toyota","Hilux","2010","Diesel",58769,2.5,"Med"
"Toyota","Hilux","2009","Diesel",56897,2.5,"Med"
"Toyota","Hilux","2008","Diesel",54401,2.5,"Med"
"Toyota","Hilux","2007","Diesel",52298,2.5,"Med"
"Toyota","Hilux","2006","Diesel",50632,2.5,"Med"
"Toyota","Hilux","2015","Diesel",89750,3,"Med"
"Toyota","Hilux","2014","Diesel",86363,3,"Med"
"Toyota","Hilux","2013","Diesel",79909,3,"Med"
"Toyota","Hilux","2012","Diesel",73428,3,"Med"
"Toyota","Hilux","1999","Diesel",24292,2.8,"Med"
"Toyota","Hilux","1998","Diesel",23325,2.8,"Med"
"Toyota","Hilux","1997","Diesel",21363,2.8,"Med"
"Toyota","Hilux","1999","Diesel",25428,2.8,"Med"
"Toyota","Hilux","1998","Diesel",23591,2.8,"Med"
"Toyota","Hilux","1997","Diesel",21492,2.8,"Med"
"Toyota","Hilux","2003","Gasoline",23768,2.7,"Med"
"Toyota","Hilux","2002","Gasoline",22052,2.7,"Med"
"Toyota","Hilux","2005","Diesel",30696,3,"Med"
"Toyota","Hilux","2004","Diesel",27375,3,"Med"
"Toyota","Hilux","2003","Diesel",24040,3,"Med"
"Toyota","Hilux","2002","Diesel",22730,3,"Med"
"Toyota","Hilux","2005","Diesel",36123,3,"Med"
"Toyota","Hilux","2004","Diesel",34780,3,"Med"
"Toyota","Hilux","2003","Diesel",33565,3,"Med"
"Toyota","Hilux","2002","Diesel",29236,3,"Med"
"Toyota","Hilux","2001","Diesel",31671,2.8,"Med"
"Toyota","Hilux","2000","Diesel",27924,2.8,"Med"
"Toyota","Hilux","1999","Diesel",26047,2.8,"Med"
"Toyota","Hilux","1998","Diesel",23607,2.8,"Med"
"Toyota","Hilux","1997","Diesel",21535,2.8,"Med"
"Toyota","Hilux","2002","Gasoline",19325,2.7,"Med"
"Toyota","Hilux","2000","Gasoline",28897,2.7,"Med"
"Toyota","Hilux","1999","Gasoline",26858,2.7,"Med"
"Toyota","Hilux","1998","Gasoline",25593,2.7,"Med"
"Toyota","Hilux","1997","Gasoline",24602,2.7,"Med"
"Toyota","Hilux","1996","Gasoline",17391,2.7,"Med"
"Toyota","Hilux","2001","Gasoline",35900,3.4,"Med"
"Toyota","Hilux","2000","Gasoline",32613,3.4,"Med"
"Toyota","Hilux","1999","Gasoline",30521,3.4,"Med"
"Toyota","Hilux","1998","Gasoline",29233,3.4,"Med"
"Toyota","Hilux","1997","Gasoline",25928,3.4,"Med"
"Toyota","Hilux","1996","Gasoline",17859,2.4,"Med"
"Toyota","Hilux","1995","Gasoline",17084,2.4,"Med"
"Toyota","Hilux","1994","Gasoline",16397,2.4,"Med"
"Toyota","Hilux","1993","Gasoline",13131,2.4,"Med"
"Toyota","Hilux","1996","Diesel",31516,2.8,"Med"
"Toyota","Hilux","1995","Diesel",29043,2.8,"Med"
"Toyota","Hilux","1994","Diesel",27995,2.8,"Med"
"Toyota","Hilux","1993","Diesel",25970,2.8,"Med"
"Toyota","Hilux","1992","Diesel",18737,2.8,"Med"
"Toyota","Hilux","1996","Gasoline",18703,3,"Med"
"Toyota","Hilux","1995","Gasoline",17253,3,"Med"
"Toyota","Hilux","1994","Gasoline",16488,3,"Med"
"Toyota","Hilux","1993","Gasoline",14329,3,"Med"
"Toyota","Hilux","2001","Gasoline",35451,3,"Med"
"Toyota","Hilux","1999","Gasoline",28503,3,"Med"
"Toyota","Hilux","1998","Gasoline",26656,3,"Med"
"Toyota","Hilux","1997","Gasoline",25481,3,"Med"
"Toyota","Hilux","1996","Gasoline",23002,3,"Med"
"Toyota","Hilux","1995","Gasoline",18662,3,"Med"
"Toyota","Hilux","1994","Gasoline",17204,3,"Med"
"Toyota","Hilux","2002","Diesel",47446,3,"Med"
"Toyota","Hilux","2001","Diesel",43920,3,"Med"
"Toyota","Hilux","2000","Diesel",41661,3,"Med"
"Toyota","Hilux","1999","Diesel",37641,3,"Med"
"Toyota","Hilux","1998","Diesel",36051,3,"Med"
"Toyota","Hilux","1997","Diesel",32664,3,"Med"
"Toyota","Hilux","Zero KM","Gasoline",165713,2.7,"Aut"
"Toyota","Hilux","2019","Gasoline",155292,2.7,"Aut"
"Toyota","Hilux","2018","Gasoline",150453,2.7,"Aut"
"Toyota","Hilux","2017","Gasoline",146001,2.7,"Aut"
"Toyota","Hilux","2015","Gasoline",102928,2.7,"Aut"
"Toyota","Hilux","2014","Gasoline",97639,2.7,"Aut"
"Toyota","Hilux","2013","Gasoline",88258,2.7,"Aut"
"Toyota","Hilux","2012","Gasoline",81060,2.7,"Aut"
"Toyota","Hilux","2010","Gasoline",71211,2.7,"Aut"
"Toyota","Hilux","2009","Gasoline",67464,2.7,"Aut"
"Toyota","Hilux","Zero KM","Gasoline",152549,2.7,"Med"
"Toyota","Hilux","2018","Gasoline",140414,2.7,"Med"
"Toyota","Hilux","2017","Gasoline",132000,2.7,"Med"
"Toyota","Hilux","2015","Gasoline",96170,2.7,"Med"
"Toyota","Hilux","2014","Gasoline",89186,2.7,"Med"
"Toyota","Hilux","2013","Gasoline",83149,2.7,"Med"
"Toyota","Hilux","2012","Gasoline",76697,2.7,"Med"
"Toyota","Hilux","2010","Gasoline",64067,2.7,"Med"
"Toyota","Hilux","2009","Gasoline",62170,2.7,"Med"
"Toyota","Hilux","2014","Diesel",145282,3,"Med"
"Toyota","Hilux","2013","Diesel",132966,3,"Med"
"Toyota","Hilux","2012","Diesel",127161,3,"Med"
"Toyota","Hilux","Zero KM","Gasoline",178238,2.7,"Aut"
"Toyota","Hilux","2019","Gasoline",161503,2.7,"Aut"
"Toyota","Hilux","2018","Gasoline",156020,2.7,"Aut"
"Toyota","Hilux","2013","Gasoline",133845,4,"Aut"
"Toyota","Hilux","2012","Gasoline",125846,4,"Aut"
"Toyota","Hilux","2011","Gasoline",91994,4,"Aut"
"Toyota","Hilux","2010","Gasoline",72585,4,"Aut"
"Toyota","Hilux","2009","Gasoline",70201,4,"Aut"
"Toyota","Hilux","2015","Diesel",154765,3,"Med"
"Toyota","Hilux","2014","Diesel",149253,3,"Med"
"Toyota","Hilux","2013","Diesel",135767,3,"Med"
"Toyota","Hilux","2012","Diesel",126224,3,"Med"
"Toyota","Hilux","2011","Diesel",108341,3,"Med"
"Toyota","Hilux","2010","Diesel",99385,3,"Med"
"Toyota","Hilux","2009","Diesel",93439,3,"Med"
"Toyota","Hilux","2008","Diesel",86424,3,"Med"
"Toyota","Hilux","2007","Diesel",72128,3,"Med"
"Toyota","Hilux","2006","Diesel",69306,3,"Med"
"Toyota","Hilux","2010","Diesel",92448,3,"Med"
"Toyota","Hilux","2009","Diesel",83303,3,"Med"
"Toyota","Hilux","2008","Diesel",79479,3,"Med"
"Toyota","Hilux","2007","Diesel",74048,3,"Med"
"Toyota","Hilux","2006","Diesel",69766,3,"Med"
"Toyota","Hilux","Zero KM","Diesel",252533,2.8,"Aut"
"Toyota","Hilux","2019","Diesel",236290,2.8,"Aut"
"Toyota","Hilux","2018","Diesel",228668,2.8,"Aut"
"Toyota","Hilux","2017","Diesel",221753,2.8,"Aut"
"Toyota","Hilux","2016","Diesel",215105,2.8,"Aut"
"Toyota","Hilux","2017","Gasoline",204215,4,"Aut"
"Toyota","Hilux","2016","Gasoline",180055,4,"Aut"
"Toyota","Hilux","Zero KM","Diesel",262767,2.8,"Aut"
"Toyota","Hilux","2019","Diesel",239211,2.8,"Aut"
"Toyota","Land","1995","Gasoline",24623,4.5,"Med"
"Toyota","Land","1994","Gasoline",18892,4.5,"Med"
"Toyota","Land","1993","Gasoline",15815,4.5,"Med"
"Toyota","Land","2009","Diesel",90539,3,"Med"
"Toyota","Land","2008","Diesel",82362,3,"Med"
"Toyota","Land","2007","Diesel",78052,3,"Med"
"Toyota","Land","2006","Diesel",68560,3,"Med"
"Toyota","Land","2005","Diesel",65612,3,"Med"
"Toyota","Land","2004","Diesel",59874,3,"Med"
"Toyota","Land","2003","Diesel",54454,3,"Med"
"Toyota","Land","2007","Diesel",74495,3,"Med"
"Toyota","Land","2006","Diesel",67100,3,"Med"
"Toyota","Land","2005","Diesel",61944,3,"Med"
"Toyota","Land","2004","Diesel",59787,3,"Med"
"Toyota","Land","2003","Diesel",49252,3,"Med"
"Toyota","MR-2","1994","Gasoline",38429,2,"Med"
"Toyota","MR-2","1993","Gasoline",33236,2,"Med"
"Toyota","MR-2","1992","Gasoline",32012,2,"Med"
"Toyota","MR-2","1991","Gasoline",30451,2,"Med"
"Toyota","Previa","1995","Gasoline",15996,2.4,"Med"
"Toyota","Previa","1994","Gasoline",15348,2.4,"Med"
"Toyota","Previa","1993","Gasoline",14785,2.4,"Med"
"Toyota","Previa","1992","Gasoline",14323,2.4,"Med"
"Toyota","Previa","1991","Gasoline",13889,2.4,"Med"
"Toyota","Previa","1992","Gasoline",14985,2.5,"Med"
"Toyota","PRIUS","Zero KM","Gasoline",123686,1.8,"Aut"
"Toyota","PRIUS","2018","Gasoline",117156,1.8,"Aut"
"Toyota","PRIUS","2017","Gasoline",113485,1.8,"Aut"
"Toyota","PRIUS","2016","Gasoline",107234,1.8,"Aut"
"Toyota","PRIUS","2015","Gasoline",85840,1.8,"Aut"
"Toyota","PRIUS","2013","Gasoline",67100,1.8,"Aut"
"Toyota","RAV4","Zero KM","Gasoline",130030,2,"Aut"
"Toyota","RAV4","2018","Gasoline",120450,2,"Aut"
"Toyota","RAV4","2015","Gasoline",102059,2,"Aut"
"Toyota","RAV4","2014","Gasoline",88142,2,"Aut"
"Toyota","RAV4","2013","Gasoline",76634,2,"Aut"
"Toyota","RAV4","2015","Gasoline",111358,2,"Aut"
"Toyota","RAV4","2014","Gasoline",93022,2,"Aut"
"Toyota","RAV4","2013","Gasoline",83267,2,"Aut"
"Toyota","RAV4","2005","Gasoline",32652,2,"Aut"
"Toyota","RAV4","2004","Gasoline",29565,2,"Aut"
"Toyota","RAV4","2003","Gasoline",27291,2,"Aut"
"Toyota","RAV4","2002","Gasoline",26320,2,"Aut"
"Toyota","RAV4","2001","Gasoline",24868,2,"Aut"
"Toyota","RAV4","2000","Gasoline",22535,2,"Aut"
"Toyota","RAV4","1999","Gasoline",20028,2,"Aut"
"Toyota","RAV4","2002","Gasoline",25444,2,"Med"
"Toyota","RAV4","2001","Gasoline",23166,2,"Med"
"Toyota","RAV4","2000","Gasoline",21136,2,"Med"
"Toyota","RAV4","1999","Gasoline",18689,2,"Med"
"Toyota","RAV4","2015","Gasoline",95049,2,"Aut"
"Toyota","RAV4","Zero KM","Gasoline",142691,2,"Aut"
"Toyota","RAV4","2018","Gasoline",132472,2,"Aut"
"Toyota","RAV4","2017","Gasoline",127723,2,"Aut"
"Toyota","RAV4","2015","Gasoline",107364,2,"Aut"
"Toyota","RAV4","2012","Gasoline",58026,2.4,"Aut"
"Toyota","RAV4","2011","Gasoline",51145,2.4,"Aut"
"Toyota","RAV4","2012","Gasoline",56021,2.4,"Aut"
"Toyota","RAV4","2011","Gasoline",54252,2.4,"Aut"
"Toyota","RAV4","2010","Gasoline",51010,2.4,"Aut"
"Toyota","RAV4","2009","Gasoline",46304,2.4,"Aut"
"Toyota","RAV4","2008","Gasoline",43149,2.4,"Aut"
"Toyota","RAV4","2007","Gasoline",37953,2.4,"Aut"
"Toyota","RAV4","2006","Gasoline",36402,2.4,"Aut"
"Toyota","RAV4","2015","Gasoline",112397,2.5,"Aut"
"Toyota","RAV4","2014","Gasoline",101004,2.5,"Aut"
"Toyota","RAV4","2013","Gasoline",85359,2.5,"Aut"
"Toyota","T-100","1995","Gasoline",15259,3.4,"Med"
"Toyota","T-100","1994","Gasoline",14069,3.4,"Med"
"VW - VolksWagen","AMAROK","2013","Diesel",72061,2,"Med"
"VW - VolksWagen","AMAROK","2012","Diesel",67995,2,"Med"
"VW - VolksWagen","AMAROK","2011","Diesel",64634,2,"Med"
"VW - VolksWagen","AMAROK","Zero KM","Diesel",127903,2,"Med"
"VW - VolksWagen","AMAROK","2018","Diesel",112695,2,"Med"
"VW - VolksWagen","AMAROK","2017","Diesel",102432,2,"Med"
"VW - VolksWagen","AMAROK","2016","Diesel",95428,2,"Med"
"VW - VolksWagen","AMAROK","2015","Diesel",86210,2,"Med"
"VW - VolksWagen","AMAROK","2014","Diesel",76995,2,"Med"
"VW - VolksWagen","AMAROK","2013","Diesel",72189,2,"Med"
"VW - VolksWagen","AMAROK","2012","Diesel",68195,2,"Med"
"VW - VolksWagen","AMAROK","2011","Diesel",65206,2,"Med"
"VW - VolksWagen","AMAROK","2014","Diesel",64392,2,"Med"
"VW - VolksWagen","AMAROK","2013","Diesel",62305,2,"Med"
"VW - VolksWagen","AMAROK","2012","Diesel",60000,2,"Med"
"VW - VolksWagen","AMAROK","Zero KM","Diesel",112895,2,"Med"
"VW - VolksWagen","AMAROK","2018","Diesel",104244,2,"Med"
"VW - VolksWagen","AMAROK","2017","Diesel",99994,2,"Med"
"VW - VolksWagen","AMAROK","2016","Diesel",89769,2,"Med"
"VW - VolksWagen","AMAROK","2015","Diesel",80215,2,"Med"
"VW - VolksWagen","AMAROK","2014","Diesel",70266,2,"Med"
"VW - VolksWagen","AMAROK","2013","Diesel",66657,2,"Med"
"VW - VolksWagen","AMAROK","2012","Diesel",60518,2,"Med"
"VW - VolksWagen","AMAROK","Zero KM","Diesel",176365,2,"Med"
"VW - VolksWagen","AMAROK","2018","Diesel",162940,2,"Med"
"VW - VolksWagen","AMAROK","2017","Diesel",157552,2,"Med"
"VW - VolksWagen","AMAROK","2016","Diesel",137643,2,"Med"
"VW - VolksWagen","AMAROK","Zero KM","Diesel",167364,2,"Med"
"VW - VolksWagen","AMAROK","2018","Diesel",154522,2,"Med"
"VW - VolksWagen","AMAROK","2017","Diesel",148702,2,"Med"
"VW - VolksWagen","AMAROK","2016","Diesel",139740,2,"Med"
"VW - VolksWagen","AMAROK","2015","Diesel",123108,2,"Med"
"VW - VolksWagen","AMAROK","2014","Diesel",103600,2,"Med"
"VW - VolksWagen","AMAROK","2013","Diesel",93624,2,"Med"
"VW - VolksWagen","AMAROK","2012","Diesel",83857,2,"Med"
"VW - VolksWagen","AMAROK","2014","Diesel",96975,2,"Med"
"VW - VolksWagen","AMAROK","2013","Diesel",89337,2,"Med"
"VW - VolksWagen","AMAROK","2012","Diesel",82180,2,"Med"
"VW - VolksWagen","AMAROK","2011","Diesel",71272,2,"Med"
"VW - VolksWagen","AMAROK","Zero KM","Diesel",184563,3,"Aut"
"VW - VolksWagen","AMAROK","2018","Diesel",169016,3,"Aut"
"VW - VolksWagen","AMAROK","Zero KM","Diesel",134890,2,"Med"
"VW - VolksWagen","AMAROK","2018","Diesel",118620,2,"Med"
"VW - VolksWagen","AMAROK","2017","Diesel",110446,2,"Med"
"VW - VolksWagen","AMAROK","2016","Diesel",97479,2,"Med"
"VW - VolksWagen","AMAROK","2015","Diesel",89515,2,"Med"
"VW - VolksWagen","AMAROK","2014","Diesel",77060,2,"Med"
"VW - VolksWagen","AMAROK","2013","Diesel",73531,2,"Med"
"VW - VolksWagen","AMAROK","2012","Diesel",70108,2,"Med"
"VW - VolksWagen","AMAROK","2011","Diesel",66422,2,"Med"
"VW - VolksWagen","AMAROK","2016","Diesel",123799,2,"Med"
"VW - VolksWagen","AMAROK","2015","Diesel",114367,2,"Med"
"VW - VolksWagen","AMAROK","2017","Diesel",122920,2,"Med"
"VW - VolksWagen","AMAROK","2016","Diesel",102641,2,"Med"
"VW - VolksWagen","AMAROK","2015","Diesel",88892,2,"Med"
"VW - VolksWagen","AMAROK","2014","Diesel",82032,2,"Med"
"VW - VolksWagen","AMAROK","2013","Diesel",78723,2,"Med"
"VW - VolksWagen","AMAROK","2012","Diesel",71642,2,"Med"
"VW - VolksWagen","AMAROK","2011","Diesel",68349,2,"Med"
"VW - VolksWagen","AMAROK","Zero KM","Diesel",142067,2,"Med"
"VW - VolksWagen","AMAROK","2018","Diesel",134505,2,"Med"
"VW - VolksWagen","AMAROK","2017","Diesel",129896,2,"Med"
"VW - VolksWagen","AMAROK","2016","Diesel",120952,2,"Med"
"VW - VolksWagen","AMAROK","2015","Diesel",106648,2,"Med"
"VW - VolksWagen","AMAROK","2014","Diesel",92596,2,"Med"
"VW - VolksWagen","AMAROK","2013","Diesel",86438,2,"Med"
"VW - VolksWagen","Apolo","1992","Gasoline",6351,1.8,"Med"
"VW - VolksWagen","Apolo","1991","Gasoline",5306,1.8,"Med"
"VW - VolksWagen","Apolo","1990","Gasoline",4867,1.8,"Med"
"VW - VolksWagen","Apolo","1992","Gasoline",6408,1.8,"Med"
"VW - VolksWagen","Apolo","1991","Gasoline",5311,1.8,"Med"
"VW - VolksWagen","Apolo","1990","Gasoline",4909,1.8,"Med"
"VW - VolksWagen","Bora","2001","Gasoline",18000,2,"Aut"
"VW - VolksWagen","Bora","2001","Gasoline",17366,2,"Med"
"VW - VolksWagen","Bora","2011","Gasoline",30990,2,"Aut"
"VW - VolksWagen","Bora","2010","Gasoline",29717,2,"Aut"
"VW - VolksWagen","Bora","2009","Gasoline",28271,2,"Aut"
"VW - VolksWagen","Bora","2008","Gasoline",26616,2,"Aut"
"VW - VolksWagen","Bora","2007","Gasoline",23251,2,"Aut"
"VW - VolksWagen","Bora","2006","Gasoline",20834,2,"Aut"
"VW - VolksWagen","Bora","2005","Gasoline",19400,2,"Aut"
"VW - VolksWagen","Bora","2004","Gasoline",18511,2,"Aut"
"VW - VolksWagen","Bora","2003","Gasoline",17817,2,"Aut"
"VW - VolksWagen","Bora","2002","Gasoline",17214,2,"Aut"
"VW - VolksWagen","Bora","2001","Gasoline",16596,2,"Aut"
"VW - VolksWagen","Bora","2000","Gasoline",14070,2,"Aut"
"VW - VolksWagen","Bora","2011","Gasoline",30197,2,"Med"
"VW - VolksWagen","Bora","2010","Gasoline",28896,2,"Med"
"VW - VolksWagen","Bora","2009","Gasoline",27490,2,"Med"
"VW - VolksWagen","Bora","2008","Gasoline",24222,2,"Med"
"VW - VolksWagen","Bora","2007","Gasoline",22553,2,"Med"
"VW - VolksWagen","Bora","2006","Gasoline",20744,2,"Med"
"VW - VolksWagen","Bora","2005","Gasoline",18983,2,"Med"
"VW - VolksWagen","Bora","2004","Gasoline",18132,2,"Med"
"VW - VolksWagen","Bora","2003","Gasoline",16966,2,"Med"
"VW - VolksWagen","Bora","2002","Gasoline",16387,2,"Med"
"VW - VolksWagen","Bora","2001","Gasoline",15798,2,"Med"
"VW - VolksWagen","Bora","2000","Gasoline",13970,2,"Med"
"VW - VolksWagen","Bora","1999","Gasoline",10691,2,"Med"
"VW - VolksWagen","Caravelle","2000","Diesel",28576,2.4,"Med"
"VW - VolksWagen","Caravelle","1999","Diesel",25487,2.4,"Med"
"VW - VolksWagen","Caravelle","1998","Diesel",24512,2.4,"Med"
"VW - VolksWagen","Corrado","1992","Gasoline",21021,2,"Med"
"VW - VolksWagen","Corrado","1991","Gasoline",20303,2,"Med"
"VW - VolksWagen","Corrado","1992","Gasoline",28335,2.8,"Med"
"VW - VolksWagen","Corrado","1991","Gasoline",23933,2.8,"Med"
"VW - VolksWagen","CROSSFOX","Zero KM","Gasoline",66993,1.6,"Med"
"VW - VolksWagen","CROSSFOX","2018","Gasoline",59100,1.6,"Med"
"VW - VolksWagen","CROSSFOX","2017","Gasoline",57254,1.6,"Med"
"VW - VolksWagen","CROSSFOX","2016","Gasoline",54200,1.6,"Med"
"VW - VolksWagen","CROSSFOX","2015","Gasoline",49291,1.6,"Med"
"VW - VolksWagen","CROSSFOX","Zero KM","Gasoline",67885,1.6,"Med"
"VW - VolksWagen","CROSSFOX","2018","Gasoline",60762,1.6,"Med"
"VW - VolksWagen","CROSSFOX","2017","Gasoline",58965,1.6,"Med"
"VW - VolksWagen","CROSSFOX","2016","Gasoline",57019,1.6,"Med"
"VW - VolksWagen","CROSSFOX","2015","Gasoline",52502,1.6,"Med"
"VW - VolksWagen","CROSSFOX","2015","Gasoline",51855,1.6,"Med"
"VW - VolksWagen","CROSSFOX","2014","Gasoline",41552,1.6,"Med"
"VW - VolksWagen","CROSSFOX","2013","Gasoline",37774,1.6,"Med"
"VW - VolksWagen","CROSSFOX","2012","Gasoline",35973,1.6,"Med"
"VW - VolksWagen","CROSSFOX","2011","Gasoline",32893,1.6,"Med"
"VW - VolksWagen","CROSSFOX","2010","Gasoline",30066,1.6,"Med"
"VW - VolksWagen","CROSSFOX","2009","Gasoline",27291,1.6,"Med"
"VW - VolksWagen","CROSSFOX","2008","Gasoline",25812,1.6,"Med"
"VW - VolksWagen","CROSSFOX","2007","Gasoline",24826,1.6,"Med"
"VW - VolksWagen","CROSSFOX","2006","Gasoline",23593,1.6,"Med"
"VW - VolksWagen","CROSSFOX","2005","Gasoline",22203,1.6,"Med"
"VW - VolksWagen","CROSSFOX","2015","Gasoline",51955,1.6,"Med"
"VW - VolksWagen","CROSSFOX","2014","Gasoline",41595,1.6,"Med"
"VW - VolksWagen","CROSSFOX","2013","Gasoline",37862,1.6,"Med"
"VW - VolksWagen","EOS","2012","Gasoline",113104,2,"Med"
"VW - VolksWagen","EOS","2011","Gasoline",88987,2,"Med"
"VW - VolksWagen","EOS","2010","Gasoline",85545,2,"Med"
"VW - VolksWagen","EOS","2009","Gasoline",79844,2,"Med"
"VW - VolksWagen","EOS","2008","Gasoline",77488,2,"Med"
"VW - VolksWagen","Eurovan","2000","Diesel",18154,2.4,"Med"
"VW - VolksWagen","Eurovan","1999","Diesel",17586,2.4,"Med"
"VW - VolksWagen","Eurovan","1998","Diesel",16978,2.4,"Med"
"VW - VolksWagen","Fox","2014","Gasoline",31451,1,"Med"
"VW - VolksWagen","Fox","2013","Gasoline",27607,1,"Med"
"VW - VolksWagen","Fox","2012","Gasoline",25616,1,"Med"
"VW - VolksWagen","Fox","2011","Gasoline",22820,1,"Med"
"VW - VolksWagen","Fox","2010","Gasoline",21133,1,"Med"
"VW - VolksWagen","Fox","2014","Gasoline",31818,1,"Med"
"VW - VolksWagen","Fox","2013","Gasoline",30725,1,"Med"
"VW - VolksWagen","Fox","2012","Gasoline",28181,1,"Med"
"VW - VolksWagen","Fox","2011","Gasoline",26083,1,"Med"
"VW - VolksWagen","Fox","2010","Gasoline",23291,1,"Med"
"VW - VolksWagen","Fox","2014","Gasoline",34273,1.6,"Med"
"VW - VolksWagen","Fox","2013","Gasoline",32287,1.6,"Med"
"VW - VolksWagen","Fox","2012","Gasoline",30221,1.6,"Med"
"VW - VolksWagen","Fox","2011","Gasoline",27777,1.6,"Med"
"VW - VolksWagen","Fox","2010","Gasoline",26066,1.6,"Med"
"VW - VolksWagen","Fox","2014","Gasoline",33971,1.6,"Med"
"VW - VolksWagen","Fox","2013","Gasoline",31445,1.6,"Med"
"VW - VolksWagen","Fox","2012","Gasoline",29455,1.6,"Med"
"VW - VolksWagen","Fox","2011","Gasoline",27677,1.6,"Med"
"VW - VolksWagen","Fox","2010","Gasoline",26001,1.6,"Med"
"VW - VolksWagen","Fox","2014","Gasoline",32250,1,"Med"
"VW - VolksWagen","Fox","2017","Gasoline",42172,1,"Med"
"VW - VolksWagen","Fox","2016","Gasoline",40854,1,"Med"
"VW - VolksWagen","Fox","2015","Gasoline",38663,1,"Med"
"VW - VolksWagen","Fox","2014","Gasoline",33635,1,"Med"
"VW - VolksWagen","Fox","2013","Gasoline",29392,1.6,"Med"
"VW - VolksWagen","Fox","2013","Gasoline",31181,1.6,"Med"
"VW - VolksWagen","Fox","2010","Gasoline",21281,1,"Med"
"VW - VolksWagen","Fox","2009","Gasoline",20292,1,"Med"
"VW - VolksWagen","Fox","2008","Gasoline",19199,1,"Med"
"VW - VolksWagen","Fox","2007","Gasoline",17917,1,"Med"
"VW - VolksWagen","Fox","2006","Gasoline",16277,1,"Med"
"VW - VolksWagen","Fox","2005","Gasoline",15688,1,"Med"
"VW - VolksWagen","Fox","2004","Gasoline",15134,1,"Med"
"VW - VolksWagen","Fox","2010","Gasoline",19498,1,"Med"
"VW - VolksWagen","Fox","2009","Gasoline",18541,1,"Med"
"VW - VolksWagen","Fox","2008","Gasoline",16661,1,"Med"
"VW - VolksWagen","Fox","2007","Gasoline",15572,1,"Med"
"VW - VolksWagen","Fox","2006","Gasoline",15053,1,"Med"
"VW - VolksWagen","Fox","2005","Gasoline",14550,1,"Med"
"VW - VolksWagen","Fox","2004","Gasoline",13928,1,"Med"
"VW - VolksWagen","Fox","2017","Gasoline",43968,1,"Med"
"VW - VolksWagen","Fox","2016","Gasoline",41277,1,"Med"
"VW - VolksWagen","Fox","2015","Gasoline",36062,1,"Med"
"VW - VolksWagen","Fox","Zero KM","Gasoline",51954,1.6,"Med"
"VW - VolksWagen","Fox","2018","Gasoline",47410,1.6,"Med"
"VW - VolksWagen","Fox","2017","Gasoline",45613,1.6,"Med"
"VW - VolksWagen","Fox","2016","Gasoline",44116,1.6,"Med"
"VW - VolksWagen","Fox","2015","Gasoline",41231,1.6,"Med"
"VW - VolksWagen","Fox","Zero KM","Gasoline",54810,1.6,"Med"
"VW - VolksWagen","Fox","2018","Gasoline",50100,1.6,"Med"
"VW - VolksWagen","Fox","2017","Gasoline",48502,1.6,"Med"
"VW - VolksWagen","Fox","2016","Gasoline",45940,1.6,"Med"
"VW - VolksWagen","Fox","2015","Gasoline",42077,1.6,"Med"
"VW - VolksWagen","Fox","Zero KM","Gasoline",54895,1.6,"Med"
"VW - VolksWagen","Fox","2018","Gasoline",50125,1.6,"Med"
"VW - VolksWagen","Fox","Zero KM","Gasoline",56000,1.6,"Med"
"VW - VolksWagen","Fox","2018","Gasoline",51490,1.6,"Med"
"VW - VolksWagen","Fox","2010","Gasoline",26336,1.6,"Med"
"VW - VolksWagen","Fox","2009","Gasoline",23700,1.6,"Med"
"VW - VolksWagen","Fox","Zero KM","Gasoline",61900,1.6,"Med"
"VW - VolksWagen","Fox","2018","Gasoline",56985,1.6,"Med"
"VW - VolksWagen","Fox","2017","Gasoline",54697,1.6,"Med"
"VW - VolksWagen","Fox","2016","Gasoline",46586,1.6,"Med"
"VW - VolksWagen","Fox","2015","Gasoline",44283,1.6,"Med"
"VW - VolksWagen","Fox","Zero KM","Gasoline",56048,1.6,"Med"
"VW - VolksWagen","Fox","2018","Gasoline",51350,1.6,"Med"
"VW - VolksWagen","Fox","2017","Gasoline",49701,1.6,"Med"
"VW - VolksWagen","Fox","2016","Gasoline",46614,1.6,"Med"
"VW - VolksWagen","Fox","2015","Gasoline",44276,1.6,"Med"
"VW - VolksWagen","Fox","Zero KM","Gasoline",56398,1.6,"Med"
"VW - VolksWagen","Fox","2018","Gasoline",52010,1.6,"Med"
"VW - VolksWagen","Fox","2017","Gasoline",50341,1.6,"Med"
"VW - VolksWagen","Fox","2016","Gasoline",48000,1.6,"Med"
"VW - VolksWagen","Fox","2015","Gasoline",45691,1.6,"Med"
"VW - VolksWagen","Fox","Zero KM","Gasoline",61655,1.6,"Med"
"VW - VolksWagen","Fox","2018","Gasoline",56847,1.6,"Med"
"VW - VolksWagen","Fox","2017","Gasoline",53900,1.6,"Med"
"VW - VolksWagen","Fox","2016","Gasoline",49463,1.6,"Med"
"VW - VolksWagen","Fox","2015","Gasoline",46448,1.6,"Med"
"VW - VolksWagen","Fox","2010","Gasoline",19864,1,"Med"
"VW - VolksWagen","Fox","2009","Gasoline",19040,1,"Med"
"VW - VolksWagen","Fox","2008","Gasoline",16785,1,"Med"
"VW - VolksWagen","Fox","2007","Gasoline",16152,1,"Med"
"VW - VolksWagen","Fox","2006","Gasoline",15500,1,"Med"
"VW - VolksWagen","Fox","2005","Gasoline",14720,1,"Med"
"VW - VolksWagen","Fox","2004","Gasoline",14138,1,"Med"
"VW - VolksWagen","Fox","2010","Gasoline",22084,1,"Med"
"VW - VolksWagen","Fox","2009","Gasoline",20738,1,"Med"
"VW - VolksWagen","Fox","2008","Gasoline",19211,1,"Med"
"VW - VolksWagen","Fox","2007","Gasoline",18093,1,"Med"
"VW - VolksWagen","Fox","2006","Gasoline",16767,1,"Med"
"VW - VolksWagen","Fox","2005","Gasoline",16253,1,"Med"
"VW - VolksWagen","Fox","2004","Gasoline",15725,1,"Med"
"VW - VolksWagen","Fox","2010","Gasoline",24162,1.6,"Med"
"VW - VolksWagen","Fox","2009","Gasoline",21750,1.6,"Med"
"VW - VolksWagen","Fox","2008","Gasoline",19943,1.6,"Med"
"VW - VolksWagen","Fox","2007","Gasoline",19210,1.6,"Med"
"VW - VolksWagen","Fox","2006","Gasoline",16950,1.6,"Med"
"VW - VolksWagen","Fox","2005","Gasoline",16254,1.6,"Med"
"VW - VolksWagen","Fox","2004","Gasoline",15200,1.6,"Med"
"VW - VolksWagen","Fox","2010","Gasoline",25503,1.6,"Med"
"VW - VolksWagen","Fox","2009","Gasoline",23695,1.6,"Med"
"VW - VolksWagen","Fox","2008","Gasoline",22248,1.6,"Med"
"VW - VolksWagen","Fox","2007","Gasoline",20554,1.6,"Med"
"VW - VolksWagen","Fox","2006","Gasoline",19201,1.6,"Med"
"VW - VolksWagen","Fox","2005","Gasoline",18364,1.6,"Med"
"VW - VolksWagen","Fox","2004","Gasoline",17470,1.6,"Med"
"VW - VolksWagen","Fox","2014","Gasoline",34884,1.6,"Med"
"VW - VolksWagen","Fox","2013","Gasoline",31998,1.6,"Med"
"VW - VolksWagen","Fox","2012","Gasoline",30745,1.6,"Med"
"VW - VolksWagen","Fox","2011","Gasoline",28845,1.6,"Med"
"VW - VolksWagen","Fox","2010","Gasoline",27544,1.6,"Med"
"VW - VolksWagen","Fox","2014","Gasoline",34749,1.6,"Med"
"VW - VolksWagen","Fox","2013","Gasoline",31968,1.6,"Med"
"VW - VolksWagen","Fox","2012","Gasoline",30645,1.6,"Med"
"VW - VolksWagen","Fox","2011","Gasoline",28785,1.6,"Med"
"VW - VolksWagen","Fox","2010","Gasoline",27441,1.6,"Med"
"VW - VolksWagen","Fox","2016","Gasoline",43462,1.6,"Med"
"VW - VolksWagen","Fox","2014","Gasoline",34849,1.6,"Med"
"VW - VolksWagen","Fox","2012","Gasoline",31228,1.6,"Med"
"VW - VolksWagen","Fox","2010","Gasoline",22556,1,"Med"
"VW - VolksWagen","Fox","2009","Gasoline",19236,1,"Med"
"VW - VolksWagen","Fox","2008","Gasoline",18627,1,"Med"
"VW - VolksWagen","Fox","2010","Gasoline",24429,1,"Med"
"VW - VolksWagen","Fox","2009","Gasoline",20925,1,"Med"
"VW - VolksWagen","Fox","2008","Gasoline",20054,1,"Med"
"VW - VolksWagen","Fox","2010","Gasoline",26502,1.6,"Med"
"VW - VolksWagen","Fox","2009","Gasoline",24115,1.6,"Med"
"VW - VolksWagen","Fox","2008","Gasoline",21979,1.6,"Med"
"VW - VolksWagen","Fox","2010","Gasoline",26620,1.6,"Med"
"VW - VolksWagen","Fox","2009","Gasoline",24947,1.6,"Med"
"VW - VolksWagen","Fox","2008","Gasoline",23119,1.6,"Med"
"VW - VolksWagen","Fox","2017","Gasoline",48755,1.6,"Med"
"VW - VolksWagen","Fox","2014","Gasoline",32456,1,"Med"
"VW - VolksWagen","Fox","2014","Gasoline",33485,1.6,"Med"
"VW - VolksWagen","Fox","2014","Gasoline",33549,1.6,"Med"
"VW - VolksWagen","Fox","2007","Gasoline",19161,1,"Med"
"VW - VolksWagen","Fox","2006","Gasoline",17749,1,"Med"
"VW - VolksWagen","Fox","2005","Gasoline",17094,1,"Med"
"VW - VolksWagen","Fox","2004","Gasoline",16320,1,"Med"
"VW - VolksWagen","Fox","2007","Gasoline",17758,1,"Med"
"VW - VolksWagen","Fox","2006","Gasoline",15921,1,"Med"
"VW - VolksWagen","Fox","2005","Gasoline",15349,1,"Med"
"VW - VolksWagen","Fox","2004","Gasoline",14841,1,"Med"
"VW - VolksWagen","Fox","2007","Gasoline",21884,1.6,"Med"
"VW - VolksWagen","Fox","2006","Gasoline",19745,1.6,"Med"
"VW - VolksWagen","Fox","2005","Gasoline",18343,1.6,"Med"
"VW - VolksWagen","Fox","2004","Gasoline",15691,1.6,"Med"
"VW - VolksWagen","Fox","2007","Gasoline",21949,1.6,"Med"
"VW - VolksWagen","Fox","2006","Gasoline",19922,1.6,"Med"
"VW - VolksWagen","Fox","2005","Gasoline",18785,1.6,"Med"
"VW - VolksWagen","Fox","2004","Gasoline",18195,1.6,"Med"
"VW - VolksWagen","Fox","2010","Gasoline",21522,1,"Med"
"VW - VolksWagen","Fox","Zero KM","Gasoline",49389,1,"Med"
"VW - VolksWagen","Fox","2018","Gasoline",46120,1,"Med"
"VW - VolksWagen","Fox","2017","Gasoline",44475,1,"Med"
"VW - VolksWagen","Fox","2016","Gasoline",40921,1,"Med"
"VW - VolksWagen","Fox","Zero KM","Gasoline",45022,1,"Med"
"VW - VolksWagen","Fox","2018","Gasoline",42027,1,"Med"
"VW - VolksWagen","Fox","2017","Gasoline",40436,1,"Med"
"VW - VolksWagen","Fox","2016","Gasoline",38769,1,"Med"
"VW - VolksWagen","Fox","2015","Gasoline",35600,1,"Med"
"VW - VolksWagen","Fox","Zero KM","Gasoline",47893,1.6,"Med"
"VW - VolksWagen","Fox","2018","Gasoline",45140,1.6,"Med"
"VW - VolksWagen","Fox","2017","Gasoline",43699,1.6,"Med"
"VW - VolksWagen","Fox","2016","Gasoline",40884,1.6,"Med"
"VW - VolksWagen","Fox","2015","Gasoline",39521,1.6,"Med"
"VW - VolksWagen","Fox","Zero KM","Gasoline",54531,1.6,"Med"
"VW - VolksWagen","Fox","2018","Gasoline",50730,1.6,"Med"
"VW - VolksWagen","Fusca","2016","Gasoline",119117,2,"Aut"
"VW - VolksWagen","Fusca","2015","Gasoline",100050,2,"Aut"
"VW - VolksWagen","Fusca","2014","Gasoline",85962,2,"Aut"
"VW - VolksWagen","Fusca","2013","Gasoline",81876,2,"Aut"
"VW - VolksWagen","Fusca","2016","Gasoline",106339,2,"Aut"
"VW - VolksWagen","Fusca","2015","Gasoline",99185,2,"Aut"
"VW - VolksWagen","Fusca","2014","Gasoline",81196,2,"Aut"
"VW - VolksWagen","Fusca","2013","Gasoline",76889,2,"Aut"
"VW - VolksWagen","Fusca","2014","Gasoline",82099,2,"Med"
"VW - VolksWagen","Fusca","2013","Gasoline",69628,2,"Med"
"VW - VolksWagen","Gol","2014","Gasoline",22580,1,"Med"
"VW - VolksWagen","Gol","2013","Gasoline",21652,1,"Med"
"VW - VolksWagen","Gol","2015","Gasoline",27863,1,"Med"
"VW - VolksWagen","Gol","2014","Gasoline",26251,1,"Med"
"VW - VolksWagen","Gol","2013","Gasoline",24288,1,"Med"
"VW - VolksWagen","Gol","2012","Gasoline",22150,1,"Med"
"VW - VolksWagen","Gol","2011","Gasoline",20277,1,"Med"
"VW - VolksWagen","Gol","2010","Gasoline",19445,1,"Med"
"VW - VolksWagen","Gol","2009","Gasoline",18428,1,"Med"
"VW - VolksWagen","Gol","2014","Gasoline",29731,1.6,"Med"
"VW - VolksWagen","Gol","2013","Gasoline",27230,1.6,"Med"
"VW - VolksWagen","Gol","2015","Gasoline",31779,1.6,"Med"
"VW - VolksWagen","Gol","2014","Gasoline",30315,1.6,"Med"
"VW - VolksWagen","Gol","2013","Gasoline",28005,1.6,"Med"
"VW - VolksWagen","Gol","2012","Gasoline",24971,1.6,"Med"
"VW - VolksWagen","Gol","2011","Gasoline",23940,1.6,"Med"
"VW - VolksWagen","Gol","2010","Gasoline",21601,1.6,"Med"
"VW - VolksWagen","Gol","2009","Gasoline",20591,1.6,"Med"
"VW - VolksWagen","Gol","2017","Gasoline",46902,1.6,"Med"
"VW - VolksWagen","Gol","2016","Gasoline",40010,1.6,"Med"
"VW - VolksWagen","Gol","2015","Gasoline",38054,1.6,"Med"
"VW - VolksWagen","Gol","2014","Gasoline",33889,1.6,"Med"
"VW - VolksWagen","Gol","2013","Gasoline",29525,1.6,"Med"
"VW - VolksWagen","Gol","2012","Gasoline",25710,1.6,"Med"
"VW - VolksWagen","Gol","2011","Gasoline",24305,1.6,"Med"
"VW - VolksWagen","Gol","2010","Gasoline",22270,1.6,"Med"
"VW - VolksWagen","Gol","2009","Gasoline",20909,1.6,"Med"
"VW - VolksWagen","Gol","2003","Gasoline",12092,1,"Med"
"VW - VolksWagen","Gol","2002","Gasoline",11412,1,"Med"
"VW - VolksWagen","Gol","2001","Gasoline",10691,1,"Med"
"VW - VolksWagen","Gol","2005","Gasoline",12819,1,"Med"
"VW - VolksWagen","Gol","2004","Gasoline",11929,1,"Med"
"VW - VolksWagen","Gol","2003","Gasoline",11454,1,"Med"
"VW - VolksWagen","Gol","2002","Gasoline",11112,1,"Med"
"VW - VolksWagen","Gol","2001","Gasoline",10002,1,"Med"
"VW - VolksWagen","Gol","2000","Gasoline",8915,1,"Med"
"VW - VolksWagen","Gol","2005","Gasoline",13612,1,"Med"
"VW - VolksWagen","Gol","2004","Gasoline",12812,1,"Med"
"VW - VolksWagen","Gol","2003","Gasoline",12411,1,"Med"
"VW - VolksWagen","Gol","2002","Gasoline",11421,1,"Med"
"VW - VolksWagen","Gol","2001","Gasoline",10905,1,"Med"
"VW - VolksWagen","Gol","2000","Gasoline",10212,1,"Med"
"VW - VolksWagen","Gol","2004","Álcool",11549,1,"Med"
"VW - VolksWagen","Gol","2003","Álcool",11162,1,"Med"
"VW - VolksWagen","Gol","2003","Álcool",11162,1,"Med"
"VW - VolksWagen","Gol","2002","Álcool",10345,1,"Med"
"VW - VolksWagen","Gol","2002","Álcool",10345,1,"Med"
"VW - VolksWagen","Gol","2001","Álcool",9403,1,"Med"
"VW - VolksWagen","Gol","2001","Álcool",9403,1,"Med"
"VW - VolksWagen","Gol","2003","Álcool",12834,1,"Med"
"VW - VolksWagen","Gol","2003","Álcool",12834,1,"Med"
"VW - VolksWagen","Gol","2002","Gasoline",11113,1,"Med"
"VW - VolksWagen","Gol","2002","Gasoline",11113,1,"Med"
"VW - VolksWagen","Gol","2001","Álcool",10492,1,"Med"
"VW - VolksWagen","Gol","2001","Álcool",10492,1,"Med"
"VW - VolksWagen","Gol","2003","Gasoline",13382,1,"Med"
"VW - VolksWagen","Gol","2002","Gasoline",12065,1,"Med"
"VW - VolksWagen","Gol","2013","Gasoline",26036,1,"Med"
"VW - VolksWagen","Gol","2003","Gasoline",12942,1,"Med"
"VW - VolksWagen","Gol","2002","Gasoline",11937,1,"Med"
"VW - VolksWagen","Gol","2003","Gasoline",13138,1,"Med"
"VW - VolksWagen","Gol","2002","Gasoline",12005,1,"Med"
"VW - VolksWagen","Gol","2017","Gasoline",50124,1.6,"Med"
"VW - VolksWagen","Gol","2016","Gasoline",46313,1.6,"Med"
"VW - VolksWagen","Gol","2015","Gasoline",38263,1.6,"Med"
"VW - VolksWagen","Gol","2014","Gasoline",35482,1.6,"Med"
"VW - VolksWagen","Gol","2013","Gasoline",30935,1.6,"Med"
"VW - VolksWagen","Gol","2012","Gasoline",28067,1.6,"Med"
"VW - VolksWagen","Gol","2011","Gasoline",24917,1.6,"Med"
"VW - VolksWagen","Gol","2010","Gasoline",24180,1.6,"Med"
"VW - VolksWagen","Gol","2014","Gasoline",31467,1.6,"Med"
"VW - VolksWagen","Gol","2013","Gasoline",28159,1.6,"Med"
"VW - VolksWagen","Gol","2003","Gasoline",13650,1.6,"Med"
"VW - VolksWagen","Gol","2004","Gasoline",14901,1.6,"Med"
"VW - VolksWagen","Gol","2003","Gasoline",14320,1.6,"Med"
"VW - VolksWagen","Gol","2009","Gasoline",20744,1.6,"Med"
"VW - VolksWagen","Gol","2008","Gasoline",20022,1.6,"Med"
"VW - VolksWagen","Gol","2007","Gasoline",19268,1.6,"Med"
"VW - VolksWagen","Gol","2006","Gasoline",18044,1.6,"Med"
"VW - VolksWagen","Gol","2005","Gasoline",16972,1.6,"Med"
"VW - VolksWagen","Gol","2004","Gasoline",15957,1.6,"Med"
"VW - VolksWagen","Gol","2003","Gasoline",15469,1.6,"Med"
"VW - VolksWagen","Gol","2014","Gasoline",36292,1.6,"Med"
"VW - VolksWagen","Gol","2013","Gasoline",31619,1.6,"Med"
"VW - VolksWagen","Gol","2012","Gasoline",29298,1.6,"Med"
"VW - VolksWagen","Gol","2011","Gasoline",26497,1.6,"Med"
"VW - VolksWagen","Gol","2014","Gasoline",36213,1.6,"Med"
"VW - VolksWagen","Gol","2013","Gasoline",31618,1.6,"Med"
"VW - VolksWagen","Gol","2012","Gasoline",29260,1.6,"Med"
"VW - VolksWagen","Gol","2011","Gasoline",26445,1.6,"Med"
"VW - VolksWagen","Gol","2009","Gasoline",20900,1.6,"Med"
"VW - VolksWagen","Gol","2008","Gasoline",20235,1.6,"Med"
"VW - VolksWagen","Gol","2005","Gasoline",17269,1.6,"Med"
"VW - VolksWagen","Gol","2003","Álcool",14536,1.6,"Med"
"VW - VolksWagen","Gol","2003","Álcool",14536,1.6,"Med"
"VW - VolksWagen","Gol","2002","Álcool",13857,1.6,"Med"
"VW - VolksWagen","Gol","2002","Álcool",13857,1.6,"Med"
"VW - VolksWagen","Gol","2001","Gasoline",12190,1.6,"Med"
"VW - VolksWagen","Gol","2001","Gasoline",12190,1.6,"Med"
"VW - VolksWagen","Gol","2000","Álcool",10628,1.6,"Med"
"VW - VolksWagen","Gol","2000","Álcool",10628,1.6,"Med"
"VW - VolksWagen","Gol","1999","Álcool",10107,1.6,"Med"
"VW - VolksWagen","Gol","1999","Álcool",10107,1.6,"Med"
"VW - VolksWagen","Gol","1998","Álcool",9166,1.6,"Med"
"VW - VolksWagen","Gol","1998","Álcool",9166,1.6,"Med"
"VW - VolksWagen","Gol","1997","Álcool",8078,1.6,"Med"
"VW - VolksWagen","Gol","1997","Álcool",8078,1.6,"Med"
"VW - VolksWagen","Gol","1996","Álcool",7838,1.6,"Med"
"VW - VolksWagen","Gol","1996","Álcool",7838,1.6,"Med"
"VW - VolksWagen","Gol","2004","Gasoline",15528,1.6,"Med"
"VW - VolksWagen","Gol","2004","Gasoline",15528,1.6,"Med"
"VW - VolksWagen","Gol","2003","Álcool",14952,1.6,"Med"
"VW - VolksWagen","Gol","2003","Álcool",14952,1.6,"Med"
"VW - VolksWagen","Gol","2002","Álcool",13899,1.6,"Med"
"VW - VolksWagen","Gol","2002","Álcool",13899,1.6,"Med"
"VW - VolksWagen","Gol","2001","Álcool",13355,1.6,"Med"
"VW - VolksWagen","Gol","2001","Álcool",13355,1.6,"Med"
"VW - VolksWagen","Gol","2000","Gasoline",12761,1.6,"Med"
"VW - VolksWagen","Gol","2000","Gasoline",12761,1.6,"Med"
"VW - VolksWagen","Gol","1999","Álcool",10971,1.6,"Med"
"VW - VolksWagen","Gol","1999","Álcool",10971,1.6,"Med"
"VW - VolksWagen","Gol","1998","Gasoline",10284,1.6,"Med"
"VW - VolksWagen","Gol","2004","Gasoline",15535,1.8,"Med"
"VW - VolksWagen","Gol","2003","Gasoline",15021,1.8,"Med"
"VW - VolksWagen","Gol","2002","Gasoline",14316,1.8,"Med"
"VW - VolksWagen","Gol","2001","Gasoline",13112,1.8,"Med"
"VW - VolksWagen","Gol","2000","Gasoline",12354,1.8,"Med"
"VW - VolksWagen","Gol","2004","Gasoline",17014,1.8,"Med"
"VW - VolksWagen","Gol","2003","Gasoline",16254,1.8,"Med"
"VW - VolksWagen","Gol","2002","Gasoline",14448,1.8,"Med"
"VW - VolksWagen","Gol","2001","Gasoline",13838,1.8,"Med"
"VW - VolksWagen","Gol","2000","Gasoline",13301,1.8,"Med"
"VW - VolksWagen","Gol","2009","Gasoline",21372,1.8,"Med"
"VW - VolksWagen","Gol","2008","Gasoline",20112,1.8,"Med"
"VW - VolksWagen","Gol","2007","Gasoline",19295,1.8,"Med"
"VW - VolksWagen","Gol","2006","Gasoline",18114,1.8,"Med"
"VW - VolksWagen","Gol","2005","Gasoline",16976,1.8,"Med"
"VW - VolksWagen","Gol","2005","Gasoline",16998,1.8,"Med"
"VW - VolksWagen","Gol","2002","Gasoline",14626,2,"Med"
"VW - VolksWagen","Gol","2001","Gasoline",14099,2,"Med"
"VW - VolksWagen","Gol","2000","Gasoline",13321,2,"Med"
"VW - VolksWagen","Gol","2002","Gasoline",16881,2,"Med"
"VW - VolksWagen","Gol","2001","Gasoline",15256,2,"Med"
"VW - VolksWagen","Gol","2000","Gasoline",14483,2,"Med"
"VW - VolksWagen","Gol","2013","Gasoline",24557,1,"Med"
"VW - VolksWagen","Gol","2012","Gasoline",23415,1,"Med"
"VW - VolksWagen","Gol","2015","Gasoline",22170,1,"Med"
"VW - VolksWagen","Gol","2014","Gasoline",19671,1,"Med"
"VW - VolksWagen","Gol","2013","Gasoline",18280,1,"Med"
"VW - VolksWagen","Gol","2012","Gasoline",17488,1,"Med"
"VW - VolksWagen","Gol","2011","Gasoline",16780,1,"Med"
"VW - VolksWagen","Gol","2010","Gasoline",16254,1,"Med"
"VW - VolksWagen","Gol","2009","Gasoline",15344,1,"Med"
"VW - VolksWagen","Gol","2008","Gasoline",14560,1,"Med"
"VW - VolksWagen","Gol","2007","Gasoline",14039,1,"Med"
"VW - VolksWagen","Gol","2006","Gasoline",13486,1,"Med"
"VW - VolksWagen","Gol","2005","Gasoline",11809,1,"Med"
"VW - VolksWagen","Gol","2016","Gasoline",30894,1,"Med"
"VW - VolksWagen","Gol","2015","Gasoline",27612,1,"Med"
"VW - VolksWagen","Gol","2014","Gasoline",25203,1,"Med"
"VW - VolksWagen","Gol","2013","Gasoline",23639,1,"Med"
"VW - VolksWagen","Gol","2012","Gasoline",21926,1,"Med"
"VW - VolksWagen","Gol","2011","Gasoline",21273,1,"Med"
"VW - VolksWagen","Gol","2010","Gasoline",19312,1,"Med"
"VW - VolksWagen","Gol","2009","Gasoline",17487,1,"Med"
"VW - VolksWagen","Gol","2008","Gasoline",16136,1,"Med"
"VW - VolksWagen","Gol","2007","Gasoline",14478,1,"Med"
"VW - VolksWagen","Gol","2006","Gasoline",13914,1,"Med"
"VW - VolksWagen","Gol","2005","Gasoline",12636,1,"Med"
"VW - VolksWagen","Gol","2005","Gasoline",12668,1,"Med"
"VW - VolksWagen","Gol","2005","Gasoline",12668,1,"Med"
"VW - VolksWagen","Gol","2004","Gasoline",11689,1,"Med"
"VW - VolksWagen","Gol","2004","Gasoline",11689,1,"Med"
"VW - VolksWagen","Gol","2003","Gasoline",11252,1,"Med"
"VW - VolksWagen","Gol","2003","Gasoline",11252,1,"Med"
"VW - VolksWagen","Gol","2005","Gasoline",13590,1,"Med"
"VW - VolksWagen","Gol","2005","Gasoline",13590,1,"Med"
"VW - VolksWagen","Gol","2004","Álcool",12507,1,"Med"
"VW - VolksWagen","Gol","2004","Álcool",12507,1,"Med"
"VW - VolksWagen","Gol","2003","Gasoline",12382,1,"Med"
"VW - VolksWagen","Gol","2003","Gasoline",12382,1,"Med"
"VW - VolksWagen","Gol","2003","Gasoline",11989,1.6,"Med"
"VW - VolksWagen","Gol","2003","Gasoline",11989,1.6,"Med"
"VW - VolksWagen","Gol","2004","Gasoline",13892,1.6,"Med"
"VW - VolksWagen","Gol","2004","Gasoline",13892,1.6,"Med"
"VW - VolksWagen","Gol","2003","Álcool",13521,1.6,"Med"
"VW - VolksWagen","Gol","2003","Álcool",13521,1.6,"Med"
"VW - VolksWagen","Gol","2002","Gasoline",11704,1.6,"Med"
"VW - VolksWagen","Gol","2002","Gasoline",11704,1.6,"Med"
"VW - VolksWagen","Gol","2009","Gasoline",19515,1.6,"Med"
"VW - VolksWagen","Gol","2008","Gasoline",17438,1.6,"Med"
"VW - VolksWagen","Gol","2007","Gasoline",15474,1.6,"Med"
"VW - VolksWagen","Gol","2006","Gasoline",14231,1.6,"Med"
"VW - VolksWagen","Gol","2005","Gasoline",13455,1.6,"Med"
"VW - VolksWagen","Gol","2004","Gasoline",12654,1.6,"Med"
"VW - VolksWagen","Gol","2003","Gasoline",12021,1.6,"Med"
"VW - VolksWagen","Gol","2015","Gasoline",31036,1.6,"Med"
"VW - VolksWagen","Gol","2014","Gasoline",28417,1.6,"Med"
"VW - VolksWagen","Gol","2009","Gasoline",20332,1.6,"Med"
"VW - VolksWagen","Gol","2008","Gasoline",18473,1.6,"Med"
"VW - VolksWagen","Gol","2007","Gasoline",17904,1.6,"Med"
"VW - VolksWagen","Gol","2006","Gasoline",16797,1.6,"Med"
"VW - VolksWagen","Gol","2005","Gasoline",15567,1.6,"Med"
"VW - VolksWagen","Gol","2004","Gasoline",14631,1.6,"Med"
"VW - VolksWagen","Gol","2003","Gasoline",14120,1.6,"Med"
"VW - VolksWagen","Gol","1999","Gasoline",10549,1.6,"Med"
"VW - VolksWagen","Gol","1999","Gasoline",10549,1.6,"Med"
"VW - VolksWagen","Gol","1998","Álcool",9974,1.6,"Med"
"VW - VolksWagen","Gol","1998","Álcool",9974,1.6,"Med"
"VW - VolksWagen","Gol","1997","Álcool",7774,1.6,"Med"
"VW - VolksWagen","Gol","1997","Álcool",7774,1.6,"Med"
"VW - VolksWagen","Gol","1999","Gasoline",11511,1.8,"Med"
"VW - VolksWagen","Gol","1999","Gasoline",11511,1.8,"Med"
"VW - VolksWagen","Gol","1998","Gasoline",10154,1.8,"Med"
"VW - VolksWagen","Gol","1998","Gasoline",10154,1.8,"Med"
"VW - VolksWagen","Gol","1997","Álcool",8596,1.8,"Med"
"VW - VolksWagen","Gol","1997","Álcool",8596,1.8,"Med"
"VW - VolksWagen","Gol","1996","Gasoline",9077,1.8,"Med"
"VW - VolksWagen","Gol","1996","Gasoline",9077,1.8,"Med"
"VW - VolksWagen","Gol","1995","Gasoline",8380,1.8,"Med"
"VW - VolksWagen","Gol","1995","Gasoline",8380,1.8,"Med"
"VW - VolksWagen","Gol","1994","Gasoline",8050,1.8,"Med"
"VW - VolksWagen","Gol","1993","Gasoline",7803,1.8,"Med"
"VW - VolksWagen","Gol","1992","Gasoline",7460,1.8,"Med"
"VW - VolksWagen","Gol","1991","Gasoline",6951,1.8,"Med"
"VW - VolksWagen","Gol","1990","Gasoline",6247,1.8,"Med"
"VW - VolksWagen","Gol","1989","Gasoline",5952,1.8,"Med"
"VW - VolksWagen","Gol","1996","Gasoline",9055,1.6,"Med"
"VW - VolksWagen","Gol","1996","Gasoline",9055,1.6,"Med"
"VW - VolksWagen","Gol","1995","Gasoline",8251,1.6,"Med"
"VW - VolksWagen","Gol","1995","Gasoline",8251,1.6,"Med"
"VW - VolksWagen","Gol","1994","Gasoline",7954,1.6,"Med"
"VW - VolksWagen","Gol","1993","Gasoline",7502,1.6,"Med"
"VW - VolksWagen","Gol","1992","Gasoline",6820,1.6,"Med"
"VW - VolksWagen","Gol","1991","Gasoline",6017,1.6,"Med"
"VW - VolksWagen","Gol","1990","Gasoline",5768,1.6,"Med"
"VW - VolksWagen","Gol","1989","Gasoline",5416,1.6,"Med"
"VW - VolksWagen","Gol","1988","Gasoline",5197,1.6,"Med"
"VW - VolksWagen","Gol","1987","Gasoline",4999,1.6,"Med"
"VW - VolksWagen","Gol","1986","Gasoline",4550,1.6,"Med"
"VW - VolksWagen","Gol","1985","Gasoline",4341,1.6,"Med"
"VW - VolksWagen","Gol","2017","Gasoline",43654,1,"Med"
"VW - VolksWagen","Gol","2015","Gasoline",29415,1,"Med"
"VW - VolksWagen","Gol","2016","Gasoline",36998,1,"Med"
"VW - VolksWagen","Gol","2015","Gasoline",34129,1,"Med"
"VW - VolksWagen","Gol","2015","Gasoline",35359,1.6,"Med"
"VW - VolksWagen","Gol","Zero KM","Gasoline",50903,1.6,"Med"
"VW - VolksWagen","Gol","2018","Gasoline",47947,1.6,"Med"
"VW - VolksWagen","Gol","2017","Gasoline",45485,1.6,"Med"
"VW - VolksWagen","Gol","2016","Gasoline",41401,1.6,"Med"
"VW - VolksWagen","Gol","2015","Gasoline",37191,1.6,"Med"
"VW - VolksWagen","Gol","2006","Gasoline",15881,1,"Med"
"VW - VolksWagen","Gol","2006","Gasoline",18495,1.6,"Med"
"VW - VolksWagen","Gol","2014","Gasoline",23814,1,"Med"
"VW - VolksWagen","Gol","2013","Gasoline",21152,1,"Med"
"VW - VolksWagen","Gol","2012","Gasoline",20427,1,"Med"
"VW - VolksWagen","Gol","2011","Gasoline",18657,1,"Med"
"VW - VolksWagen","Gol","2014","Gasoline",19950,1,"Med"
"VW - VolksWagen","Gol","2013","Gasoline",19338,1,"Med"
"VW - VolksWagen","Gol","2012","Gasoline",18495,1,"Med"
"VW - VolksWagen","Gol","2011","Gasoline",17044,1,"Med"
"VW - VolksWagen","Gol","1998","Gasoline",6848,1,"Med"
"VW - VolksWagen","Gol","1998","Gasoline",8557,1.6,"Med"
"VW - VolksWagen","Gol","1997","Gasoline",7817,1.6,"Med"
"VW - VolksWagen","Gol","1996","Álcool",7041,1.6,"Med"
"VW - VolksWagen","Gol","1996","Álcool",7041,1.6,"Med"
"VW - VolksWagen","Gol","1995","Álcool",6660,1.6,"Med"
"VW - VolksWagen","Gol","1995","Álcool",6660,1.6,"Med"
"VW - VolksWagen","Gol","1994","Gasoline",6510,1.6,"Med"
"VW - VolksWagen","Gol","1993","Gasoline",6192,1.6,"Med"
"VW - VolksWagen","Gol","1992","Gasoline",5467,1.6,"Med"
"VW - VolksWagen","Gol","1991","Gasoline",5258,1.6,"Med"
"VW - VolksWagen","Gol","1990","Gasoline",4906,1.6,"Med"
"VW - VolksWagen","Gol","1989","Gasoline",4714,1.6,"Med"
"VW - VolksWagen","Gol","1988","Gasoline",4030,1.6,"Med"
"VW - VolksWagen","Gol","1987","Gasoline",3899,1.6,"Med"
"VW - VolksWagen","Gol","1986","Gasoline",3699,1.6,"Med"
"VW - VolksWagen","Gol","1985","Gasoline",3206,1.6,"Med"
"VW - VolksWagen","Gol","1998","Gasoline",9330,1.6,"Med"
"VW - VolksWagen","Gol","1997","Álcool",9063,1.6,"Med"
"VW - VolksWagen","Gol","1997","Álcool",9063,1.6,"Med"
"VW - VolksWagen","Gol","1996","Gasoline",8482,1.6,"Med"
"VW - VolksWagen","Gol","1992","Gasoline",8052,1.6,"Med"
"VW - VolksWagen","Gol","1991","Gasoline",7489,1.6,"Med"
"VW - VolksWagen","Gol","1990","Gasoline",6198,1.6,"Med"
"VW - VolksWagen","Gol","1989","Gasoline",6003,1.6,"Med"
"VW - VolksWagen","Gol","1988","Gasoline",5678,1.6,"Med"
"VW - VolksWagen","Gol","1987","Gasoline",5491,1.6,"Med"
"VW - VolksWagen","Gol","1999","Gasoline",11912,1.8,"Med"
"VW - VolksWagen","Gol","1998","Álcool",10659,1.8,"Med"
"VW - VolksWagen","Gol","1998","Álcool",10659,1.8,"Med"
"VW - VolksWagen","Gol","1997","Álcool",9248,1.8,"Med"
"VW - VolksWagen","Gol","1997","Álcool",9248,1.8,"Med"
"VW - VolksWagen","Gol","1996","Álcool",8565,1.8,"Med"
"VW - VolksWagen","Gol","1996","Álcool",8565,1.8,"Med"
"VW - VolksWagen","Gol","1995","Álcool",7980,1.8,"Med"
"VW - VolksWagen","Gol","1995","Álcool",7980,1.8,"Med"
"VW - VolksWagen","Gol","1994","Gasoline",8322,1.8,"Med"
"VW - VolksWagen","Gol","1993","Gasoline",7954,1.8,"Med"
"VW - VolksWagen","Gol","1992","Gasoline",7579,1.8,"Med"
"VW - VolksWagen","Gol","1991","Gasoline",7236,1.8,"Med"
"VW - VolksWagen","Gol","1990","Gasoline",6850,1.8,"Med"
"VW - VolksWagen","Gol","1989","Gasoline",6267,1.8,"Med"
"VW - VolksWagen","Gol","1988","Gasoline",5305,1.8,"Med"
"VW - VolksWagen","Gol","1999","Gasoline",14788,2,"Med"
"VW - VolksWagen","Gol","1998","Gasoline",12608,2,"Med"
"VW - VolksWagen","Gol","1994","Gasoline",12715,1.8,"Med"
"VW - VolksWagen","Gol","1993","Gasoline",12066,1.8,"Med"
"VW - VolksWagen","Gol","1992","Gasoline",10965,1.8,"Med"
"VW - VolksWagen","Gol","1991","Gasoline",9584,1.8,"Med"
"VW - VolksWagen","Gol","1990","Gasoline",8305,1.8,"Med"
"VW - VolksWagen","Gol","1989","Gasoline",6830,1.8,"Med"
"VW - VolksWagen","Gol","1988","Gasoline",6526,1.8,"Med"
"VW - VolksWagen","Gol","1987","Gasoline",5900,1.8,"Med"
"VW - VolksWagen","Gol","1986","Gasoline",5662,1.8,"Med"
"VW - VolksWagen","Gol","1985","Gasoline",4110,1.8,"Med"
"VW - VolksWagen","Gol","1997","Álcool",15791,2,"Med"
"VW - VolksWagen","Gol","1997","Álcool",15791,2,"Med"
"VW - VolksWagen","Gol","1996","Álcool",12414,2,"Med"
"VW - VolksWagen","Gol","1996","Álcool",12414,2,"Med"
"VW - VolksWagen","Gol","1995","Álcool",10539,2,"Med"
"VW - VolksWagen","Gol","1995","Álcool",10539,2,"Med"
"VW - VolksWagen","Gol","1994","Gasoline",12774,2,"Med"
"VW - VolksWagen","Gol","1993","Gasoline",12223,2,"Med"
"VW - VolksWagen","Gol","1992","Gasoline",11826,2,"Med"
"VW - VolksWagen","Gol","1991","Gasoline",10695,2,"Med"
"VW - VolksWagen","Gol","1990","Gasoline",10258,2,"Med"
"VW - VolksWagen","Gol","1989","Gasoline",8524,2,"Med"
"VW - VolksWagen","Gol","2015","Gasoline",32606,1.6,"Med"
"VW - VolksWagen","Gol","2014","Gasoline",31438,1.6,"Med"
"VW - VolksWagen","Gol","2013","Gasoline",29505,1.6,"Med"
"VW - VolksWagen","Gol","2012","Gasoline",27624,1.6,"Med"
"VW - VolksWagen","Gol","2011","Gasoline",24896,1.6,"Med"
"VW - VolksWagen","Gol","2010","Gasoline",24026,1.6,"Med"
"VW - VolksWagen","Gol","2015","Gasoline",36017,1.6,"Med"
"VW - VolksWagen","Gol","Zero KM","Gasoline",53453,1.6,"Med"
"VW - VolksWagen","Gol","2018","Gasoline",48366,1.6,"Med"
"VW - VolksWagen","Gol","2017","Gasoline",45527,1.6,"Med"
"VW - VolksWagen","Gol","2016","Gasoline",42850,1.6,"Med"
"VW - VolksWagen","Gol","2015","Gasoline",40267,1.6,"Med"
"VW - VolksWagen","Gol","2015","Gasoline",33159,1.6,"Med"
"VW - VolksWagen","Gol","2015","Gasoline",33863,1.6,"Med"
"VW - VolksWagen","Gol","1988","Gasoline",4480,1.3,"Med"
"VW - VolksWagen","Gol","1987","Gasoline",4344,1.3,"Med"
"VW - VolksWagen","Gol","1986","Gasoline",4074,1.3,"Med"
"VW - VolksWagen","Gol","1985","Gasoline",3622,1.3,"Med"
"VW - VolksWagen","Gol","2008","Gasoline",14968,1,"Med"
"VW - VolksWagen","Gol","2007","Gasoline",14451,1,"Med"
"VW - VolksWagen","Gol","2006","Gasoline",13487,1,"Med"
"VW - VolksWagen","Gol","2008","Gasoline",17649,1,"Med"
"VW - VolksWagen","Gol","2007","Gasoline",16446,1,"Med"
"VW - VolksWagen","Gol","2006","Gasoline",15132,1,"Med"
"VW - VolksWagen","Gol","2016","Gasoline",47640,1.6,"Med"
"VW - VolksWagen","Gol","2015","Gasoline",42210,1.6,"Med"
"VW - VolksWagen","Gol","2016","Gasoline",48931,1.6,"Med"
"VW - VolksWagen","Gol","2015","Gasoline",42280,1.6,"Med"
"VW - VolksWagen","Gol","2016","Gasoline",36339,1,"Med"
"VW - VolksWagen","Gol","2012","Gasoline",26026,1,"Med"
"VW - VolksWagen","Gol","2015","Gasoline",31900,1,"Med"
"VW - VolksWagen","Gol","2014","Gasoline",30408,1,"Med"
"VW - VolksWagen","Gol","2011","Gasoline",20666,1,"Med"
"VW - VolksWagen","Gol","2015","Gasoline",36253,1.6,"Med"
"VW - VolksWagen","Gol","2014","Gasoline",32766,1.6,"Med"
"VW - VolksWagen","Gol","2015","Gasoline",36751,1.6,"Med"
"VW - VolksWagen","Gol","2014","Gasoline",34503,1.6,"Med"
"VW - VolksWagen","Gol","2004","Gasoline",11480,1,"Med"
"VW - VolksWagen","Gol","2004","Gasoline",11480,1,"Med"
"VW - VolksWagen","Gol","2003","Álcool",11541,1,"Med"
"VW - VolksWagen","Gol","2003","Álcool",11541,1,"Med"
"VW - VolksWagen","Gol","2016","Gasoline",28895,1,"Med"
"VW - VolksWagen","Gol","2015","Gasoline",26670,1,"Med"
"VW - VolksWagen","Gol","2016","Gasoline",32152,1,"Med"
"VW - VolksWagen","Gol","2015","Gasoline",31157,1,"Med"
"VW - VolksWagen","Gol","2003","Gasoline",11304,1.6,"Med"
"VW - VolksWagen","Gol","2003","Gasoline",11304,1.6,"Med"
"VW - VolksWagen","Gol","2005","Gasoline",11659,1,"Med"
"VW - VolksWagen","Gol","2005","Gasoline",11659,1,"Med"
"VW - VolksWagen","Gol","2004","Gasoline",10451,1,"Med"
"VW - VolksWagen","Gol","2004","Gasoline",10451,1,"Med"
"VW - VolksWagen","Gol","2003","Álcool",10210,1,"Med"
"VW - VolksWagen","Gol","2003","Álcool",10210,1,"Med"
"VW - VolksWagen","Gol","2002","Álcool",9898,1,"Med"
"VW - VolksWagen","Gol","2002","Álcool",9898,1,"Med"
"VW - VolksWagen","Gol","2001","Álcool",9211,1,"Med"
"VW - VolksWagen","Gol","2001","Álcool",9211,1,"Med"
"VW - VolksWagen","Gol","2000","Álcool",8479,1,"Med"
"VW - VolksWagen","Gol","2000","Álcool",8479,1,"Med"
"VW - VolksWagen","Gol","1999","Álcool",8040,1,"Med"
"VW - VolksWagen","Gol","1999","Álcool",8040,1,"Med"
"VW - VolksWagen","Gol","1998","Gasoline",7251,1,"Med"
"VW - VolksWagen","Gol","2007","Gasoline",17870,1,"Med"
"VW - VolksWagen","Gol","2006","Gasoline",15813,1,"Med"
"VW - VolksWagen","Gol","2007","Gasoline",19281,1,"Med"
"VW - VolksWagen","Gol","2006","Gasoline",16075,1,"Med"
"VW - VolksWagen","Gol","2016","Gasoline",34964,1,"Med"
"VW - VolksWagen","Gol","2015","Gasoline",32321,1,"Med"
"VW - VolksWagen","Gol","2014","Gasoline",30471,1,"Med"
"VW - VolksWagen","Gol","Zero KM","Gasoline",45783,1,"Med"
"VW - VolksWagen","Gol","2018","Gasoline",41966,1,"Med"
"VW - VolksWagen","Gol","2017","Gasoline",40405,1,"Med"
"VW - VolksWagen","Gol","2017","Gasoline",31647,1,"Med"
"VW - VolksWagen","Gol","Zero KM","Gasoline",41602,1,"Med"
"VW - VolksWagen","Gol","2018","Gasoline",34903,1,"Med"
"VW - VolksWagen","Gol","2017","Gasoline",33587,1,"Med"
"VW - VolksWagen","Gol","2016","Gasoline",31172,1,"Med"
"VW - VolksWagen","Gol","2015","Gasoline",27524,1,"Med"
"VW - VolksWagen","Gol","2016","Gasoline",31585,1,"Med"
"VW - VolksWagen","Gol","2015","Gasoline",30526,1,"Med"
"VW - VolksWagen","Gol","2015","Gasoline",32756,1.6,"Med"
"VW - VolksWagen","Gol","Zero KM","Gasoline",46187,1.6,"Med"
"VW - VolksWagen","Gol","2018","Gasoline",42299,1.6,"Med"
"VW - VolksWagen","Gol","2017","Gasoline",39240,1.6,"Med"
"VW - VolksWagen","Gol","2016","Gasoline",36515,1.6,"Med"
"VW - VolksWagen","Gol","2015","Gasoline",31792,1.6,"Med"
"VW - VolksWagen","Gol","1997","Gasoline",9727,1.8,"Med"
"VW - VolksWagen","Gol","1997","Gasoline",9727,1.8,"Med"
"VW - VolksWagen","Gol","1996","Álcool",9063,1.8,"Med"
"VW - VolksWagen","Gol","1996","Álcool",9063,1.8,"Med"
"VW - VolksWagen","Golf","2013","Gasoline",46561,2,"Med"
"VW - VolksWagen","Golf","2012","Gasoline",42260,2,"Med"
"VW - VolksWagen","Golf","2011","Gasoline",38331,2,"Med"
"VW - VolksWagen","Golf","2010","Gasoline",35962,2,"Med"
"VW - VolksWagen","Golf","2009","Gasoline",30967,1.6,"Med"
"VW - VolksWagen","Golf","2014","Gasoline",41533,1.6,"Med"
"VW - VolksWagen","Golf","2013","Gasoline",38652,1.6,"Med"
"VW - VolksWagen","Golf","2012","Gasoline",36789,1.6,"Med"
"VW - VolksWagen","Golf","2011","Gasoline",35451,1.6,"Med"
"VW - VolksWagen","Golf","2010","Gasoline",32684,1.6,"Med"
"VW - VolksWagen","Golf","2009","Gasoline",31590,1.6,"Med"
"VW - VolksWagen","Golf","2008","Gasoline",29243,1.6,"Med"
"VW - VolksWagen","Golf","2007","Gasoline",26655,1.6,"Med"
"VW - VolksWagen","Golf","2006","Gasoline",23264,1.6,"Med"
"VW - VolksWagen","Golf","2003","Gasoline",20600,1.6,"Med"
"VW - VolksWagen","Golf","2006","Gasoline",23680,1.6,"Med"
"VW - VolksWagen","Golf","2005","Gasoline",22965,1.6,"Med"
"VW - VolksWagen","Golf","2004","Gasoline",22142,1.6,"Med"
"VW - VolksWagen","Golf","2003","Gasoline",20865,1.6,"Med"
"VW - VolksWagen","Golf","2002","Gasoline",20012,1.6,"Med"
"VW - VolksWagen","Golf","2001","Gasoline",17315,1.6,"Med"
"VW - VolksWagen","Golf","2000","Gasoline",16683,1.6,"Med"
"VW - VolksWagen","Golf","1999","Gasoline",15588,1.6,"Med"
"VW - VolksWagen","Golf","2006","Gasoline",28237,1.8,"Med"
"VW - VolksWagen","Golf","2005","Gasoline",25010,1.8,"Med"
"VW - VolksWagen","Golf","2004","Gasoline",24120,1.8,"Med"
"VW - VolksWagen","Golf","2014","Gasoline",45588,2,"Med"
"VW - VolksWagen","Golf","2013","Gasoline",43652,2,"Med"
"VW - VolksWagen","Golf","2012","Gasoline",41462,2,"Med"
"VW - VolksWagen","Golf","2011","Gasoline",37261,2,"Med"
"VW - VolksWagen","Golf","2010","Gasoline",35129,2,"Med"
"VW - VolksWagen","Golf","2009","Gasoline",31709,2,"Med"
"VW - VolksWagen","Golf","2008","Gasoline",30216,2,"Med"
"VW - VolksWagen","Golf","2007","Gasoline",28294,2,"Med"
"VW - VolksWagen","Golf","2006","Gasoline",25053,2,"Med"
"VW - VolksWagen","Golf","2005","Gasoline",22289,2,"Med"
"VW - VolksWagen","Golf","2004","Gasoline",20955,2,"Med"
"VW - VolksWagen","Golf","2003","Gasoline",18970,2,"Med"
"VW - VolksWagen","Golf","2002","Gasoline",18087,2,"Med"
"VW - VolksWagen","Golf","2001","Gasoline",17451,2,"Med"
"VW - VolksWagen","Golf","2000","Gasoline",16829,2,"Med"
"VW - VolksWagen","Golf","1999","Gasoline",15281,2,"Med"
"VW - VolksWagen","Golf","2009","Gasoline",31965,2,"Aut"
"VW - VolksWagen","Golf","2008","Gasoline",30977,2,"Aut"
"VW - VolksWagen","Golf","2007","Gasoline",29775,2,"Aut"
"VW - VolksWagen","Golf","2006","Gasoline",25560,2,"Aut"
"VW - VolksWagen","Golf","2005","Gasoline",23165,2,"Aut"
"VW - VolksWagen","Golf","2004","Gasoline",21179,2,"Aut"
"VW - VolksWagen","Golf","2003","Gasoline",20503,2,"Aut"
"VW - VolksWagen","Golf","2002","Gasoline",18741,2,"Aut"
"VW - VolksWagen","Golf","2001","Gasoline",17627,2,"Aut"
"VW - VolksWagen","Golf","2000","Gasoline",17026,2,"Aut"
"VW - VolksWagen","Golf","1999","Gasoline",16099,2,"Aut"
"VW - VolksWagen","Golf","2009","Gasoline",30785,2,"Med"
"VW - VolksWagen","Golf","2008","Gasoline",29804,2,"Med"
"VW - VolksWagen","Golf","2007","Gasoline",28897,2,"Med"
"VW - VolksWagen","Golf","2006","Gasoline",25134,2,"Med"
"VW - VolksWagen","Golf","2005","Gasoline",22683,2,"Med"
"VW - VolksWagen","Golf","2004","Gasoline",20761,2,"Med"
"VW - VolksWagen","Golf","2003","Gasoline",20054,2,"Med"
"VW - VolksWagen","Golf","2002","Gasoline",18727,2,"Med"
"VW - VolksWagen","Golf","2001","Gasoline",17611,2,"Med"
"VW - VolksWagen","Golf","2000","Gasoline",16979,2,"Med"
"VW - VolksWagen","Golf","1999","Gasoline",15123,2,"Med"
"VW - VolksWagen","Golf","2011","Gasoline",37144,2,"Med"
"VW - VolksWagen","Golf","2010","Gasoline",35061,2,"Med"
"VW - VolksWagen","Golf","2009","Gasoline",30545,2,"Med"
"VW - VolksWagen","Golf","2008","Gasoline",29414,2,"Med"
"VW - VolksWagen","Golf","2007","Gasoline",27364,2,"Med"
"VW - VolksWagen","Golf","2006","Gasoline",24308,2,"Med"
"VW - VolksWagen","Golf","2005","Gasoline",22054,2,"Med"
"VW - VolksWagen","Golf","2004","Gasoline",21047,2,"Med"
"VW - VolksWagen","Golf","2003","Gasoline",19957,2,"Med"
"VW - VolksWagen","Golf","2002","Gasoline",17096,2,"Med"
"VW - VolksWagen","Golf","2001","Gasoline",15998,2,"Med"
"VW - VolksWagen","Golf","2000","Gasoline",15002,2,"Med"
"VW - VolksWagen","Golf","1999","Gasoline",13592,2,"Med"
"VW - VolksWagen","Golf","Zero KM","Gasoline",76263,1,"Med"
"VW - VolksWagen","Golf","2017","Gasoline",70484,1,"Med"
"VW - VolksWagen","Golf","2015","Gasoline",68311,1.4,"Aut"
"VW - VolksWagen","Golf","2014","Gasoline",65910,1.4,"Aut"
"VW - VolksWagen","Golf","2015","Gasoline",63785,1.4,"Med"
"VW - VolksWagen","Golf","2014","Gasoline",61850,1.4,"Med"
"VW - VolksWagen","Golf","2016","Gasoline",70696,1.6,"Aut"
"VW - VolksWagen","Golf","2016","Gasoline",66648,1.6,"Med"
"VW - VolksWagen","Golf","2007","Gasoline",24652,1.6,"Med"
"VW - VolksWagen","Golf","2006","Gasoline",23745,1.6,"Med"
"VW - VolksWagen","Golf","1999","Gasoline",12692,1.8,"Med"
"VW - VolksWagen","Golf","1998","Gasoline",11222,1.8,"Med"
"VW - VolksWagen","Golf","1997","Gasoline",10528,1.8,"Med"
"VW - VolksWagen","Golf","1996","Gasoline",10124,1.8,"Med"
"VW - VolksWagen","Golf","1995","Gasoline",9271,1.8,"Med"
"VW - VolksWagen","Golf","1999","Gasoline",13224,2,"Med"
"VW - VolksWagen","Golf","1998","Gasoline",12758,2,"Med"
"VW - VolksWagen","Golf","1997","Gasoline",11324,2,"Med"
"VW - VolksWagen","Golf","1996","Gasoline",10661,2,"Med"
"VW - VolksWagen","Golf","1995","Gasoline",9000,2,"Med"
"VW - VolksWagen","Golf","2013","Gasoline",46661,2,"Med"
"VW - VolksWagen","Golf","2012","Gasoline",42295,2,"Med"
"VW - VolksWagen","Golf","2011","Gasoline",38451,2,"Med"
"VW - VolksWagen","Golf","2010","Gasoline",36402,2,"Med"
"VW - VolksWagen","Golf","2009","Gasoline",32140,2,"Med"
"VW - VolksWagen","Golf","2013","Gasoline",43865,2,"Med"
"VW - VolksWagen","Golf","2012","Gasoline",41511,2,"Med"
"VW - VolksWagen","Golf","2011","Gasoline",38055,2,"Med"
"VW - VolksWagen","Golf","2010","Gasoline",35553,2,"Med"
"VW - VolksWagen","Golf","2009","Gasoline",32106,2,"Med"
"VW - VolksWagen","Golf","2009","Gasoline",42024,1.8,"Med"
"VW - VolksWagen","Golf","2008","Gasoline",37964,1.8,"Med"
"VW - VolksWagen","Golf","2007","Gasoline",34675,1.8,"Med"
"VW - VolksWagen","Golf","2006","Gasoline",29594,1.8,"Med"
"VW - VolksWagen","Golf","2005","Gasoline",28130,1.8,"Med"
"VW - VolksWagen","Golf","2004","Gasoline",24757,1.8,"Med"
"VW - VolksWagen","Golf","2003","Gasoline",23486,1.8,"Med"
"VW - VolksWagen","Golf","2002","Gasoline",21854,1.8,"Med"
"VW - VolksWagen","Golf","2009","Gasoline",48202,1.8,"Med"
"VW - VolksWagen","Golf","2008","Gasoline",39426,1.8,"Med"
"VW - VolksWagen","Golf","2007","Gasoline",37649,1.8,"Med"
"VW - VolksWagen","Golf","2006","Gasoline",29826,1.8,"Med"
"VW - VolksWagen","Golf","2005","Gasoline",28453,1.8,"Med"
"VW - VolksWagen","Golf","2004","Gasoline",25702,1.8,"Med"
"VW - VolksWagen","Golf","2003","Gasoline",24289,1.8,"Med"
"VW - VolksWagen","Golf","2002","Gasoline",21965,1.8,"Med"
"VW - VolksWagen","Golf","2001","Gasoline",21548,1.8,"Med"
"VW - VolksWagen","Golf","2000","Gasoline",18589,1.8,"Med"
"VW - VolksWagen","Golf","1999","Gasoline",16855,1.8,"Med"
"VW - VolksWagen","Golf","2002","Gasoline",22956,1.8,"Aut"
"VW - VolksWagen","Golf","2001","Gasoline",21669,1.8,"Aut"
"VW - VolksWagen","Golf","2000","Gasoline",18874,1.8,"Aut"
"VW - VolksWagen","Golf","2002","Gasoline",23022,1.8,"Aut"
"VW - VolksWagen","Golf","2001","Gasoline",21880,1.8,"Aut"
"VW - VolksWagen","Golf","2000","Gasoline",20469,1.8,"Aut"
"VW - VolksWagen","Golf","2002","Gasoline",21804,1.8,"Med"
"VW - VolksWagen","Golf","2001","Gasoline",21101,1.8,"Med"
"VW - VolksWagen","Golf","2000","Gasoline",19088,1.8,"Med"
"VW - VolksWagen","Golf","1999","Gasoline",18360,1.8,"Med"
"VW - VolksWagen","Golf","1999","Gasoline",12840,1.8,"Med"
"VW - VolksWagen","Golf","1998","Gasoline",12351,1.8,"Med"
"VW - VolksWagen","Golf","1998","Gasoline",12349,2,"Med"
"VW - VolksWagen","Golf","1997","Gasoline",11845,2,"Med"
"VW - VolksWagen","Golf","1996","Gasoline",11356,2,"Med"
"VW - VolksWagen","Golf","1995","Gasoline",10895,2,"Med"
"VW - VolksWagen","Golf","1994","Gasoline",9105,2,"Med"
"VW - VolksWagen","Golf","Zero KM","Gasoline",137774,2,"Aut"
"VW - VolksWagen","Golf","2017","Gasoline",124885,2,"Aut"
"VW - VolksWagen","Golf","2016","Gasoline",119051,2,"Aut"
"VW - VolksWagen","Golf","2015","Gasoline",102856,2,"Aut"
"VW - VolksWagen","Golf","2014","Gasoline",95100,2,"Aut"
"VW - VolksWagen","Golf","1997","Gasoline",21678,2,"Med"
"VW - VolksWagen","Golf","1996","Gasoline",19164,2,"Med"
"VW - VolksWagen","Golf","1995","Gasoline",13749,2,"Med"
"VW - VolksWagen","Golf","1994","Gasoline",12741,2,"Med"
"VW - VolksWagen","Golf","1993","Gasoline",11291,2,"Med"
"VW - VolksWagen","Golf","1992","Gasoline",9789,2,"Med"
"VW - VolksWagen","Golf","2003","Gasoline",44313,2.8,"Med"
"VW - VolksWagen","Golf","1997","Gasoline",18391,2.8,"Med"
"VW - VolksWagen","Golf","1996","Gasoline",17309,2.8,"Med"
"VW - VolksWagen","Golf","1995","Gasoline",12821,2.8,"Med"
"VW - VolksWagen","Golf","2015","Gasoline",74318,1.4,"Aut"
"VW - VolksWagen","Golf","2014","Gasoline",71188,1.4,"Aut"
"VW - VolksWagen","Golf","2015","Gasoline",68389,1.4,"Med"
"VW - VolksWagen","Golf","2014","Gasoline",65834,1.4,"Med"
"VW - VolksWagen","Golf","Zero KM","Gasoline",110945,1.4,"Aut"
"VW - VolksWagen","Golf","2017","Gasoline",102010,1.4,"Aut"
"VW - VolksWagen","Golf","2016","Gasoline",96007,1.4,"Aut"
"VW - VolksWagen","Golf","Zero KM","Gasoline",107710,1.4,"Med"
"VW - VolksWagen","Golf","2017","Gasoline",98525,1.4,"Med"
"VW - VolksWagen","Golf","2016","Gasoline",84293,1.4,"Med"
"VW - VolksWagen","Golf","2010","Gasoline",34853,2,"Med"
"VW - VolksWagen","Golf","2010","Gasoline",40649,2,"Med"
"VW - VolksWagen","Golf","2014","Gasoline",45122,1.6,"Med"
"VW - VolksWagen","Golf","2013","Gasoline",43512,1.6,"Med"
"VW - VolksWagen","Golf","2012","Gasoline",41395,1.6,"Med"
"VW - VolksWagen","Golf","2011","Gasoline",37211,1.6,"Med"
"VW - VolksWagen","Golf","2010","Gasoline",35077,1.6,"Med"
"VW - VolksWagen","Golf","2009","Gasoline",31695,1.6,"Med"
"VW - VolksWagen","Golf","2008","Gasoline",30067,1.6,"Med"
"VW - VolksWagen","Golf","2014","Gasoline",47414,2,"Med"
"VW - VolksWagen","Golf","2013","Gasoline",44476,2,"Med"
"VW - VolksWagen","Golf","2012","Gasoline",41932,2,"Med"
"VW - VolksWagen","Golf","2011","Gasoline",38251,2,"Med"
"VW - VolksWagen","Golf","Zero KM","Gasoline",96987,1.4,"Med"
"VW - VolksWagen","Golf","2017","Gasoline",91327,1.4,"Med"
"VW - VolksWagen","Golf","2016","Gasoline",90091,1.4,"Aut"
"VW - VolksWagen","Golf","2015","Gasoline",85090,1.4,"Aut"
"VW - VolksWagen","Golf","2016","Gasoline",79672,1.4,"Med"
"VW - VolksWagen","Golf","Zero KM","Gasoline",115830,1.4,"Med"
"VW - VolksWagen","Golf","2017","Gasoline",108691,1.4,"Med"
"VW - VolksWagen","Golf","2016","Gasoline",99049,1.4,"Aut"
"VW - VolksWagen","Golf","2015","Gasoline",91301,1.4,"Aut"
"VW - VolksWagen","Grand","2003","Gasoline",14923,1.6,"Med"
"VW - VolksWagen","Grand","2002","Gasoline",12408,1.6,"Med"
"VW - VolksWagen","JETTA","1995","Gasoline",8730,2.8,"Med"
"VW - VolksWagen","JETTA","1994","Gasoline",7367,2.8,"Med"
"VW - VolksWagen","JETTA","2011","Gasoline",47011,2.5,"Med"
"VW - VolksWagen","JETTA","2010","Gasoline",37789,2.5,"Med"
"VW - VolksWagen","JETTA","2009","Gasoline",36112,2.5,"Med"
"VW - VolksWagen","JETTA","2008","Gasoline",32807,2.5,"Med"
"VW - VolksWagen","JETTA","2007","Gasoline",31386,2.5,"Med"
"VW - VolksWagen","JETTA","2014","Gasoline",55185,2,"Med"
"VW - VolksWagen","JETTA","2013","Gasoline",52448,2,"Med"
"VW - VolksWagen","JETTA","2012","Gasoline",45925,2,"Med"
"VW - VolksWagen","JETTA","2011","Gasoline",43988,2,"Med"
"VW - VolksWagen","JETTA","Zero KM","Gasoline",96003,1.4,"Aut"
"VW - VolksWagen","JETTA","2018","Gasoline",86985,1.4,"Aut"
"VW - VolksWagen","JETTA","2017","Gasoline",84106,1.4,"Aut"
"VW - VolksWagen","JETTA","2016","Gasoline",81102,1.4,"Aut"
"VW - VolksWagen","JETTA","2016","Gasoline",76707,2,"Med"
"VW - VolksWagen","JETTA","2015","Gasoline",66102,2,"Med"
"VW - VolksWagen","JETTA","2014","Gasoline",57850,2,"Med"
"VW - VolksWagen","JETTA","2013","Gasoline",53771,2,"Med"
"VW - VolksWagen","JETTA","2012","Gasoline",48368,2,"Med"
"VW - VolksWagen","JETTA","2011","Gasoline",45506,2,"Med"
"VW - VolksWagen","JETTA","Zero KM","Gasoline",107705,2,"Med"
"VW - VolksWagen","JETTA","2017","Gasoline",99894,2,"Med"
"VW - VolksWagen","JETTA","2016","Gasoline",96023,2,"Med"
"VW - VolksWagen","JETTA","2015","Gasoline",86470,2,"Med"
"VW - VolksWagen","JETTA","2014","Gasoline",71540,2,"Med"
"VW - VolksWagen","JETTA","2013","Gasoline",65647,2,"Med"
"VW - VolksWagen","JETTA","2012","Gasoline",57983,2,"Med"
"VW - VolksWagen","JETTA","2011","Gasoline",52901,2,"Med"
"VW - VolksWagen","JETTA","2017","Gasoline",77278,1.4,"Aut"
"VW - VolksWagen","JETTA","2016","Gasoline",71980,1.4,"Aut"
"VW - VolksWagen","JETTA","2017","Gasoline",72141,1.4,"Med"
"VW - VolksWagen","JETTA","2016","Gasoline",67424,1.4,"Med"
"VW - VolksWagen","JETTA","2016","Gasoline",68433,2,"Med"
"VW - VolksWagen","JETTA","2015","Gasoline",62352,2,"Med"
"VW - VolksWagen","JETTA","2013","Gasoline",58261,2.5,"Med"
"VW - VolksWagen","JETTA","2012","Gasoline",48836,2.5,"Med"
"VW - VolksWagen","JETTA","2011","Gasoline",47203,2.5,"Med"
"VW - VolksWagen","JETTA","2010","Gasoline",45427,2.5,"Med"
"VW - VolksWagen","JETTA","2009","Gasoline",36215,2.5,"Med"
"VW - VolksWagen","JETTA","2008","Gasoline",32857,2.5,"Med"
"VW - VolksWagen","Kombi","2006","Gasoline",18580,1.6,"Med"
"VW - VolksWagen","Kombi","2006","Gasoline",18580,1.6,"Med"
"VW - VolksWagen","Kombi","2005","Gasoline",17096,1.6,"Med"
"VW - VolksWagen","Kombi","2005","Gasoline",17096,1.6,"Med"
"VW - VolksWagen","Kombi","2004","Gasoline",16521,1.6,"Med"
"VW - VolksWagen","Kombi","2004","Gasoline",16521,1.6,"Med"
"VW - VolksWagen","Kombi","2003","Gasoline",15195,1.6,"Med"
"VW - VolksWagen","Kombi","2003","Gasoline",15195,1.6,"Med"
"VW - VolksWagen","Kombi","2002","Gasoline",14715,1.6,"Med"
"VW - VolksWagen","Kombi","2002","Gasoline",14715,1.6,"Med"
"VW - VolksWagen","Kombi","2001","Gasoline",13264,1.6,"Med"
"VW - VolksWagen","Kombi","2001","Gasoline",13264,1.6,"Med"
"VW - VolksWagen","Kombi","2000","Gasoline",12785,1.6,"Med"
"VW - VolksWagen","Kombi","2000","Gasoline",12785,1.6,"Med"
"VW - VolksWagen","Kombi","1999","Álcool",12296,1.6,"Med"
"VW - VolksWagen","Kombi","1999","Álcool",12296,1.6,"Med"
"VW - VolksWagen","Kombi","2014","Gasoline",34435,1.4,"Med"
"VW - VolksWagen","Kombi","2013","Gasoline",32984,1.4,"Med"
"VW - VolksWagen","Kombi","2012","Gasoline",30312,1.4,"Med"
"VW - VolksWagen","Kombi","2011","Gasoline",29326,1.4,"Med"
"VW - VolksWagen","Kombi","2010","Gasoline",26887,1.4,"Med"
"VW - VolksWagen","Kombi","2009","Gasoline",24787,1.4,"Med"
"VW - VolksWagen","Kombi","2008","Gasoline",23144,1.4,"Med"
"VW - VolksWagen","Kombi","2007","Gasoline",22232,1.4,"Med"
"VW - VolksWagen","Kombi","2006","Gasoline",18012,1.4,"Med"
"VW - VolksWagen","Kombi","2014","Gasoline",35095,1.4,"Med"
"VW - VolksWagen","Kombi","2013","Gasoline",30956,1.4,"Med"
"VW - VolksWagen","Kombi","2012","Gasoline",27770,1.4,"Med"
"VW - VolksWagen","Kombi","2011","Gasoline",24576,1.4,"Med"
"VW - VolksWagen","Kombi","2010","Gasoline",22028,1.4,"Med"
"VW - VolksWagen","Kombi","2009","Gasoline",21298,1.4,"Med"
"VW - VolksWagen","Kombi","2008","Gasoline",19088,1.4,"Med"
"VW - VolksWagen","Kombi","2007","Gasoline",17728,1.4,"Med"
"VW - VolksWagen","Kombi","2006","Gasoline",16240,1.4,"Med"
"VW - VolksWagen","Kombi","2014","Gasoline",78965,1.4,"Med"
"VW - VolksWagen","Kombi","2013","Gasoline",33835,1.4,"Med"
"VW - VolksWagen","Kombi","2012","Gasoline",31120,1.4,"Med"
"VW - VolksWagen","Kombi","2011","Gasoline",28484,1.4,"Med"
"VW - VolksWagen","Kombi","2010","Gasoline",25120,1.4,"Med"
"VW - VolksWagen","Kombi","2009","Gasoline",23413,1.4,"Med"
"VW - VolksWagen","Kombi","2008","Gasoline",21195,1.4,"Med"
"VW - VolksWagen","Kombi","2007","Gasoline",20120,1.4,"Med"
"VW - VolksWagen","Kombi","2006","Gasoline",18843,1.4,"Med"
"VW - VolksWagen","Kombi","2006","Álcool",18474,1.6,"Med"
"VW - VolksWagen","Kombi","2006","Álcool",18474,1.6,"Med"
"VW - VolksWagen","Kombi","2005","Álcool",17583,1.6,"Med"
"VW - VolksWagen","Kombi","2005","Álcool",17583,1.6,"Med"
"VW - VolksWagen","Kombi","2004","Álcool",16389,1.6,"Med"
"VW - VolksWagen","Kombi","2004","Álcool",16389,1.6,"Med"
"VW - VolksWagen","Kombi","2003","Gasoline",15986,1.6,"Med"
"VW - VolksWagen","Kombi","2003","Gasoline",15986,1.6,"Med"
"VW - VolksWagen","Kombi","2002","Álcool",15008,1.6,"Med"
"VW - VolksWagen","Kombi","2002","Álcool",15008,1.6,"Med"
"VW - VolksWagen","Kombi","2001","Gasoline",14112,1.6,"Med"
"VW - VolksWagen","Kombi","2000","Gasoline",13615,1.6,"Med"
"VW - VolksWagen","Kombi","1999","Gasoline",13141,1.6,"Med"
"VW - VolksWagen","Kombi","2014","Gasoline",35821,1.4,"Med"
"VW - VolksWagen","Kombi","2013","Gasoline",32755,1.4,"Med"
"VW - VolksWagen","Kombi","2012","Gasoline",29693,1.4,"Med"
"VW - VolksWagen","Kombi","2011","Gasoline",26258,1.4,"Med"
"VW - VolksWagen","Kombi","2010","Gasoline",24897,1.4,"Med"
"VW - VolksWagen","Kombi","2009","Gasoline",22939,1.4,"Med"
"VW - VolksWagen","Kombi","2008","Gasoline",21264,1.4,"Med"
"VW - VolksWagen","Kombi","2007","Gasoline",20618,1.4,"Med"
"VW - VolksWagen","Kombi","2006","Gasoline",18443,1.4,"Med"
"VW - VolksWagen","Logus","1997","Gasoline",6452,1.6,"Med"
"VW - VolksWagen","Logus","1997","Gasoline",6452,1.6,"Med"
"VW - VolksWagen","Logus","1996","Gasoline",6166,1.6,"Med"
"VW - VolksWagen","Logus","1996","Gasoline",6166,1.6,"Med"
"VW - VolksWagen","Logus","1995","Gasoline",5934,1.6,"Med"
"VW - VolksWagen","Logus","1995","Gasoline",5934,1.6,"Med"
"VW - VolksWagen","Logus","1994","Gasoline",5302,1.6,"Med"
"VW - VolksWagen","Logus","1993","Gasoline",5142,1.6,"Med"
"VW - VolksWagen","Logus","1997","Álcool",7466,1.8,"Med"
"VW - VolksWagen","Logus","1997","Álcool",7466,1.8,"Med"
"VW - VolksWagen","Logus","1996","Gasoline",6980,1.8,"Med"
"VW - VolksWagen","Logus","1996","Gasoline",6980,1.8,"Med"
"VW - VolksWagen","Logus","1995","Gasoline",6719,1.8,"Med"
"VW - VolksWagen","Logus","1995","Gasoline",6719,1.8,"Med"
"VW - VolksWagen","Logus","1994","Gasoline",5939,1.8,"Med"
"VW - VolksWagen","Logus","1993","Gasoline",5635,1.8,"Med"
"VW - VolksWagen","Logus","1997","Gasoline",8023,1.8,"Med"
"VW - VolksWagen","Logus","1996","Gasoline",7522,1.8,"Med"
"VW - VolksWagen","Logus","1996","Gasoline",7522,1.8,"Med"
"VW - VolksWagen","Logus","1995","Gasoline",7190,1.8,"Med"
"VW - VolksWagen","Logus","1995","Gasoline",7190,1.8,"Med"
"VW - VolksWagen","Logus","1994","Gasoline",6296,1.8,"Med"
"VW - VolksWagen","Logus","1993","Gasoline",6105,1.8,"Med"
"VW - VolksWagen","Logus","1994","Gasoline",6989,1.8,"Med"
"VW - VolksWagen","Logus","1993","Gasoline",6289,1.8,"Med"
"VW - VolksWagen","New","2010","Gasoline",39811,2,"Med"
"VW - VolksWagen","New","2009","Gasoline",36273,2,"Med"
"VW - VolksWagen","New","2008","Gasoline",33810,2,"Med"
"VW - VolksWagen","New","2007","Gasoline",32276,2,"Med"
"VW - VolksWagen","New","2006","Gasoline",31250,2,"Med"
"VW - VolksWagen","New","2005","Gasoline",28301,2,"Med"
"VW - VolksWagen","New","2003","Gasoline",27193,2,"Med"
"VW - VolksWagen","New","2002","Gasoline",26252,2,"Med"
"VW - VolksWagen","New","2001","Gasoline",24993,2,"Med"
"VW - VolksWagen","New","2000","Gasoline",24021,2,"Med"
"VW - VolksWagen","New","1999","Gasoline",22170,2,"Med"
"VW - VolksWagen","Parati","2002","Gasoline",13590,1,"Med"
"VW - VolksWagen","Parati","2001","Gasoline",11633,1,"Med"
"VW - VolksWagen","Parati","2003","Gasoline",15030,1,"Med"
"VW - VolksWagen","Parati","2002","Gasoline",13547,1,"Med"
"VW - VolksWagen","Parati","2001","Gasoline",11602,1,"Med"
"VW - VolksWagen","Parati","2002","Gasoline",14123,1,"Med"
"VW - VolksWagen","Parati","2001","Gasoline",11981,1,"Med"
"VW - VolksWagen","Parati","2003","Gasoline",15042,1,"Med"
"VW - VolksWagen","Parati","2002","Gasoline",14522,1,"Med"
"VW - VolksWagen","Parati","2009","Gasoline",22850,1.6,"Med"
"VW - VolksWagen","Parati","2008","Gasoline",21884,1.6,"Med"
"VW - VolksWagen","Parati","2007","Gasoline",21048,1.6,"Med"
"VW - VolksWagen","Parati","2006","Gasoline",20166,1.6,"Med"
"VW - VolksWagen","Parati","2005","Gasoline",18695,1.6,"Med"
"VW - VolksWagen","Parati","2004","Gasoline",18077,1.6,"Med"
"VW - VolksWagen","Parati","2004","Gasoline",18077,1.6,"Med"
"VW - VolksWagen","Parati","2003","Gasoline",17005,1.6,"Med"
"VW - VolksWagen","Parati","2003","Gasoline",17005,1.6,"Med"
"VW - VolksWagen","Parati","2002","Álcool",15384,1.6,"Med"
"VW - VolksWagen","Parati","2002","Álcool",15384,1.6,"Med"
"VW - VolksWagen","Parati","2001","Álcool",14170,1.6,"Med"
"VW - VolksWagen","Parati","2001","Álcool",14170,1.6,"Med"
"VW - VolksWagen","Parati","2000","Álcool",13286,1.6,"Med"
"VW - VolksWagen","Parati","2000","Álcool",13286,1.6,"Med"
"VW - VolksWagen","Parati","2013","Gasoline",26980,1.6,"Med"
"VW - VolksWagen","Parati","2012","Gasoline",25998,1.6,"Med"
"VW - VolksWagen","Parati","2011","Gasoline",24862,1.6,"Med"
"VW - VolksWagen","Parati","2010","Gasoline",23901,1.6,"Med"
"VW - VolksWagen","Parati","2009","Gasoline",23154,1.6,"Med"
"VW - VolksWagen","Parati","2008","Gasoline",22462,1.6,"Med"
"VW - VolksWagen","Parati","2007","Gasoline",21760,1.6,"Med"
"VW - VolksWagen","Parati","2006","Gasoline",20851,1.6,"Med"
"VW - VolksWagen","Parati","2005","Gasoline",18715,1.6,"Med"
"VW - VolksWagen","Parati","2004","Gasoline",18136,1.6,"Med"
"VW - VolksWagen","Parati","2003","Gasoline",17016,1.6,"Med"
"VW - VolksWagen","Parati","2005","Gasoline",19499,1.8,"Med"
"VW - VolksWagen","Parati","2005","Gasoline",21215,1.8,"Med"
"VW - VolksWagen","Parati","2009","Gasoline",24642,1.8,"Med"
"VW - VolksWagen","Parati","2008","Gasoline",23164,1.8,"Med"
"VW - VolksWagen","Parati","2007","Gasoline",21222,1.8,"Med"
"VW - VolksWagen","Parati","2006","Gasoline",19140,1.8,"Med"
"VW - VolksWagen","Parati","2005","Gasoline",17758,1.8,"Med"
"VW - VolksWagen","Parati","2008","Gasoline",23658,1.8,"Med"
"VW - VolksWagen","Parati","2007","Gasoline",22412,1.8,"Med"
"VW - VolksWagen","Parati","2006","Gasoline",21271,1.8,"Med"
"VW - VolksWagen","Parati","2005","Gasoline",18745,1.8,"Med"
"VW - VolksWagen","Parati","2003","Gasoline",17779,1.8,"Med"
"VW - VolksWagen","Parati","2002","Gasoline",16569,1.8,"Med"
"VW - VolksWagen","Parati","2005","Gasoline",18348,1.8,"Med"
"VW - VolksWagen","Parati","2004","Gasoline",17451,1.8,"Med"
"VW - VolksWagen","Parati","2003","Gasoline",16901,1.8,"Med"
"VW - VolksWagen","Parati","2002","Gasoline",15831,1.8,"Med"
"VW - VolksWagen","Parati","2001","Gasoline",14026,1.8,"Med"
"VW - VolksWagen","Parati","2000","Gasoline",12958,1.8,"Med"
"VW - VolksWagen","Parati","2003","Gasoline",18510,2,"Med"
"VW - VolksWagen","Parati","2002","Gasoline",16663,2,"Med"
"VW - VolksWagen","Parati","2005","Gasoline",19990,2,"Med"
"VW - VolksWagen","Parati","2004","Gasoline",19356,2,"Med"
"VW - VolksWagen","Parati","2003","Gasoline",18698,2,"Med"
"VW - VolksWagen","Parati","2002","Gasoline",17906,2,"Med"
"VW - VolksWagen","Parati","2001","Gasoline",15918,2,"Med"
"VW - VolksWagen","Parati","2000","Gasoline",15258,2,"Med"
"VW - VolksWagen","Parati","1999","Gasoline",12309,1.6,"Med"
"VW - VolksWagen","Parati","1999","Gasoline",12309,1.6,"Med"
"VW - VolksWagen","Parati","1998","Gasoline",11429,1.6,"Med"
"VW - VolksWagen","Parati","1998","Gasoline",11429,1.6,"Med"
"VW - VolksWagen","Parati","1997","Álcool",9729,1.6,"Med"
"VW - VolksWagen","Parati","1997","Álcool",9729,1.6,"Med"
"VW - VolksWagen","Parati","1986","Gasoline",3436,1.6,"Med"
"VW - VolksWagen","Parati","1999","Gasoline",12374,1.8,"Med"
"VW - VolksWagen","Parati","1998","Gasoline",11570,1.8,"Med"
"VW - VolksWagen","Parati","1998","Gasoline",11570,1.8,"Med"
"VW - VolksWagen","Parati","1997","Álcool",10009,1.8,"Med"
"VW - VolksWagen","Parati","1997","Álcool",10009,1.8,"Med"
"VW - VolksWagen","Parati","1996","Gasoline",9771,1.6,"Med"
"VW - VolksWagen","Parati","1996","Gasoline",9771,1.6,"Med"
"VW - VolksWagen","Parati","1995","Álcool",8254,1.6,"Med"
"VW - VolksWagen","Parati","1995","Álcool",8254,1.6,"Med"
"VW - VolksWagen","Parati","1994","Gasoline",9156,1.6,"Med"
"VW - VolksWagen","Parati","1993","Gasoline",8520,1.6,"Med"
"VW - VolksWagen","Parati","1992","Gasoline",8054,1.6,"Med"
"VW - VolksWagen","Parati","1991","Gasoline",7556,1.6,"Med"
"VW - VolksWagen","Parati","1990","Gasoline",6976,1.6,"Med"
"VW - VolksWagen","Parati","1989","Gasoline",6459,1.6,"Med"
"VW - VolksWagen","Parati","1988","Gasoline",5280,1.6,"Med"
"VW - VolksWagen","Parati","1987","Gasoline",4644,1.6,"Med"
"VW - VolksWagen","Parati","1996","Gasoline",10757,1.8,"Med"
"VW - VolksWagen","Parati","1996","Gasoline",10757,1.8,"Med"
"VW - VolksWagen","Parati","1995","Álcool",9056,1.8,"Med"
"VW - VolksWagen","Parati","1995","Álcool",9056,1.8,"Med"
"VW - VolksWagen","Parati","1994","Gasoline",10039,1.8,"Med"
"VW - VolksWagen","Parati","1993","Gasoline",9377,1.8,"Med"
"VW - VolksWagen","Parati","1992","Gasoline",8430,1.8,"Med"
"VW - VolksWagen","Parati","1991","Gasoline",7948,1.8,"Med"
"VW - VolksWagen","Parati","1990","Gasoline",7132,1.8,"Med"
"VW - VolksWagen","Parati","2007","Gasoline",20741,1.6,"Med"
"VW - VolksWagen","Parati","2006","Gasoline",20054,1.6,"Med"
"VW - VolksWagen","Parati","2007","Gasoline",22728,1.8,"Med"
"VW - VolksWagen","Parati","2006","Gasoline",21363,1.8,"Med"
"VW - VolksWagen","Parati","2005","Gasoline",18490,2,"Med"
"VW - VolksWagen","Parati","2004","Gasoline",17911,2,"Med"
"VW - VolksWagen","Parati","2003","Gasoline",17322,2,"Med"
"VW - VolksWagen","Parati","2003","Gasoline",17247,1.8,"Med"
"VW - VolksWagen","Parati","1998","Gasoline",11712,1.6,"Med"
"VW - VolksWagen","Parati","1997","Gasoline",10848,1.6,"Med"
"VW - VolksWagen","Parati","1991","Gasoline",7946,1.6,"Med"
"VW - VolksWagen","Parati","1990","Gasoline",7248,1.6,"Med"
"VW - VolksWagen","Parati","1989","Gasoline",6921,1.6,"Med"
"VW - VolksWagen","Parati","1988","Gasoline",5536,1.6,"Med"
"VW - VolksWagen","Parati","1987","Gasoline",4743,1.6,"Med"
"VW - VolksWagen","Parati","1986","Gasoline",4271,1.6,"Med"
"VW - VolksWagen","Parati","1999","Gasoline",13234,1.8,"Med"
"VW - VolksWagen","Parati","1998","Gasoline",12084,1.8,"Med"
"VW - VolksWagen","Parati","1997","Álcool",10460,1.8,"Med"
"VW - VolksWagen","Parati","1997","Álcool",10460,1.8,"Med"
"VW - VolksWagen","Parati","1996","Álcool",10601,1.8,"Med"
"VW - VolksWagen","Parati","1996","Álcool",10601,1.8,"Med"
"VW - VolksWagen","Parati","1995","Gasoline",10575,1.8,"Med"
"VW - VolksWagen","Parati","1995","Gasoline",10575,1.8,"Med"
"VW - VolksWagen","Parati","1994","Gasoline",10130,1.8,"Med"
"VW - VolksWagen","Parati","1993","Gasoline",9272,1.8,"Med"
"VW - VolksWagen","Parati","1992","Gasoline",8990,1.8,"Med"
"VW - VolksWagen","Parati","1991","Gasoline",8579,1.8,"Med"
"VW - VolksWagen","Parati","1990","Gasoline",8271,1.8,"Med"
"VW - VolksWagen","Parati","1989","Gasoline",7755,1.8,"Med"
"VW - VolksWagen","Parati","1988","Gasoline",5779,1.8,"Med"
"VW - VolksWagen","Parati","1987","Gasoline",4451,1.8,"Med"
"VW - VolksWagen","Parati","1999","Gasoline",14699,2,"Med"
"VW - VolksWagen","Parati","1998","Gasoline",12783,2,"Med"
"VW - VolksWagen","Parati","1997","Gasoline",11871,2,"Med"
"VW - VolksWagen","Parati","1997","Gasoline",13896,2,"Med"
"VW - VolksWagen","Parati","1996","Gasoline",13021,2,"Med"
"VW - VolksWagen","Parati","1995","Álcool",12557,2,"Med"
"VW - VolksWagen","Parati","1995","Álcool",12557,2,"Med"
"VW - VolksWagen","Parati","1994","Gasoline",12174,2,"Med"
"VW - VolksWagen","Parati","1993","Gasoline",11078,2,"Med"
"VW - VolksWagen","Parati","1992","Gasoline",10090,2,"Med"
"VW - VolksWagen","Parati","1991","Gasoline",9522,2,"Med"
"VW - VolksWagen","Parati","1990","Gasoline",9199,2,"Med"
"VW - VolksWagen","Parati","1989","Gasoline",7989,2,"Med"
"VW - VolksWagen","Parati","1988","Gasoline",6720,2,"Med"
"VW - VolksWagen","Parati","2000","Gasoline",22445,2,"Med"
"VW - VolksWagen","Parati","1999","Gasoline",18711,2,"Med"
"VW - VolksWagen","Parati","1998","Gasoline",15755,2,"Med"
"VW - VolksWagen","Parati","1997","Gasoline",14116,2,"Med"
"VW - VolksWagen","Parati","1996","Gasoline",13055,2,"Med"
"VW - VolksWagen","Parati","2013","Gasoline",31122,1.6,"Med"
"VW - VolksWagen","Parati","2012","Gasoline",30021,1.6,"Med"
"VW - VolksWagen","Parati","2011","Gasoline",27904,1.6,"Med"
"VW - VolksWagen","Parati","2010","Gasoline",26956,1.6,"Med"
"VW - VolksWagen","Parati","2009","Gasoline",25955,1.6,"Med"
"VW - VolksWagen","Parati","2008","Gasoline",24036,1.6,"Med"
"VW - VolksWagen","Parati","2009","Gasoline",26912,1.8,"Med"
"VW - VolksWagen","Parati","2008","Gasoline",24306,1.8,"Med"
"VW - VolksWagen","Parati","2012","Gasoline",28983,1.6,"Med"
"VW - VolksWagen","Parati","2011","Gasoline",24840,1.6,"Med"
"VW - VolksWagen","Parati","2010","Gasoline",22401,1.6,"Med"
"VW - VolksWagen","Parati","2009","Gasoline",21739,1.6,"Med"
"VW - VolksWagen","Parati","2003","Gasoline",15945,1.8,"Med"
"VW - VolksWagen","Parati","2002","Gasoline",13539,1.8,"Med"
"VW - VolksWagen","Passat","2001","Gasoline",19054,1.8,"Aut"
"VW - VolksWagen","Passat","2000","Gasoline",15312,1.8,"Aut"
"VW - VolksWagen","Passat","1999","Gasoline",13332,1.8,"Aut"
"VW - VolksWagen","Passat","2001","Gasoline",14938,1.8,"Med"
"VW - VolksWagen","Passat","2000","Gasoline",14011,1.8,"Med"
"VW - VolksWagen","Passat","1999","Gasoline",13254,1.8,"Med"
"VW - VolksWagen","Passat","1998","Gasoline",12754,1.8,"Med"
"VW - VolksWagen","Passat","1997","Gasoline",10248,1.8,"Med"
"VW - VolksWagen","Passat","2000","Gasoline",16487,1.8,"Med"
"VW - VolksWagen","Passat","1999","Gasoline",15682,1.8,"Med"
"VW - VolksWagen","Passat","2001","Gasoline",19302,2,"Med"
"VW - VolksWagen","Passat","1996","Gasoline",9442,2,"Med"
"VW - VolksWagen","Passat","1995","Gasoline",7708,2,"Med"
"VW - VolksWagen","Passat","1994","Gasoline",7252,2,"Med"
"VW - VolksWagen","Passat","1993","Gasoline",6858,2,"Med"
"VW - VolksWagen","Passat","1992","Gasoline",6072,2,"Med"
"VW - VolksWagen","Passat","1991","Gasoline",5809,2,"Med"
"VW - VolksWagen","Passat","2007","Gasoline",31773,2,"Med"
"VW - VolksWagen","Passat","2006","Gasoline",28134,2,"Med"
"VW - VolksWagen","Passat","2001","Gasoline",20184,2.8,"Med"
"VW - VolksWagen","Passat","2000","Gasoline",15751,2.8,"Med"
"VW - VolksWagen","Passat","1999","Gasoline",14860,2.8,"Med"
"VW - VolksWagen","Passat","1998","Gasoline",13074,2.8,"Med"
"VW - VolksWagen","Passat","2005","Gasoline",32353,2.8,"Med"
"VW - VolksWagen","Passat","2004","Gasoline",28891,2.8,"Med"
"VW - VolksWagen","Passat","2003","Gasoline",27124,2.8,"Med"
"VW - VolksWagen","Passat","2005","Gasoline",24567,2.8,"Med"
"VW - VolksWagen","Passat","2004","Gasoline",23320,2.8,"Med"
"VW - VolksWagen","Passat","2003","Gasoline",22624,2.8,"Med"
"VW - VolksWagen","Passat","2002","Gasoline",21703,2.8,"Med"
"VW - VolksWagen","Passat","2001","Gasoline",20930,2.8,"Med"
"VW - VolksWagen","Passat","2000","Gasoline",16751,2.8,"Med"
"VW - VolksWagen","Passat","1999","Gasoline",15978,2.8,"Med"
"VW - VolksWagen","Passat","1998","Gasoline",15451,2.8,"Med"
"VW - VolksWagen","Passat","2009","Gasoline",44479,3.2,"Med"
"VW - VolksWagen","Passat","2008","Gasoline",39488,3.2,"Med"
"VW - VolksWagen","Passat","2007","Gasoline",38169,3.2,"Med"
"VW - VolksWagen","Passat","2016","Gasoline",126114,2,"Med"
"VW - VolksWagen","Passat","2015","Gasoline",111804,2,"Med"
"VW - VolksWagen","Passat","2014","Gasoline",98309,2,"Med"
"VW - VolksWagen","Passat","2014","Gasoline",111188,3.6,"Med"
"VW - VolksWagen","Passat","2013","Gasoline",105439,3.6,"Med"
"VW - VolksWagen","Passat","2012","Gasoline",92283,3.6,"Med"
"VW - VolksWagen","Passat","2011","Gasoline",78506,3.6,"Med"
"VW - VolksWagen","Passat","2010","Gasoline",72548,3.6,"Med"
"VW - VolksWagen","Passat","2009","Gasoline",65604,3.6,"Med"
"VW - VolksWagen","Passat","2016","Gasoline",125945,2,"Med"
"VW - VolksWagen","Passat","Zero KM","Gasoline",165901,2,"Med"
"VW - VolksWagen","Passat","2018","Gasoline",153095,2,"Med"
"VW - VolksWagen","Passat","2017","Gasoline",145138,2,"Med"
"VW - VolksWagen","Passat","2016","Gasoline",140375,2,"Med"
"VW - VolksWagen","Passat","2014","Gasoline",112844,2,"Med"
"VW - VolksWagen","Passat","2015","Gasoline",93176,2,"Med"
"VW - VolksWagen","Passat","2014","Gasoline",81591,2,"Med"
"VW - VolksWagen","Passat","2013","Gasoline",77401,2,"Med"
"VW - VolksWagen","Passat","2012","Gasoline",63472,2,"Med"
"VW - VolksWagen","Passat","2011","Gasoline",59261,2,"Med"
"VW - VolksWagen","Passat","2010","Gasoline",43112,2,"Med"
"VW - VolksWagen","Passat","2009","Gasoline",39800,2,"Med"
"VW - VolksWagen","Passat","2008","Gasoline",35854,2,"Med"
"VW - VolksWagen","Passat","2007","Gasoline",34071,2,"Med"
"VW - VolksWagen","Passat","2005","Gasoline",22965,1.8,"Med"
"VW - VolksWagen","Passat","2004","Gasoline",21464,1.8,"Med"
"VW - VolksWagen","Passat","2003","Gasoline",20409,1.8,"Med"
"VW - VolksWagen","Passat","2002","Gasoline",19115,1.8,"Med"
"VW - VolksWagen","Passat","2001","Gasoline",18015,1.8,"Med"
"VW - VolksWagen","Passat","2000","Gasoline",16069,1.8,"Med"
"VW - VolksWagen","Passat","1999","Gasoline",15475,1.8,"Med"
"VW - VolksWagen","Passat","1998","Gasoline",12990,1.8,"Med"
"VW - VolksWagen","Passat","2005","Gasoline",23089,1.8,"Med"
"VW - VolksWagen","Passat","2004","Gasoline",21509,1.8,"Med"
"VW - VolksWagen","Passat","2003","Gasoline",20452,1.8,"Med"
"VW - VolksWagen","Passat","2002","Gasoline",19302,1.8,"Med"
"VW - VolksWagen","Passat","2001","Gasoline",18693,1.8,"Med"
"VW - VolksWagen","Passat","2000","Gasoline",16146,1.8,"Med"
"VW - VolksWagen","Passat","1999","Gasoline",15551,1.8,"Med"
"VW - VolksWagen","Passat","1998","Gasoline",14521,1.8,"Med"
"VW - VolksWagen","Passat","2007","Gasoline",34410,2,"Med"
"VW - VolksWagen","Passat","2006","Gasoline",31170,2,"Med"
"VW - VolksWagen","Passat","2000","Gasoline",15951,1.8,"Aut"
"VW - VolksWagen","Passat","1999","Gasoline",14349,1.8,"Aut"
"VW - VolksWagen","Passat","2001","Gasoline",18391,1.8,"Med"
"VW - VolksWagen","Passat","2000","Gasoline",15902,1.8,"Med"
"VW - VolksWagen","Passat","1999","Gasoline",14199,1.8,"Med"
"VW - VolksWagen","Passat","1998","Gasoline",13400,1.8,"Med"
"VW - VolksWagen","Passat","1996","Gasoline",10362,2,"Med"
"VW - VolksWagen","Passat","1995","Gasoline",9762,2,"Med"
"VW - VolksWagen","Passat","1994","Gasoline",8147,2,"Med"
"VW - VolksWagen","Passat","1993","Gasoline",7723,2,"Med"
"VW - VolksWagen","Passat","1992","Gasoline",6980,2,"Med"
"VW - VolksWagen","Passat","1991","Gasoline",6723,2,"Med"
"VW - VolksWagen","Passat","2000","Gasoline",16238,2.8,"Med"
"VW - VolksWagen","Passat","1999","Gasoline",15454,2.8,"Med"
"VW - VolksWagen","Passat","1998","Gasoline",14963,2.8,"Med"
"VW - VolksWagen","Passat","2005","Gasoline",31241,2.8,"Med"
"VW - VolksWagen","Passat","2004","Gasoline",29539,2.8,"Med"
"VW - VolksWagen","Passat","2003","Gasoline",25813,2.8,"Med"
"VW - VolksWagen","Passat","2002","Gasoline",23154,2.8,"Med"
"VW - VolksWagen","Passat","2001","Gasoline",22463,2.8,"Med"
"VW - VolksWagen","Passat","2000","Gasoline",16783,2.8,"Med"
"VW - VolksWagen","Passat","1999","Gasoline",16008,2.8,"Med"
"VW - VolksWagen","Passat","2010","Gasoline",61226,3.2,"Med"
"VW - VolksWagen","Passat","2009","Gasoline",49396,3.2,"Med"
"VW - VolksWagen","Passat","2008","Gasoline",43937,3.2,"Med"
"VW - VolksWagen","Passat","2007","Gasoline",39847,3.2,"Med"
"VW - VolksWagen","Passat","2014","Gasoline",116973,2,"Med"
"VW - VolksWagen","Passat","2004","Gasoline",23917,1.8,"Med"
"VW - VolksWagen","Passat","2003","Gasoline",22761,1.8,"Med"
"VW - VolksWagen","Passat","2002","Gasoline",20099,1.8,"Med"
"VW - VolksWagen","Passat","2001","Gasoline",18688,1.8,"Med"
"VW - VolksWagen","Passat","2000","Gasoline",17015,1.8,"Med"
"VW - VolksWagen","Passat","1999","Gasoline",15543,1.8,"Med"
"VW - VolksWagen","Passat","1998","Gasoline",15054,1.8,"Med"
"VW - VolksWagen","Passat","2005","Gasoline",26649,1.8,"Med"
"VW - VolksWagen","Passat","2004","Gasoline",24127,1.8,"Med"
"VW - VolksWagen","Passat","2003","Gasoline",23412,1.8,"Med"
"VW - VolksWagen","Passat","2002","Gasoline",21954,1.8,"Med"
"VW - VolksWagen","Passat","2001","Gasoline",20438,1.8,"Med"
"VW - VolksWagen","Passat","2000","Gasoline",18224,1.8,"Med"
"VW - VolksWagen","Passat","1999","Gasoline",16942,1.8,"Med"
"VW - VolksWagen","Passat","1998","Gasoline",16369,1.8,"Med"
"VW - VolksWagen","Passat","2015","Gasoline",108866,2,"Med"
"VW - VolksWagen","Passat","2014","Gasoline",99856,2,"Med"
"VW - VolksWagen","Passat","2013","Gasoline",96683,2,"Med"
"VW - VolksWagen","Passat","2012","Gasoline",63793,2,"Med"
"VW - VolksWagen","Passat","2011","Gasoline",61349,2,"Med"
"VW - VolksWagen","Passat","2010","Gasoline",43320,2,"Med"
"VW - VolksWagen","Passat","2009","Gasoline",40678,2,"Med"
"VW - VolksWagen","Passat","2008","Gasoline",35964,2,"Med"
"VW - VolksWagen","Passat","2007","Gasoline",34491,2,"Med"
"VW - VolksWagen","Passat","1996","Gasoline",11652,2.8,"Med"
"VW - VolksWagen","Passat","1995","Gasoline",11169,2.8,"Med"
"VW - VolksWagen","Passat","1994","Gasoline",9284,2.8,"Med"
"VW - VolksWagen","Passat","1993","Gasoline",8936,2.8,"Med"
"VW - VolksWagen","Passat","1992","Gasoline",8480,2.8,"Med"
"VW - VolksWagen","Passat","1991","Gasoline",8050,2.8,"Med"
"VW - VolksWagen","Passat","1996","Gasoline",11495,2.8,"Med"
"VW - VolksWagen","Passat","1995","Gasoline",11123,2.8,"Med"
"VW - VolksWagen","Passat","1994","Gasoline",9015,2.8,"Med"
"VW - VolksWagen","Passat","1993","Gasoline",8514,2.8,"Med"
"VW - VolksWagen","Passat","1992","Gasoline",8119,2.8,"Med"
"VW - VolksWagen","Passat","1991","Gasoline",7486,2.8,"Med"
"VW - VolksWagen","Pointer","1996","Álcool",5881,1.8,"Med"
"VW - VolksWagen","Pointer","1996","Álcool",5881,1.8,"Med"
"VW - VolksWagen","Pointer","1995","Álcool",5352,1.8,"Med"
"VW - VolksWagen","Pointer","1995","Álcool",5352,1.8,"Med"
"VW - VolksWagen","Pointer","1994","Gasoline",5094,1.8,"Med"
"VW - VolksWagen","Pointer","1996","Álcool",8100,1.8,"Med"
"VW - VolksWagen","Pointer","1996","Álcool",8100,1.8,"Med"
"VW - VolksWagen","Pointer","1995","Gasoline",7285,1.8,"Med"
"VW - VolksWagen","Pointer","1995","Gasoline",7285,1.8,"Med"
"VW - VolksWagen","Pointer","1994","Gasoline",6296,1.8,"Med"
"VW - VolksWagen","Pointer","1996","Álcool",8513,2,"Med"
"VW - VolksWagen","Pointer","1996","Álcool",8513,2,"Med"
"VW - VolksWagen","Pointer","1995","Álcool",6735,2,"Med"
"VW - VolksWagen","Pointer","1995","Álcool",6735,2,"Med"
"VW - VolksWagen","Pointer","1994","Gasoline",6700,2,"Med"
"VW - VolksWagen","Pointer","1996","Álcool",9892,2,"Med"
"VW - VolksWagen","Pointer","1996","Álcool",9892,2,"Med"
"VW - VolksWagen","Pointer","1995","Álcool",9400,2,"Med"
"VW - VolksWagen","Pointer","1995","Álcool",9400,2,"Med"
"VW - VolksWagen","Pointer","1994","Gasoline",8030,2,"Med"
"VW - VolksWagen","Polo","Zero KM","Gasoline",50702,1,"Med"
"VW - VolksWagen","Polo","2018","Gasoline",44188,1,"Med"
"VW - VolksWagen","Polo","2003","Gasoline",15388,1,"Med"
"VW - VolksWagen","Polo","2013","Gasoline",36475,1.6,"Med"
"VW - VolksWagen","Polo","2012","Gasoline",31083,1.6,"Med"
"VW - VolksWagen","Polo","2011","Gasoline",28685,1.6,"Med"
"VW - VolksWagen","Polo","2010","Gasoline",26336,1.6,"Med"
"VW - VolksWagen","Polo","2005","Gasoline",17788,1.6,"Med"
"VW - VolksWagen","Polo","2004","Gasoline",16576,1.6,"Med"
"VW - VolksWagen","Polo","2003","Gasoline",15942,1.6,"Med"
"VW - VolksWagen","Polo","2015","Gasoline",39682,1.6,"Med"
"VW - VolksWagen","Polo","2014","Gasoline",36409,1.6,"Med"
"VW - VolksWagen","Polo","2013","Gasoline",33700,1.6,"Med"
"VW - VolksWagen","Polo","2012","Gasoline",31095,1.6,"Med"
"VW - VolksWagen","Polo","2011","Gasoline",27811,1.6,"Med"
"VW - VolksWagen","Polo","2010","Gasoline",26420,1.6,"Med"
"VW - VolksWagen","Polo","2009","Gasoline",24225,1.6,"Med"
"VW - VolksWagen","Polo","2008","Gasoline",22731,1.6,"Med"
"VW - VolksWagen","Polo","2007","Gasoline",21788,1.6,"Med"
"VW - VolksWagen","Polo","2006","Gasoline",20032,1.6,"Med"
"VW - VolksWagen","Polo","2005","Gasoline",17854,1.6,"Med"
"VW - VolksWagen","Polo","Zero KM","Gasoline",55955,1.6,"Med"
"VW - VolksWagen","Polo","2018","Gasoline",50015,1.6,"Med"
"VW - VolksWagen","Polo","2004","Gasoline",17711,2,"Med"
"VW - VolksWagen","Polo","2003","Gasoline",15283,2,"Med"
"VW - VolksWagen","Polo","2015","Gasoline",44074,1.6,"Med"
"VW - VolksWagen","Polo","2014","Gasoline",37819,1.6,"Med"
"VW - VolksWagen","Polo","2013","Gasoline",33957,1.6,"Med"
"VW - VolksWagen","Polo","2012","Gasoline",31441,1.6,"Med"
"VW - VolksWagen","Polo","2011","Gasoline",28005,1.6,"Med"
"VW - VolksWagen","Polo","2010","Gasoline",27063,1.6,"Med"
"VW - VolksWagen","Polo","2009","Gasoline",24372,1.6,"Med"
"VW - VolksWagen","Polo","2001","Gasoline",10827,1,"Med"
"VW - VolksWagen","Polo","2002","Gasoline",11405,1.8,"Med"
"VW - VolksWagen","Polo","2001","Gasoline",10950,1.8,"Med"
"VW - VolksWagen","Polo","2000","Gasoline",10495,1.8,"Med"
"VW - VolksWagen","Polo","1999","Gasoline",10120,1.8,"Med"
"VW - VolksWagen","Polo","1998","Gasoline",9757,1.8,"Med"
"VW - VolksWagen","Polo","1997","Gasoline",8322,1.8,"Med"
"VW - VolksWagen","Polo","Zero KM","Gasoline",66761,1,"Aut"
"VW - VolksWagen","Polo","2018","Gasoline",57673,1,"Aut"
"VW - VolksWagen","Polo","2012","Gasoline",35311,2,"Med"
"VW - VolksWagen","Polo","2011","Gasoline",33910,2,"Med"
"VW - VolksWagen","Polo","2010","Gasoline",29957,2,"Med"
"VW - VolksWagen","Polo","2009","Gasoline",26477,2,"Med"
"VW - VolksWagen","Polo","2007","Gasoline",44014,1.8,"Med"
"VW - VolksWagen","Polo","Zero KM","Gasoline",71328,1,"Aut"
"VW - VolksWagen","Polo","2018","Gasoline",63013,1,"Aut"
"VW - VolksWagen","Polo","2015","Gasoline",41362,1.6,"Med"
"VW - VolksWagen","Polo","2014","Gasoline",36485,1.6,"Med"
"VW - VolksWagen","Polo","2013","Gasoline",33744,1.6,"Med"
"VW - VolksWagen","Polo","2012","Gasoline",31112,1.6,"Med"
"VW - VolksWagen","Polo","2011","Gasoline",27933,1.6,"Med"
"VW - VolksWagen","Polo","2010","Gasoline",26806,1.6,"Med"
"VW - VolksWagen","Polo","2003","Gasoline",15849,1.6,"Med"
"VW - VolksWagen","Polo","2015","Gasoline",43818,1.6,"Med"
"VW - VolksWagen","Polo","2014","Gasoline",37695,1.6,"Med"
"VW - VolksWagen","Polo","2013","Gasoline",35047,1.6,"Med"
"VW - VolksWagen","Polo","2012","Gasoline",31215,1.6,"Med"
"VW - VolksWagen","Polo","2011","Gasoline",28851,1.6,"Med"
"VW - VolksWagen","Polo","2010","Gasoline",27178,1.6,"Med"
"VW - VolksWagen","Polo","2009","Gasoline",24589,1.6,"Med"
"VW - VolksWagen","Polo","2008","Gasoline",23287,1.6,"Med"
"VW - VolksWagen","Polo","2007","Gasoline",22192,1.6,"Med"
"VW - VolksWagen","Polo","2006","Gasoline",20423,1.6,"Med"
"VW - VolksWagen","Polo","2005","Gasoline",18398,1.6,"Med"
"VW - VolksWagen","Polo","2015","Gasoline",45798,2,"Med"
"VW - VolksWagen","Polo","2014","Gasoline",37915,2,"Med"
"VW - VolksWagen","Polo","2013","Gasoline",35112,2,"Med"
"VW - VolksWagen","Polo","2012","Gasoline",31585,2,"Med"
"VW - VolksWagen","Polo","2011","Gasoline",29250,2,"Med"
"VW - VolksWagen","Polo","2010","Gasoline",27500,2,"Med"
"VW - VolksWagen","Polo","2009","Gasoline",25401,2,"Med"
"VW - VolksWagen","Polo","2008","Gasoline",24380,2,"Med"
"VW - VolksWagen","Polo","2007","Gasoline",23182,2,"Med"
"VW - VolksWagen","Polo","2006","Gasoline",22014,2,"Med"
"VW - VolksWagen","Polo","2005","Gasoline",18494,2,"Med"
"VW - VolksWagen","Polo","2004","Gasoline",17586,2,"Med"
"VW - VolksWagen","Polo","2003","Gasoline",16569,2,"Med"
"VW - VolksWagen","Polo","2015","Gasoline",44094,1.6,"Med"
"VW - VolksWagen","Polo","2014","Gasoline",37895,1.6,"Med"
"VW - VolksWagen","Polo","2013","Gasoline",35085,1.6,"Med"
"VW - VolksWagen","Polo","2012","Gasoline",31445,1.6,"Med"
"VW - VolksWagen","Polo","2011","Gasoline",29051,1.6,"Med"
"VW - VolksWagen","Polo","2010","Gasoline",27451,1.6,"Med"
"VW - VolksWagen","Polo","2005","Gasoline",18245,1.6,"Med"
"VW - VolksWagen","Polo","2004","Gasoline",17485,1.6,"Med"
"VW - VolksWagen","Polo","2003","Gasoline",16215,1.6,"Med"
"VW - VolksWagen","Polo","2015","Gasoline",42126,1.6,"Med"
"VW - VolksWagen","Polo","2014","Gasoline",34182,1.6,"Med"
"VW - VolksWagen","Polo","2013","Gasoline",31875,1.6,"Med"
"VW - VolksWagen","Polo","2012","Gasoline",29954,1.6,"Med"
"VW - VolksWagen","Polo","2011","Gasoline",27587,1.6,"Med"
"VW - VolksWagen","Polo","2010","Gasoline",25548,1.6,"Med"
"VW - VolksWagen","Polo","2009","Gasoline",22521,1.6,"Med"
"VW - VolksWagen","Polo","2008","Gasoline",21784,1.6,"Med"
"VW - VolksWagen","Polo","2007","Gasoline",20179,1.6,"Med"
"VW - VolksWagen","Polo","2006","Gasoline",19401,1.6,"Med"
"VW - VolksWagen","Polo","2005","Gasoline",18250,1.6,"Med"
"VW - VolksWagen","Polo","2005","Gasoline",18163,1.6,"Med"
"VW - VolksWagen","Polo","2015","Gasoline",43349,1.6,"Med"
"VW - VolksWagen","Polo","2014","Gasoline",37595,1.6,"Med"
"VW - VolksWagen","Polo","2013","Gasoline",34510,1.6,"Med"
"VW - VolksWagen","Polo","2012","Gasoline",31195,1.6,"Med"
"VW - VolksWagen","Polo","2011","Gasoline",28410,1.6,"Med"
"VW - VolksWagen","Polo","2010","Gasoline",27055,1.6,"Med"
"VW - VolksWagen","Polo","2015","Gasoline",42785,1.6,"Med"
"VW - VolksWagen","Polo","2014","Gasoline",37485,1.6,"Med"
"VW - VolksWagen","Polo","2013","Gasoline",34431,1.6,"Med"
"VW - VolksWagen","Polo","2012","Gasoline",31175,1.6,"Med"
"VW - VolksWagen","Polo","2011","Gasoline",28321,1.6,"Med"
"VW - VolksWagen","Polo","2010","Gasoline",27025,1.6,"Med"
"VW - VolksWagen","Polo","2009","Gasoline",25531,1.6,"Med"
"VW - VolksWagen","Polo","2008","Gasoline",23981,1.6,"Med"
"VW - VolksWagen","Polo","2007","Gasoline",22908,1.6,"Med"
"VW - VolksWagen","Polo","2006","Gasoline",20045,1.6,"Med"
"VW - VolksWagen","Polo","2005","Gasoline",18124,1.6,"Med"
"VW - VolksWagen","Polo","2013","Gasoline",37473,2,"Med"
"VW - VolksWagen","Polo","2012","Gasoline",31888,2,"Med"
"VW - VolksWagen","Polo","2015","Gasoline",44102,1.6,"Med"
"VW - VolksWagen","Polo","2014","Gasoline",39498,1.6,"Med"
"VW - VolksWagen","Polo","2013","Gasoline",35095,1.6,"Med"
"VW - VolksWagen","Polo","2012","Gasoline",31691,1.6,"Med"
"VW - VolksWagen","Polo","2011","Gasoline",28912,1.6,"Med"
"VW - VolksWagen","Polo","2010","Gasoline",27451,1.6,"Med"
"VW - VolksWagen","Quantum","2002","Gasoline",12754,1.8,"Med"
"VW - VolksWagen","Quantum","2002","Gasoline",12754,1.8,"Med"
"VW - VolksWagen","Quantum","2001","Gasoline",12201,1.8,"Med"
"VW - VolksWagen","Quantum","2001","Gasoline",12201,1.8,"Med"
"VW - VolksWagen","Quantum","2000","Gasoline",10912,1.8,"Med"
"VW - VolksWagen","Quantum","2000","Gasoline",10912,1.8,"Med"
"VW - VolksWagen","Quantum","1999","Álcool",10784,1.8,"Med"
"VW - VolksWagen","Quantum","1999","Álcool",10784,1.8,"Med"
"VW - VolksWagen","Quantum","1998","Álcool",9313,1.8,"Med"
"VW - VolksWagen","Quantum","1998","Álcool",9313,1.8,"Med"
"VW - VolksWagen","Quantum","1997","Álcool",7849,1.8,"Med"
"VW - VolksWagen","Quantum","1997","Álcool",7849,1.8,"Med"
"VW - VolksWagen","Quantum","1996","Álcool",7040,1.8,"Med"
"VW - VolksWagen","Quantum","1996","Álcool",7040,1.8,"Med"
"VW - VolksWagen","Quantum","2002","Gasoline",15003,2,"Med"
"VW - VolksWagen","Quantum","2001","Gasoline",14383,2,"Med"
"VW - VolksWagen","Quantum","2000","Gasoline",13398,2,"Med"
"VW - VolksWagen","Quantum","1999","Gasoline",12841,2,"Med"
"VW - VolksWagen","Quantum","1998","Gasoline",11500,2,"Med"
"VW - VolksWagen","Quantum","1997","Gasoline",10945,2,"Med"
"VW - VolksWagen","Quantum","1996","Álcool",8776,2,"Med"
"VW - VolksWagen","Quantum","1996","Álcool",8776,2,"Med"
"VW - VolksWagen","Quantum","1996","Gasoline",9214,1.8,"Med"
"VW - VolksWagen","Quantum","1996","Gasoline",9214,1.8,"Med"
"VW - VolksWagen","Quantum","1995","Gasoline",8540,1.8,"Med"
"VW - VolksWagen","Quantum","1995","Gasoline",8540,1.8,"Med"
"VW - VolksWagen","Quantum","1994","Gasoline",7477,1.8,"Med"
"VW - VolksWagen","Quantum","1993","Gasoline",7233,1.8,"Med"
"VW - VolksWagen","Quantum","1992","Gasoline",7019,1.8,"Med"
"VW - VolksWagen","Quantum","1991","Gasoline",6257,1.8,"Med"
"VW - VolksWagen","Quantum","1990","Gasoline",5547,1.8,"Med"
"VW - VolksWagen","Quantum","1989","Gasoline",5364,1.8,"Med"
"VW - VolksWagen","Quantum","1988","Gasoline",5110,1.8,"Med"
"VW - VolksWagen","Quantum","1987","Gasoline",4771,1.8,"Med"
"VW - VolksWagen","Quantum","1986","Gasoline",4347,1.8,"Med"
"VW - VolksWagen","Quantum","1985","Gasoline",3437,1.8,"Med"
"VW - VolksWagen","Quantum","1999","Gasoline",11442,2,"Med"
"VW - VolksWagen","Quantum","1998","Gasoline",10747,2,"Med"
"VW - VolksWagen","Quantum","1997","Gasoline",10211,2,"Med"
"VW - VolksWagen","Quantum","1996","Gasoline",8695,2,"Med"
"VW - VolksWagen","Quantum","1999","Gasoline",14559,2,"Med"
"VW - VolksWagen","Quantum","1998","Gasoline",13022,2,"Med"
"VW - VolksWagen","Quantum","1997","Gasoline",12366,2,"Med"
"VW - VolksWagen","Quantum","1996","Gasoline",11327,2,"Med"
"VW - VolksWagen","Quantum","1996","Gasoline",9550,1.8,"Med"
"VW - VolksWagen","Quantum","1996","Gasoline",9550,1.8,"Med"
"VW - VolksWagen","Quantum","1995","Gasoline",8900,1.8,"Med"
"VW - VolksWagen","Quantum","1995","Gasoline",8900,1.8,"Med"
"VW - VolksWagen","Quantum","1994","Gasoline",7584,1.8,"Med"
"VW - VolksWagen","Quantum","1993","Gasoline",7321,1.8,"Med"
"VW - VolksWagen","Quantum","1992","Gasoline",6986,1.8,"Med"
"VW - VolksWagen","Quantum","1991","Gasoline",6538,1.8,"Med"
"VW - VolksWagen","Quantum","1990","Gasoline",6308,1.8,"Med"
"VW - VolksWagen","Quantum","1989","Gasoline",6096,1.8,"Med"
"VW - VolksWagen","Quantum","1988","Gasoline",5475,1.8,"Med"
"VW - VolksWagen","Quantum","1987","Gasoline",4672,1.8,"Med"
"VW - VolksWagen","Quantum","1997","Gasoline",13466,1.8,"Med"
"VW - VolksWagen","Quantum","1996","Gasoline",12800,1.8,"Med"
"VW - VolksWagen","Quantum","1996","Gasoline",12800,1.8,"Med"
"VW - VolksWagen","Quantum","1995","Gasoline",12316,1.8,"Med"
"VW - VolksWagen","Quantum","1995","Gasoline",12316,1.8,"Med"
"VW - VolksWagen","Quantum","1994","Gasoline",10571,1.8,"Med"
"VW - VolksWagen","Quantum","1993","Gasoline",9327,1.8,"Med"
"VW - VolksWagen","Quantum","1992","Gasoline",8948,1.8,"Med"
"VW - VolksWagen","Quantum","1991","Gasoline",7315,1.8,"Med"
"VW - VolksWagen","Quantum","1990","Gasoline",7088,1.8,"Med"
"VW - VolksWagen","Quantum","1989","Gasoline",6857,1.8,"Med"
"VW - VolksWagen","Quantum","1988","Gasoline",6304,1.8,"Med"
"VW - VolksWagen","Quantum","1987","Gasoline",4717,1.8,"Med"
"VW - VolksWagen","Santana","2006","Gasoline",17815,1.8,"Med"
"VW - VolksWagen","Santana","2006","Gasoline",17815,1.8,"Med"
"VW - VolksWagen","Santana","2005","Álcool",16772,1.8,"Med"
"VW - VolksWagen","Santana","2005","Álcool",16772,1.8,"Med"
"VW - VolksWagen","Santana","2004","Álcool",15537,1.8,"Med"
"VW - VolksWagen","Santana","2004","Álcool",15537,1.8,"Med"
"VW - VolksWagen","Santana","2003","Gasoline",14798,1.8,"Med"
"VW - VolksWagen","Santana","2003","Gasoline",14798,1.8,"Med"
"VW - VolksWagen","Santana","2002","Álcool",14318,1.8,"Med"
"VW - VolksWagen","Santana","2002","Álcool",14318,1.8,"Med"
"VW - VolksWagen","Santana","2001","Álcool",13826,1.8,"Med"
"VW - VolksWagen","Santana","2001","Álcool",13826,1.8,"Med"
"VW - VolksWagen","Santana","2000","Álcool",13180,1.8,"Med"
"VW - VolksWagen","Santana","2000","Álcool",13180,1.8,"Med"
"VW - VolksWagen","Santana","1999","Álcool",11505,1.8,"Med"
"VW - VolksWagen","Santana","1999","Álcool",11505,1.8,"Med"
"VW - VolksWagen","Santana","1998","Álcool",10373,1.8,"Med"
"VW - VolksWagen","Santana","1998","Álcool",10373,1.8,"Med"
"VW - VolksWagen","Santana","1997","Álcool",8739,1.8,"Med"
"VW - VolksWagen","Santana","1997","Álcool",8739,1.8,"Med"
"VW - VolksWagen","Santana","1996","Álcool",8190,1.8,"Med"
"VW - VolksWagen","Santana","1996","Álcool",8190,1.8,"Med"
"VW - VolksWagen","Santana","2006","Gasoline",17900,2,"Med"
"VW - VolksWagen","Santana","2005","Gasoline",16993,2,"Med"
"VW - VolksWagen","Santana","2004","Gasoline",15854,2,"Med"
"VW - VolksWagen","Santana","2003","Gasoline",15254,2,"Med"
"VW - VolksWagen","Santana","2002","Gasoline",14752,2,"Med"
"VW - VolksWagen","Santana","2001","Gasoline",14202,2,"Med"
"VW - VolksWagen","Santana","2000","Gasoline",13744,2,"Med"
"VW - VolksWagen","Santana","1999","Gasoline",11965,2,"Med"
"VW - VolksWagen","Santana","1998","Gasoline",11342,2,"Med"
"VW - VolksWagen","Santana","1997","Álcool",10255,2,"Med"
"VW - VolksWagen","Santana","1997","Álcool",10255,2,"Med"
"VW - VolksWagen","Santana","1996","Gasoline",10121,2,"Med"
"VW - VolksWagen","Santana","1995","Gasoline",8468,2,"Med"
"VW - VolksWagen","Santana","1994","Gasoline",7614,2,"Med"
"VW - VolksWagen","Santana","1997","Gasoline",9467,1.8,"Med"
"VW - VolksWagen","Santana","1997","Gasoline",9467,1.8,"Med"
"VW - VolksWagen","Santana","1996","Álcool",8346,1.8,"Med"
"VW - VolksWagen","Santana","1996","Álcool",8346,1.8,"Med"
"VW - VolksWagen","Santana","1995","Gasoline",8291,1.8,"Med"
"VW - VolksWagen","Santana","1995","Gasoline",8291,1.8,"Med"
"VW - VolksWagen","Santana","1994","Gasoline",7249,1.8,"Med"
"VW - VolksWagen","Santana","1993","Gasoline",6998,1.8,"Med"
"VW - VolksWagen","Santana","1992","Gasoline",6389,1.8,"Med"
"VW - VolksWagen","Santana","1991","Gasoline",6158,1.8,"Med"
"VW - VolksWagen","Santana","1990","Gasoline",5951,1.8,"Med"
"VW - VolksWagen","Santana","1989","Gasoline",5688,1.8,"Med"
"VW - VolksWagen","Santana","1988","Gasoline",5459,1.8,"Med"
"VW - VolksWagen","Santana","1987","Gasoline",4108,1.8,"Med"
"VW - VolksWagen","Santana","1986","Gasoline",3875,1.8,"Med"
"VW - VolksWagen","Santana","1985","Gasoline",3097,1.8,"Med"
"VW - VolksWagen","Santana","2006","Gasoline",22725,1.8,"Med"
"VW - VolksWagen","Santana","2006","Gasoline",22725,1.8,"Med"
"VW - VolksWagen","Santana","1999","Gasoline",12941,2,"Med"
"VW - VolksWagen","Santana","1998","Gasoline",11704,2,"Med"
"VW - VolksWagen","Santana","1997","Gasoline",11091,2,"Med"
"VW - VolksWagen","Santana","1996","Gasoline",10745,2,"Med"
"VW - VolksWagen","Santana","1989","Gasoline",5374,2,"Med"
"VW - VolksWagen","Santana","1999","Gasoline",14703,2,"Med"
"VW - VolksWagen","Santana","1998","Gasoline",12884,2,"Med"
"VW - VolksWagen","Santana","1998","Gasoline",12884,2,"Med"
"VW - VolksWagen","Santana","1997","Álcool",11523,2,"Med"
"VW - VolksWagen","Santana","1997","Álcool",11523,2,"Med"
"VW - VolksWagen","Santana","1996","Gasoline",11545,2,"Med"
"VW - VolksWagen","Santana","1996","Gasoline",11545,2,"Med"
"VW - VolksWagen","Santana","1991","Gasoline",10377,2,"Med"
"VW - VolksWagen","Santana","1990","Gasoline",10060,2,"Med"
"VW - VolksWagen","Santana","1997","Gasoline",9600,1.8,"Med"
"VW - VolksWagen","Santana","1996","Álcool",9113,1.8,"Med"
"VW - VolksWagen","Santana","1996","Álcool",9113,1.8,"Med"
"VW - VolksWagen","Santana","1995","Álcool",8106,1.8,"Med"
"VW - VolksWagen","Santana","1995","Álcool",8106,1.8,"Med"
"VW - VolksWagen","Santana","1994","Gasoline",8098,1.8,"Med"
"VW - VolksWagen","Santana","1993","Gasoline",7588,1.8,"Med"
"VW - VolksWagen","Santana","1992","Gasoline",7025,1.8,"Med"
"VW - VolksWagen","Santana","1991","Gasoline",6382,1.8,"Med"
"VW - VolksWagen","Santana","1990","Gasoline",6158,1.8,"Med"
"VW - VolksWagen","Santana","1989","Gasoline",5851,1.8,"Med"
"VW - VolksWagen","Santana","1988","Gasoline",5473,1.8,"Med"
"VW - VolksWagen","Santana","1987","Gasoline",4588,1.8,"Med"
"VW - VolksWagen","Santana","1996","Álcool",10389,1.8,"Med"
"VW - VolksWagen","Santana","1996","Álcool",10389,1.8,"Med"
"VW - VolksWagen","Santana","1995","Gasoline",10620,1.8,"Med"
"VW - VolksWagen","Santana","1995","Gasoline",10620,1.8,"Med"
"VW - VolksWagen","Santana","1994","Gasoline",10234,1.8,"Med"
"VW - VolksWagen","Santana","1993","Gasoline",9294,1.8,"Med"
"VW - VolksWagen","Santana","1992","Gasoline",9012,1.8,"Med"
"VW - VolksWagen","Santana","1991","Gasoline",8714,1.8,"Med"
"VW - VolksWagen","Santana","1990","Gasoline",8369,1.8,"Med"
"VW - VolksWagen","Santana","1989","Gasoline",8089,1.8,"Med"
"VW - VolksWagen","Santana","1988","Gasoline",6543,1.8,"Med"
"VW - VolksWagen","Santana","1987","Gasoline",4786,1.8,"Med"
"VW - VolksWagen","Saveiro","2014","Gasoline",35197,1.6,"Med"
"VW - VolksWagen","Saveiro","2013","Gasoline",32176,1.6,"Med"
"VW - VolksWagen","Saveiro","2012","Gasoline",29761,1.6,"Med"
"VW - VolksWagen","Saveiro","2011","Gasoline",27735,1.6,"Med"
"VW - VolksWagen","Saveiro","2010","Gasoline",25552,1.6,"Med"
"VW - VolksWagen","Saveiro","2015","Gasoline",32081,1.6,"Med"
"VW - VolksWagen","Saveiro","2014","Gasoline",31098,1.6,"Med"
"VW - VolksWagen","Saveiro","2013","Gasoline",29324,1.6,"Med"
"VW - VolksWagen","Saveiro","2012","Gasoline",26517,1.6,"Med"
"VW - VolksWagen","Saveiro","2011","Gasoline",25321,1.6,"Med"
"VW - VolksWagen","Saveiro","2010","Gasoline",23624,1.6,"Med"
"VW - VolksWagen","Saveiro","2004","Gasoline",18459,1.6,"Med"
"VW - VolksWagen","Saveiro","2004","Gasoline",18459,1.6,"Med"
"VW - VolksWagen","Saveiro","2003","Álcool",16922,1.6,"Med"
"VW - VolksWagen","Saveiro","2003","Álcool",16922,1.6,"Med"
"VW - VolksWagen","Saveiro","2002","Álcool",15771,1.6,"Med"
"VW - VolksWagen","Saveiro","2002","Álcool",15771,1.6,"Med"
"VW - VolksWagen","Saveiro","2001","Álcool",15182,1.6,"Med"
"VW - VolksWagen","Saveiro","2001","Álcool",15182,1.6,"Med"
"VW - VolksWagen","Saveiro","2000","Gasoline",14179,1.6,"Med"
"VW - VolksWagen","Saveiro","2000","Gasoline",14179,1.6,"Med"
"VW - VolksWagen","Saveiro","2010","Gasoline",22508,1.6,"Med"
"VW - VolksWagen","Saveiro","2009","Gasoline",20312,1.6,"Med"
"VW - VolksWagen","Saveiro","2008","Gasoline",19600,1.6,"Med"
"VW - VolksWagen","Saveiro","2007","Gasoline",18945,1.6,"Med"
"VW - VolksWagen","Saveiro","2006","Gasoline",18349,1.6,"Med"
"VW - VolksWagen","Saveiro","2005","Gasoline",17751,1.6,"Med"
"VW - VolksWagen","Saveiro","2004","Gasoline",17132,1.6,"Med"
"VW - VolksWagen","Saveiro","2003","Gasoline",16327,1.6,"Med"
"VW - VolksWagen","Saveiro","2005","Gasoline",20917,1.8,"Med"
"VW - VolksWagen","Saveiro","2004","Gasoline",18098,1.8,"Med"
"VW - VolksWagen","Saveiro","2003","Gasoline",16982,1.8,"Med"
"VW - VolksWagen","Saveiro","2002","Gasoline",15854,1.8,"Med"
"VW - VolksWagen","Saveiro","2001","Gasoline",15323,1.8,"Med"
"VW - VolksWagen","Saveiro","2000","Gasoline",14186,1.8,"Med"
"VW - VolksWagen","Saveiro","2004","Gasoline",21750,2,"Med"
"VW - VolksWagen","Saveiro","2003","Gasoline",19579,2,"Med"
"VW - VolksWagen","Saveiro","2002","Gasoline",18222,2,"Med"
"VW - VolksWagen","Saveiro","2001","Gasoline",17223,2,"Med"
"VW - VolksWagen","Saveiro","2000","Gasoline",15094,2,"Med"
"VW - VolksWagen","Saveiro","2009","Gasoline",21147,1.8,"Med"
"VW - VolksWagen","Saveiro","2008","Gasoline",20499,1.8,"Med"
"VW - VolksWagen","Saveiro","2007","Gasoline",19409,1.8,"Med"
"VW - VolksWagen","Saveiro","2006","Gasoline",18454,1.8,"Med"
"VW - VolksWagen","Saveiro","2005","Gasoline",17801,1.8,"Med"
"VW - VolksWagen","Saveiro","2000","Gasoline",14680,1.6,"Med"
"VW - VolksWagen","Saveiro","2000","Gasoline",14680,1.6,"Med"
"VW - VolksWagen","Saveiro","1999","Álcool",12164,1.6,"Med"
"VW - VolksWagen","Saveiro","1999","Álcool",12164,1.6,"Med"
"VW - VolksWagen","Saveiro","1998","Álcool",11798,1.6,"Med"
"VW - VolksWagen","Saveiro","1998","Álcool",11798,1.6,"Med"
"VW - VolksWagen","Saveiro","1997","Álcool",10498,1.6,"Med"
"VW - VolksWagen","Saveiro","1997","Álcool",10498,1.6,"Med"
"VW - VolksWagen","Saveiro","1996","Álcool",10121,1.6,"Med"
"VW - VolksWagen","Saveiro","1996","Álcool",10121,1.6,"Med"
"VW - VolksWagen","Saveiro","1995","Álcool",9462,1.6,"Med"
"VW - VolksWagen","Saveiro","1995","Álcool",9462,1.6,"Med"
"VW - VolksWagen","Saveiro","1994","Gasoline",10109,1.6,"Med"
"VW - VolksWagen","Saveiro","1993","Gasoline",9711,1.6,"Med"
"VW - VolksWagen","Saveiro","1992","Gasoline",9110,1.6,"Med"
"VW - VolksWagen","Saveiro","1991","Gasoline",8342,1.6,"Med"
"VW - VolksWagen","Saveiro","1990","Gasoline",7010,1.6,"Med"
"VW - VolksWagen","Saveiro","1989","Gasoline",6762,1.6,"Med"
"VW - VolksWagen","Saveiro","1988","Gasoline",6365,1.6,"Med"
"VW - VolksWagen","Saveiro","1987","Gasoline",5289,1.6,"Med"
"VW - VolksWagen","Saveiro","2002","Álcool",16114,1.8,"Med"
"VW - VolksWagen","Saveiro","2002","Álcool",16114,1.8,"Med"
"VW - VolksWagen","Saveiro","2001","Gasoline",16521,1.8,"Med"
"VW - VolksWagen","Saveiro","2001","Gasoline",16521,1.8,"Med"
"VW - VolksWagen","Saveiro","1999","Gasoline",13121,1.8,"Med"
"VW - VolksWagen","Saveiro","1998","Gasoline",12722,1.8,"Med"
"VW - VolksWagen","Saveiro","1997","Gasoline",12200,1.8,"Med"
"VW - VolksWagen","Saveiro","1997","Gasoline",12200,1.8,"Med"
"VW - VolksWagen","Saveiro","1996","Álcool",11254,1.8,"Med"
"VW - VolksWagen","Saveiro","1996","Álcool",11254,1.8,"Med"
"VW - VolksWagen","Saveiro","1995","Gasoline",11202,1.8,"Med"
"VW - VolksWagen","Saveiro","1995","Gasoline",11202,1.8,"Med"
"VW - VolksWagen","Saveiro","1994","Gasoline",10778,1.8,"Med"
"VW - VolksWagen","Saveiro","1993","Gasoline",10401,1.8,"Med"
"VW - VolksWagen","Saveiro","1992","Gasoline",9993,1.8,"Med"
"VW - VolksWagen","Saveiro","1991","Gasoline",9016,1.8,"Med"
"VW - VolksWagen","Saveiro","1990","Gasoline",7384,1.8,"Med"
"VW - VolksWagen","Saveiro","2014","Gasoline",42494,1.6,"Med"
"VW - VolksWagen","Saveiro","2013","Gasoline",37133,1.6,"Med"
"VW - VolksWagen","Saveiro","2012","Gasoline",33589,1.6,"Med"
"VW - VolksWagen","Saveiro","2011","Gasoline",32202,1.6,"Med"
"VW - VolksWagen","Saveiro","2010","Gasoline",29989,1.6,"Med"
"VW - VolksWagen","Saveiro","Zero KM","Gasoline",73314,1.6,"Med"
"VW - VolksWagen","Saveiro","2018","Gasoline",65245,1.6,"Med"
"VW - VolksWagen","Saveiro","2017","Gasoline",63252,1.6,"Med"
"VW - VolksWagen","Saveiro","2016","Gasoline",55552,1.6,"Med"
"VW - VolksWagen","Saveiro","2015","Gasoline",47612,1.6,"Med"
"VW - VolksWagen","Saveiro","Zero KM","Gasoline",74281,1.6,"Med"
"VW - VolksWagen","Saveiro","2018","Gasoline",67778,1.6,"Med"
"VW - VolksWagen","Saveiro","2017","Gasoline",65421,1.6,"Med"
"VW - VolksWagen","Saveiro","2016","Gasoline",59732,1.6,"Med"
"VW - VolksWagen","Saveiro","2015","Gasoline",54566,1.6,"Med"
"VW - VolksWagen","Saveiro","2007","Gasoline",19836,1.6,"Med"
"VW - VolksWagen","Saveiro","2006","Gasoline",18963,1.6,"Med"
"VW - VolksWagen","Saveiro","2005","Gasoline",19696,1.8,"Med"
"VW - VolksWagen","Saveiro","2007","Gasoline",23278,1.8,"Med"
"VW - VolksWagen","Saveiro","2006","Gasoline",21392,1.8,"Med"
"VW - VolksWagen","Saveiro","2005","Gasoline",19749,1.8,"Med"
"VW - VolksWagen","Saveiro","2004","Gasoline",18058,1.8,"Med"
"VW - VolksWagen","Saveiro","2003","Gasoline",16806,1.8,"Med"
"VW - VolksWagen","Saveiro","2002","Gasoline",15555,1.8,"Med"
"VW - VolksWagen","Saveiro","2001","Gasoline",14566,1.8,"Med"
"VW - VolksWagen","Saveiro","1999","Gasoline",14799,1.8,"Med"
"VW - VolksWagen","Saveiro","1998","Gasoline",13264,1.8,"Med"
"VW - VolksWagen","Saveiro","1997","Gasoline",12318,1.8,"Med"
"VW - VolksWagen","Saveiro","1996","Álcool",12201,1.8,"Med"
"VW - VolksWagen","Saveiro","1996","Álcool",12201,1.8,"Med"
"VW - VolksWagen","Saveiro","1995","Álcool",10965,1.8,"Med"
"VW - VolksWagen","Saveiro","1995","Álcool",10965,1.8,"Med"
"VW - VolksWagen","Saveiro","1994","Gasoline",10462,1.8,"Med"
"VW - VolksWagen","Saveiro","1993","Gasoline",9719,1.8,"Med"
"VW - VolksWagen","Saveiro","1992","Gasoline",9390,1.8,"Med"
"VW - VolksWagen","Saveiro","1991","Gasoline",8090,1.8,"Med"
"VW - VolksWagen","Saveiro","1990","Gasoline",6114,1.8,"Med"
"VW - VolksWagen","Saveiro","1989","Gasoline",5848,1.8,"Med"
"VW - VolksWagen","Saveiro","1988","Gasoline",5413,1.8,"Med"
"VW - VolksWagen","Saveiro","1987","Gasoline",5107,1.8,"Med"
"VW - VolksWagen","Saveiro","1986","Gasoline",4022,1.8,"Med"
"VW - VolksWagen","Saveiro","1985","Gasoline",3898,1.8,"Med"
"VW - VolksWagen","Saveiro","Zero KM","Gasoline",67983,1.6,"Med"
"VW - VolksWagen","Saveiro","2018","Gasoline",61478,1.6,"Med"
"VW - VolksWagen","Saveiro","2017","Gasoline",56838,1.6,"Med"
"VW - VolksWagen","Saveiro","2016","Gasoline",52286,1.6,"Med"
"VW - VolksWagen","Saveiro","2015","Gasoline",47346,1.6,"Med"
"VW - VolksWagen","Saveiro","Zero KM","Gasoline",69239,1.6,"Med"
"VW - VolksWagen","Saveiro","2018","Gasoline",64488,1.6,"Med"
"VW - VolksWagen","Saveiro","Zero KM","Gasoline",65929,1.6,"Med"
"VW - VolksWagen","Saveiro","2018","Gasoline",59855,1.6,"Med"
"VW - VolksWagen","Saveiro","Zero KM","Gasoline",48596,1.6,"Med"
"VW - VolksWagen","Saveiro","2019","Gasoline",44173,1.6,"Med"
"VW - VolksWagen","Saveiro","2018","Gasoline",42406,1.6,"Med"
"VW - VolksWagen","Saveiro","2017","Gasoline",40711,1.6,"Med"
"VW - VolksWagen","Saveiro","Zero KM","Gasoline",57792,1.6,"Med"
"VW - VolksWagen","Saveiro","2018","Gasoline",50441,1.6,"Med"
"VW - VolksWagen","Saveiro","2016","Gasoline",52264,1.6,"Med"
"VW - VolksWagen","Saveiro","2006","Gasoline",20478,1.6,"Med"
"VW - VolksWagen","Saveiro","2006","Gasoline",21791,1.8,"Med"
"VW - VolksWagen","Saveiro","2016","Gasoline",34467,1.6,"Med"
"VW - VolksWagen","Saveiro","2015","Gasoline",30839,1.6,"Med"
"VW - VolksWagen","Saveiro","2005","Gasoline",20215,1.8,"Med"
"VW - VolksWagen","Saveiro","2004","Gasoline",19055,1.8,"Med"
"VW - VolksWagen","Saveiro","2008","Gasoline",24415,1.6,"Med"
"VW - VolksWagen","Saveiro","2007","Gasoline",23548,1.6,"Med"
"VW - VolksWagen","Saveiro","2006","Gasoline",21451,1.6,"Med"
"VW - VolksWagen","Saveiro","2005","Gasoline",20652,1.6,"Med"
"VW - VolksWagen","Saveiro","2004","Gasoline",19422,1.6,"Med"
"VW - VolksWagen","Saveiro","2003","Gasoline",18648,1.6,"Med"
"VW - VolksWagen","Saveiro","2008","Gasoline",24933,1.8,"Med"
"VW - VolksWagen","Saveiro","2007","Gasoline",23830,1.8,"Med"
"VW - VolksWagen","Saveiro","2005","Gasoline",20833,1.8,"Med"
"VW - VolksWagen","Saveiro","2016","Gasoline",42887,1.6,"Med"
"VW - VolksWagen","Saveiro","2015","Gasoline",38146,1.6,"Med"
"VW - VolksWagen","Saveiro","2010","Gasoline",28432,1.6,"Med"
"VW - VolksWagen","Saveiro","2009","Gasoline",24143,1.6,"Med"
"VW - VolksWagen","Saveiro","2008","Gasoline",22883,1.6,"Med"
"VW - VolksWagen","Saveiro","2009","Gasoline",24400,1.8,"Med"
"VW - VolksWagen","Saveiro","2008","Gasoline",23596,1.8,"Med"
"VW - VolksWagen","Saveiro","2010","Gasoline",22675,1.6,"Med"
"VW - VolksWagen","Saveiro","2009","Gasoline",20885,1.6,"Med"
"VW - VolksWagen","Saveiro","2008","Gasoline",19996,1.6,"Med"
"VW - VolksWagen","Saveiro","Zero KM","Gasoline",56020,1.6,"Med"
"VW - VolksWagen","Saveiro","2019","Gasoline",50137,1.6,"Med"
"VW - VolksWagen","Saveiro","2018","Gasoline",47124,1.6,"Med"
"VW - VolksWagen","Saveiro","2017","Gasoline",44030,1.6,"Med"
"VW - VolksWagen","Saveiro","2016","Gasoline",36879,1.6,"Med"
"VW - VolksWagen","Saveiro","2015","Gasoline",34440,1.6,"Med"
"VW - VolksWagen","Saveiro","Zero KM","Gasoline",64248,1.6,"Med"
"VW - VolksWagen","Saveiro","2018","Gasoline",52010,1.6,"Med"
"VW - VolksWagen","Saveiro","2017","Gasoline",47933,1.6,"Med"
"VW - VolksWagen","Saveiro","2016","Gasoline",45265,1.6,"Med"
"VW - VolksWagen","Saveiro","2015","Gasoline",43366,1.6,"Med"
"VW - VolksWagen","Saveiro","Zero KM","Gasoline",56840,1.6,"Med"
"VW - VolksWagen","Saveiro","2018","Gasoline",49200,1.6,"Med"
"VW - VolksWagen","Saveiro","2017","Gasoline",46834,1.6,"Med"
"VW - VolksWagen","Saveiro","2016","Gasoline",44159,1.6,"Med"
"VW - VolksWagen","Saveiro","2015","Gasoline",38721,1.6,"Med"
"VW - VolksWagen","Saveiro","2013","Gasoline",31178,1.6,"Med"
"VW - VolksWagen","Saveiro","2012","Gasoline",29852,1.6,"Med"
"VW - VolksWagen","Saveiro","2011","Gasoline",27553,1.6,"Med"
"VW - VolksWagen","Saveiro","2010","Gasoline",26470,1.6,"Med"
"VW - VolksWagen","Saveiro","2014","Gasoline",36423,1.6,"Med"
"VW - VolksWagen","Saveiro","2013","Gasoline",34025,1.6,"Med"
"VW - VolksWagen","Saveiro","2012","Gasoline",31059,1.6,"Med"
"VW - VolksWagen","Saveiro","2011","Gasoline",30123,1.6,"Med"
"VW - VolksWagen","Saveiro","2010","Gasoline",28789,1.6,"Med"
"VW - VolksWagen","Saveiro","1999","Gasoline",15269,2,"Med"
"VW - VolksWagen","Saveiro","1998","Gasoline",11931,2,"Med"
"VW - VolksWagen","SpaceCross","2017","Gasoline",70907,1.6,"Med"
"VW - VolksWagen","SpaceCross","2016","Gasoline",61742,1.6,"Med"
"VW - VolksWagen","SpaceCross","2015","Gasoline",59156,1.6,"Med"
"VW - VolksWagen","SpaceCross","2015","Gasoline",53963,1.6,"Med"
"VW - VolksWagen","SpaceCross","2014","Gasoline",41777,1.6,"Med"
"VW - VolksWagen","SpaceCross","2013","Gasoline",38454,1.6,"Med"
"VW - VolksWagen","SpaceCross","2012","Gasoline",34600,1.6,"Med"
"VW - VolksWagen","SpaceCross","2017","Gasoline",74345,1.6,"Med"
"VW - VolksWagen","SpaceCross","2016","Gasoline",61031,1.6,"Med"
"VW - VolksWagen","SpaceCross","2015","Gasoline",56719,1.6,"Med"
"VW - VolksWagen","SpaceCross","2015","Gasoline",56106,1.6,"Med"
"VW - VolksWagen","SpaceCross","2014","Gasoline",43842,1.6,"Med"
"VW - VolksWagen","SpaceCross","2013","Gasoline",39575,1.6,"Med"
"VW - VolksWagen","SpaceCross","2012","Gasoline",34974,1.6,"Med"
"VW - VolksWagen","SPACEFOX","2015","Gasoline",49643,1.6,"Med"
"VW - VolksWagen","SPACEFOX","2014","Gasoline",39296,1.6,"Med"
"VW - VolksWagen","SPACEFOX","2013","Gasoline",35341,1.6,"Med"
"VW - VolksWagen","SPACEFOX","2012","Gasoline",32937,1.6,"Med"
"VW - VolksWagen","SPACEFOX","2011","Gasoline",30551,1.6,"Med"
"VW - VolksWagen","SPACEFOX","2010","Gasoline",26540,1.6,"Med"
"VW - VolksWagen","SPACEFOX","2009","Gasoline",24703,1.6,"Med"
"VW - VolksWagen","SPACEFOX","2015","Gasoline",45735,1.6,"Med"
"VW - VolksWagen","SPACEFOX","2014","Gasoline",36841,1.6,"Med"
"VW - VolksWagen","SPACEFOX","2013","Gasoline",33896,1.6,"Med"
"VW - VolksWagen","SPACEFOX","2012","Gasoline",32507,1.6,"Med"
"VW - VolksWagen","SPACEFOX","2011","Gasoline",30307,1.6,"Med"
"VW - VolksWagen","SPACEFOX","Zero KM","Gasoline",62183,1.6,"Med"
"VW - VolksWagen","SPACEFOX","2018","Gasoline",54691,1.6,"Med"
"VW - VolksWagen","SPACEFOX","2017","Gasoline",52944,1.6,"Med"
"VW - VolksWagen","SPACEFOX","2016","Gasoline",50960,1.6,"Med"
"VW - VolksWagen","SPACEFOX","2015","Gasoline",49305,1.6,"Med"
"VW - VolksWagen","SPACEFOX","Zero KM","Gasoline",59433,1.6,"Med"
"VW - VolksWagen","SPACEFOX","2018","Gasoline",54830,1.6,"Med"
"VW - VolksWagen","SPACEFOX","2017","Gasoline",52922,1.6,"Med"
"VW - VolksWagen","SPACEFOX","2016","Gasoline",49850,1.6,"Med"
"VW - VolksWagen","SPACEFOX","2015","Gasoline",48120,1.6,"Med"
"VW - VolksWagen","SPACEFOX","2015","Gasoline",48109,1.6,"Med"
"VW - VolksWagen","SPACEFOX","2014","Gasoline",36765,1.6,"Med"
"VW - VolksWagen","SPACEFOX","2013","Gasoline",34122,1.6,"Med"
"VW - VolksWagen","SPACEFOX","2012","Gasoline",31804,1.6,"Med"
"VW - VolksWagen","SPACEFOX","2011","Gasoline",29411,1.6,"Med"
"VW - VolksWagen","SPACEFOX","2010","Gasoline",26119,1.6,"Med"
"VW - VolksWagen","SPACEFOX","2009","Gasoline",24106,1.6,"Med"
"VW - VolksWagen","SPACEFOX","2008","Gasoline",22430,1.6,"Med"
"VW - VolksWagen","SPACEFOX","2007","Gasoline",20849,1.6,"Med"
"VW - VolksWagen","SPACEFOX","2006","Gasoline",20173,1.6,"Med"
"VW - VolksWagen","SPACEFOX","2017","Gasoline",65846,1.6,"Med"
"VW - VolksWagen","SPACEFOX","2016","Gasoline",53106,1.6,"Med"
"VW - VolksWagen","SPACEFOX","2015","Gasoline",51021,1.6,"Med"
"VW - VolksWagen","SPACEFOX","Zero KM","Gasoline",69900,1.6,"Med"
"VW - VolksWagen","SPACEFOX","2018","Gasoline",64152,1.6,"Med"
"VW - VolksWagen","SPACEFOX","2017","Gasoline",61930,1.6,"Med"
"VW - VolksWagen","SPACEFOX","2016","Gasoline",54187,1.6,"Med"
"VW - VolksWagen","SPACEFOX","2015","Gasoline",51625,1.6,"Med"
"VW - VolksWagen","SPACEFOX","2009","Gasoline",23877,1.6,"Med"
"VW - VolksWagen","SPACEFOX","2008","Gasoline",23160,1.6,"Med"
"VW - VolksWagen","SPACEFOX","2007","Gasoline",22414,1.6,"Med"
"VW - VolksWagen","SPACEFOX","2006","Gasoline",21667,1.6,"Med"
"VW - VolksWagen","SPACEFOX","2017","Gasoline",66670,1.6,"Med"
"VW - VolksWagen","SPACEFOX","2016","Gasoline",61920,1.6,"Med"
"VW - VolksWagen","SPACEFOX","2015","Gasoline",55503,1.6,"Med"
"VW - VolksWagen","SPACEFOX","2017","Gasoline",69345,1.6,"Med"
"VW - VolksWagen","SPACEFOX","2016","Gasoline",62430,1.6,"Med"
"VW - VolksWagen","SPACEFOX","2015","Gasoline",55232,1.6,"Med"
"VW - VolksWagen","SPACEFOX","2010","Gasoline",25576,1.6,"Med"
"VW - VolksWagen","SPACEFOX","2009","Gasoline",24522,1.6,"Med"
"VW - VolksWagen","SPACEFOX","2015","Gasoline",55434,1.6,"Med"
"VW - VolksWagen","SPACEFOX","2014","Gasoline",41546,1.6,"Med"
"VW - VolksWagen","SPACEFOX","2013","Gasoline",35116,1.6,"Med"
"VW - VolksWagen","SPACEFOX","2012","Gasoline",33017,1.6,"Med"
"VW - VolksWagen","SPACEFOX","2011","Gasoline",31296,1.6,"Med"
"VW - VolksWagen","TIGUAN","Zero KM","Gasoline",116965,1.4,"Med"
"VW - VolksWagen","TIGUAN","2017","Gasoline",106458,1.4,"Med"
"VW - VolksWagen","TIGUAN","2016","Gasoline",126329,2,"Med"
"VW - VolksWagen","TIGUAN","2015","Gasoline",98514,2,"Med"
"VW - VolksWagen","TIGUAN","2014","Gasoline",84101,2,"Med"
"VW - VolksWagen","TIGUAN","2013","Gasoline",76469,2,"Med"
"VW - VolksWagen","TIGUAN","2012","Gasoline",67989,2,"Med"
"VW - VolksWagen","TIGUAN","2011","Gasoline",58419,2,"Med"
"VW - VolksWagen","TIGUAN","2010","Gasoline",53736,2,"Med"
"VW - VolksWagen","TIGUAN","2009","Gasoline",50325,2,"Med"
"VW - VolksWagen","TIGUAN","Zero KM","Gasoline",124855,1.4,"Med"
"VW - VolksWagen","TIGUAN","2018","Gasoline",112619,1.4,"Med"
"VW - VolksWagen","TIGUAN","Zero KM","Gasoline",149893,1.4,"Med"
"VW - VolksWagen","TIGUAN","2018","Gasoline",135204,1.4,"Med"
"VW - VolksWagen","TIGUAN","Zero KM","Gasoline",179898,2,"Med"
"VW - VolksWagen","TIGUAN","2018","Gasoline",162267,2,"Med"
"VW - VolksWagen","TOUAREG","2008","Gasoline",55022,3.2,"Med"
"VW - VolksWagen","TOUAREG","2007","Gasoline",45628,3.2,"Med"
"VW - VolksWagen","TOUAREG","2006","Gasoline",41965,3.2,"Med"
"VW - VolksWagen","TOUAREG","Zero KM","Gasoline",335451,3.6,"Med"
"VW - VolksWagen","TOUAREG","2017","Gasoline",285066,3.6,"Med"
"VW - VolksWagen","TOUAREG","2016","Gasoline",248645,3.6,"Med"
"VW - VolksWagen","TOUAREG","2015","Gasoline",194992,3.6,"Med"
"VW - VolksWagen","TOUAREG","2014","Gasoline",145517,3.6,"Med"
"VW - VolksWagen","TOUAREG","2013","Gasoline",127545,3.6,"Med"
"VW - VolksWagen","TOUAREG","2012","Gasoline",110935,3.6,"Med"
"VW - VolksWagen","TOUAREG","2011","Gasoline",97275,3.6,"Med"
"VW - VolksWagen","TOUAREG","2010","Gasoline",66988,3.6,"Med"
"VW - VolksWagen","TOUAREG","2009","Gasoline",58603,3.6,"Med"
"VW - VolksWagen","TOUAREG","2008","Gasoline",55304,3.6,"Med"
"VW - VolksWagen","TOUAREG","2007","Gasoline",52675,3.6,"Med"
"VW - VolksWagen","TOUAREG","2014","Gasoline",172000,4.2,"Med"
"VW - VolksWagen","TOUAREG","2013","Gasoline",149581,4.2,"Med"
"VW - VolksWagen","TOUAREG","2012","Gasoline",134289,4.2,"Med"
"VW - VolksWagen","TOUAREG","2011","Gasoline",109737,4.2,"Med"
"VW - VolksWagen","TOUAREG","2010","Gasoline",74759,4.2,"Med"
"VW - VolksWagen","TOUAREG","2009","Gasoline",64239,4.2,"Med"
"VW - VolksWagen","TOUAREG","2008","Gasoline",62204,4.2,"Med"
"VW - VolksWagen","TOUAREG","2007","Gasoline",56037,4.2,"Med"
"VW - VolksWagen","TOUAREG","2006","Gasoline",46100,4.2,"Med"
"VW - VolksWagen","TOUAREG","2005","Gasoline",43088,4.2,"Med"
"VW - VolksWagen","TOUAREG","2004","Gasoline",38483,4.2,"Med"
"VW - VolksWagen","TOUAREG","Zero KM","Gasoline",401411,4.2,"Med"
"VW - VolksWagen","TOUAREG","2017","Gasoline",353415,4.2,"Med"
"VW - VolksWagen","TOUAREG","2016","Gasoline",278452,4.2,"Med"
"VW - VolksWagen","TOUAREG","2015","Gasoline",240361,4.2,"Med"
"VW - VolksWagen","up!","2016","Gasoline",43281,1,"Med"
"VW - VolksWagen","up!","2015","Gasoline",35398,1,"Med"
"VW - VolksWagen","up!","2014","Gasoline",34279,1,"Med"
"VW - VolksWagen","up!","2017","Gasoline",46452,1,"Med"
"VW - VolksWagen","up!","2016","Gasoline",43586,1,"Med"
"VW - VolksWagen","up!","2016","Gasoline",38957,1,"Med"
"VW - VolksWagen","up!","2015","Gasoline",36390,1,"Med"
"VW - VolksWagen","up!","2014","Gasoline",35102,1,"Med"
"VW - VolksWagen","up!","2017","Gasoline",44370,1,"Med"
"VW - VolksWagen","up!","2016","Gasoline",41017,1,"Med"
"VW - VolksWagen","up!","2015","Gasoline",38994,1,"Med"
"VW - VolksWagen","up!","Zero KM","Gasoline",56144,1,"Med"
"VW - VolksWagen","up!","2018","Gasoline",49811,1,"Med"
"VW - VolksWagen","up!","2017","Gasoline",45990,1,"Med"
"VW - VolksWagen","up!","2016","Gasoline",42070,1,"Med"
"VW - VolksWagen","up!","2017","Gasoline",44846,1,"Med"
"VW - VolksWagen","up!","2016","Gasoline",41495,1,"Med"
"VW - VolksWagen","up!","2015","Gasoline",38551,1,"Med"
"VW - VolksWagen","up!","2017","Gasoline",44551,1,"Med"
"VW - VolksWagen","up!","2016","Gasoline",41221,1,"Med"
"VW - VolksWagen","up!","2015","Gasoline",35252,1,"Med"
"VW - VolksWagen","up!","2014","Gasoline",33528,1,"Med"
"VW - VolksWagen","up!","Zero KM","Gasoline",56594,1,"Med"
"VW - VolksWagen","up!","2018","Gasoline",51775,1,"Med"
"VW - VolksWagen","up!","2017","Gasoline",49485,1,"Med"
"VW - VolksWagen","up!","2016","Gasoline",43996,1,"Med"
"VW - VolksWagen","up!","2017","Gasoline",42254,1,"Med"
"VW - VolksWagen","up!","2016","Gasoline",40854,1,"Med"
"VW - VolksWagen","up!","2015","Gasoline",37087,1,"Med"
"VW - VolksWagen","up!","2014","Gasoline",35894,1,"Med"
"VW - VolksWagen","up!","2015","Gasoline",29452,1,"Med"
"VW - VolksWagen","up!","2014","Gasoline",28454,1,"Med"
"VW - VolksWagen","up!","Zero KM","Gasoline",49626,1,"Med"
"VW - VolksWagen","up!","2019","Gasoline",45045,1,"Med"
"VW - VolksWagen","up!","2018","Gasoline",43411,1,"Med"
"VW - VolksWagen","up!","2017","Gasoline",40847,1,"Med"
"VW - VolksWagen","up!","2016","Gasoline",37024,1,"Med"
"VW - VolksWagen","up!","2015","Gasoline",32800,1,"Med"
"VW - VolksWagen","up!","2014","Gasoline",31295,1,"Med"
"VW - VolksWagen","up!","Zero KM","Gasoline",52477,1,"Med"
"VW - VolksWagen","up!","2018","Gasoline",49209,1,"Med"
"VW - VolksWagen","up!","2017","Gasoline",44495,1,"Med"
"VW - VolksWagen","up!","2016","Gasoline",41185,1,"Med"
"VW - VolksWagen","up!","2015","Gasoline",30377,1,"Med"
"VW - VolksWagen","up!","2014","Gasoline",29400,1,"Med"
"VW - VolksWagen","up!","Zero KM","Gasoline",50197,1,"Med"
"VW - VolksWagen","up!","2018","Gasoline",45405,1,"Med"
"VW - VolksWagen","up!","2017","Gasoline",43885,1,"Med"
"VW - VolksWagen","up!","2016","Gasoline",39040,1,"Med"
"VW - VolksWagen","up!","2015","Gasoline",35781,1,"Med"
"VW - VolksWagen","up!","Zero KM","Gasoline",59791,1,"Med"
"VW - VolksWagen","up!","2019","Gasoline",54289,1,"Med"
"VW - VolksWagen","up!","2018","Gasoline",51560,1,"Med"
"VW - VolksWagen","up!","2017","Gasoline",41026,1,"Med"
"VW - VolksWagen","up!","2017","Gasoline",42683,1,"Med"
"VW - VolksWagen","up!","2017","Gasoline",48206,1,"Med"
"VW - VolksWagen","up!","2016","Gasoline",45654,1,"Med"
"VW - VolksWagen","up!","2017","Gasoline",30581,1,"Med"
"VW - VolksWagen","up!","2016","Gasoline",28571,1,"Med"
"VW - VolksWagen","up!","2015","Gasoline",26685,1,"Med"
"VW - VolksWagen","up!","2014","Gasoline",25809,1,"Med"
"VW - VolksWagen","up!","Zero KM","Gasoline",39809,1,"Med"
"VW - VolksWagen","up!","2018","Gasoline",36685,1,"Med"
"VW - VolksWagen","up!","2017","Gasoline",35231,1,"Med"
"VW - VolksWagen","up!","2016","Gasoline",34065,1,"Med"
"VW - VolksWagen","up!","2015","Gasoline",31672,1,"Med"
"VW - VolksWagen","up!","2014","Gasoline",29458,1,"Med"
"VW - VolksWagen","up!","2017","Gasoline",38620,1,"Med"
"VW - VolksWagen","Van","2002","Gasoline",12901,1.6,"Med"
"VW - VolksWagen","Van","2001","Gasoline",10637,1.6,"Med"
"VW - VolksWagen","Van","2000","Gasoline",10301,1.6,"Med"
"VW - VolksWagen","Van","1999","Gasoline",9776,1.6,"Med"
"VW - VolksWagen","VIRTUS","Zero KM","Gasoline",60338,1.6,"Med"
"VW - VolksWagen","VIRTUS","2018","Gasoline",54858,1.6,"Med"
"VW - VolksWagen","VIRTUS","Zero KM","Gasoline",74077,1,"Med"
"VW - VolksWagen","VIRTUS","2018","Gasoline",67258,1,"Med"
"VW - VolksWagen","VIRTUS","Zero KM","Gasoline",81407,1,"Med"
"VW - VolksWagen","VIRTUS","2018","Gasoline",71503,1,"Med"
"VW - VolksWagen","VOYAGE","2017","Gasoline",38486,1,"Med"
"VW - VolksWagen","VOYAGE","2016","Gasoline",37121,1,"Med"
"VW - VolksWagen","VOYAGE","2015","Gasoline",34415,1,"Med"
"VW - VolksWagen","VOYAGE","2016","Gasoline",37060,1,"Med"
"VW - VolksWagen","VOYAGE","2015","Gasoline",34074,1,"Med"
"VW - VolksWagen","VOYAGE","2014","Gasoline",32255,1,"Med"
"VW - VolksWagen","VOYAGE","2013","Gasoline",29458,1,"Med"
"VW - VolksWagen","VOYAGE","2012","Gasoline",25766,1,"Med"
"VW - VolksWagen","VOYAGE","2011","Gasoline",24162,1,"Med"
"VW - VolksWagen","VOYAGE","2010","Gasoline",23003,1,"Med"
"VW - VolksWagen","VOYAGE","2009","Gasoline",21871,1,"Med"
"VW - VolksWagen","VOYAGE","2016","Gasoline",38281,1.6,"Med"
"VW - VolksWagen","VOYAGE","2015","Gasoline",36463,1.6,"Med"
"VW - VolksWagen","VOYAGE","2014","Gasoline",34454,1.6,"Med"
"VW - VolksWagen","VOYAGE","2013","Gasoline",31365,1.6,"Med"
"VW - VolksWagen","VOYAGE","2012","Gasoline",28184,1.6,"Med"
"VW - VolksWagen","VOYAGE","2011","Gasoline",26010,1.6,"Med"
"VW - VolksWagen","VOYAGE","2010","Gasoline",24264,1.6,"Med"
"VW - VolksWagen","VOYAGE","2009","Gasoline",23210,1.6,"Med"
"VW - VolksWagen","VOYAGE","1995","Álcool",7476,1.6,"Med"
"VW - VolksWagen","VOYAGE","1995","Álcool",7476,1.6,"Med"
"VW - VolksWagen","VOYAGE","1994","Gasoline",9725,1.6,"Med"
"VW - VolksWagen","VOYAGE","1993","Gasoline",9179,1.6,"Med"
"VW - VolksWagen","VOYAGE","1992","Gasoline",7728,1.6,"Med"
"VW - VolksWagen","VOYAGE","1991","Gasoline",7102,1.6,"Med"
"VW - VolksWagen","VOYAGE","1990","Gasoline",6813,1.6,"Med"
"VW - VolksWagen","VOYAGE","1989","Gasoline",6484,1.6,"Med"
"VW - VolksWagen","VOYAGE","1988","Gasoline",5745,1.6,"Med"
"VW - VolksWagen","VOYAGE","1987","Gasoline",5226,1.6,"Med"
"VW - VolksWagen","VOYAGE","1995","Álcool",11596,1.8,"Med"
"VW - VolksWagen","VOYAGE","1995","Álcool",11596,1.8,"Med"
"VW - VolksWagen","VOYAGE","1994","Gasoline",9865,1.8,"Med"
"VW - VolksWagen","VOYAGE","1993","Gasoline",9146,1.8,"Med"
"VW - VolksWagen","VOYAGE","1992","Gasoline",8692,1.8,"Med"
"VW - VolksWagen","VOYAGE","1991","Gasoline",8418,1.8,"Med"
"VW - VolksWagen","VOYAGE","1990","Gasoline",6500,1.8,"Med"
"VW - VolksWagen","VOYAGE","Zero KM","Gasoline",54584,1.6,"Med"
"VW - VolksWagen","VOYAGE","2018","Gasoline",50787,1.6,"Med"
"VW - VolksWagen","VOYAGE","2017","Gasoline",48493,1.6,"Med"
"VW - VolksWagen","VOYAGE","2016","Gasoline",43839,1.6,"Med"
"VW - VolksWagen","VOYAGE","2015","Gasoline",39454,1.6,"Med"
"VW - VolksWagen","VOYAGE","2014","Gasoline",36076,1.6,"Med"
"VW - VolksWagen","VOYAGE","2013","Gasoline",33541,1.6,"Med"
"VW - VolksWagen","VOYAGE","2012","Gasoline",29856,1.6,"Med"
"VW - VolksWagen","VOYAGE","2011","Gasoline",27392,1.6,"Med"
"VW - VolksWagen","VOYAGE","2010","Gasoline",25891,1.6,"Med"
"VW - VolksWagen","VOYAGE","2009","Gasoline",24402,1.6,"Med"
"VW - VolksWagen","VOYAGE","2016","Gasoline",40596,1,"Med"
"VW - VolksWagen","VOYAGE","2015","Gasoline",37348,1,"Med"
"VW - VolksWagen","VOYAGE","Zero KM","Gasoline",52199,1,"Med"
"VW - VolksWagen","VOYAGE","2018","Gasoline",49260,1,"Med"
"VW - VolksWagen","VOYAGE","2017","Gasoline",46524,1,"Med"
"VW - VolksWagen","VOYAGE","2016","Gasoline",45226,1.6,"Med"
"VW - VolksWagen","VOYAGE","2015","Gasoline",43658,1.6,"Med"
"VW - VolksWagen","VOYAGE","1995","Gasoline",9894,1.8,"Med"
"VW - VolksWagen","VOYAGE","1994","Gasoline",9332,1.8,"Med"
"VW - VolksWagen","VOYAGE","1993","Gasoline",8528,1.8,"Med"
"VW - VolksWagen","VOYAGE","1992","Gasoline",7499,1.8,"Med"
"VW - VolksWagen","VOYAGE","1991","Gasoline",6923,1.8,"Med"
"VW - VolksWagen","VOYAGE","1990","Gasoline",6122,1.8,"Med"
"VW - VolksWagen","VOYAGE","1995","Álcool",11359,1.6,"Med"
"VW - VolksWagen","VOYAGE","1995","Álcool",11359,1.6,"Med"
"VW - VolksWagen","VOYAGE","1994","Gasoline",10837,1.6,"Med"
"VW - VolksWagen","VOYAGE","1993","Gasoline",10000,1.6,"Med"
"VW - VolksWagen","VOYAGE","1992","Gasoline",9701,1.6,"Med"
"VW - VolksWagen","VOYAGE","1991","Gasoline",9145,1.6,"Med"
"VW - VolksWagen","VOYAGE","1990","Gasoline",7923,1.6,"Med"
"VW - VolksWagen","VOYAGE","1989","Gasoline",7493,1.6,"Med"
"VW - VolksWagen","VOYAGE","1988","Gasoline",6142,1.6,"Med"
"VW - VolksWagen","VOYAGE","1987","Gasoline",5797,1.6,"Med"
"VW - VolksWagen","VOYAGE","2015","Gasoline",35894,1.6,"Med"
"VW - VolksWagen","VOYAGE","2014","Gasoline",34722,1.6,"Med"
"VW - VolksWagen","VOYAGE","2013","Gasoline",31478,1.6,"Med"
"VW - VolksWagen","VOYAGE","2012","Gasoline",28265,1.6,"Med"
"VW - VolksWagen","VOYAGE","2011","Gasoline",27022,1.6,"Med"
"VW - VolksWagen","VOYAGE","2010","Gasoline",25546,1.6,"Med"
"VW - VolksWagen","VOYAGE","Zero KM","Gasoline",58365,1.6,"Med"
"VW - VolksWagen","VOYAGE","2018","Gasoline",53731,1.6,"Med"
"VW - VolksWagen","VOYAGE","2017","Gasoline",50907,1.6,"Med"
"VW - VolksWagen","VOYAGE","2016","Gasoline",45892,1.6,"Med"
"VW - VolksWagen","VOYAGE","2015","Gasoline",39534,1.6,"Med"
"VW - VolksWagen","VOYAGE","2014","Gasoline",36822,1.6,"Med"
"VW - VolksWagen","VOYAGE","2013","Gasoline",33680,1.6,"Med"
"VW - VolksWagen","VOYAGE","2012","Gasoline",30718,1.6,"Med"
"VW - VolksWagen","VOYAGE","2011","Gasoline",27698,1.6,"Med"
"VW - VolksWagen","VOYAGE","2010","Gasoline",26076,1.6,"Med"
"VW - VolksWagen","VOYAGE","2016","Gasoline",51840,1.6,"Med"
"VW - VolksWagen","VOYAGE","2015","Gasoline",45498,1.6,"Med"
"VW - VolksWagen","VOYAGE","2014","Gasoline",34755,1.6,"Med"
"VW - VolksWagen","VOYAGE","2013","Gasoline",31495,1.6,"Med"
"VW - VolksWagen","VOYAGE","2012","Gasoline",28235,1.6,"Med"
"VW - VolksWagen","VOYAGE","2011","Gasoline",26212,1.6,"Med"
"VW - VolksWagen","VOYAGE","2010","Gasoline",25212,1.6,"Med"
"VW - VolksWagen","VOYAGE","2015","Gasoline",34635,1,"Med"
"VW - VolksWagen","VOYAGE","2014","Gasoline",32197,1,"Med"
"VW - VolksWagen","VOYAGE","2015","Gasoline",39548,1.6,"Med"
"VW - VolksWagen","VOYAGE","2014","Gasoline",36374,1.6,"Med"
"VW - VolksWagen","VOYAGE","2015","Gasoline",38248,1.6,"Med"
"VW - VolksWagen","VOYAGE","2014","Gasoline",35376,1.6,"Med"
"VW - VolksWagen","VOYAGE","2014","Gasoline",34511,1.6,"Med"
"VW - VolksWagen","VOYAGE","2013","Gasoline",31455,1.6,"Med"
"VW - VolksWagen","VOYAGE","2012","Gasoline",28218,1.6,"Med"
"VW - VolksWagen","VOYAGE","2011","Gasoline",26061,1.6,"Med"
"VW - VolksWagen","VOYAGE","2010","Gasoline",24338,1.6,"Med"
"VW - VolksWagen","VOYAGE","2009","Gasoline",23279,1.6,"Med"
"VW - VolksWagen","VOYAGE","Zero KM","Gasoline",47961,1,"Med"
"VW - VolksWagen","VOYAGE","2018","Gasoline",41510,1,"Med"
"VW - VolksWagen","VOYAGE","2017","Gasoline",40030,1,"Med"
"VW - VolksWagen","VOYAGE","Zero KM","Gasoline",49946,1.6,"Med"
"VW - VolksWagen","VOYAGE","2018","Gasoline",43065,1.6,"Med"
"VW - VolksWagen","VOYAGE","2017","Gasoline",41365,1.6,"Med"
"VW - VolksWagen","VOYAGE","2016","Gasoline",40054,1.6,"Med"
"VW - VolksWagen","VOYAGE","2015","Gasoline",36631,1.6,"Med"
"Volvo","440","1993","Gasoline",6437,1.8,"Med"
"Volvo","440","1992","Gasoline",5868,1.8,"Med"
"Volvo","460","1996","Gasoline",9076,2,"Med"
"Volvo","460","1995","Gasoline",8744,2,"Med"
"Volvo","460","1994","Gasoline",8350,2,"Med"
"Volvo","460","1993","Gasoline",7014,2,"Med"
"Volvo","460","1992","Gasoline",6502,2,"Med"
"Volvo","850","1997","Gasoline",11499,2.5,"Med"
"Volvo","850","1996","Gasoline",11010,2.5,"Med"
"Volvo","850","1995","Gasoline",10482,2.5,"Med"
"Volvo","850","1994","Gasoline",9232,2.5,"Med"
"Volvo","850","1993","Gasoline",7920,2.5,"Med"
"Volvo","850","1997","Gasoline",13047,2.5,"Med"
"Volvo","850","1996","Gasoline",12655,2.5,"Med"
"Volvo","850","1995","Gasoline",12236,2.5,"Med"
"Volvo","850","1994","Gasoline",11648,2.5,"Med"
"Volvo","850","1993","Gasoline",10101,2.5,"Med"
"Volvo","850","1992","Gasoline",7893,2.5,"Med"
"Volvo","850","1997","Gasoline",14318,2.5,"Med"
"Volvo","850","1996","Gasoline",13803,2.5,"Med"
"Volvo","850","1995","Gasoline",13390,2.5,"Med"
"Volvo","850","1994","Gasoline",11447,2.5,"Med"
"Volvo","850","1997","Gasoline",16092,2.3,"Med"
"Volvo","850","1996","Gasoline",14977,2.3,"Med"
"Volvo","850","1995","Gasoline",14217,2.3,"Med"
"Volvo","850","1997","Gasoline",18692,2.5,"Med"
"Volvo","850","1996","Gasoline",16214,2.5,"Med"
"Volvo","850","1995","Gasoline",15349,2.5,"Med"
"Volvo","850","1994","Gasoline",12514,2.5,"Med"
"Volvo","850","1997","Gasoline",17367,2.3,"Med"
"Volvo","850","1996","Gasoline",16514,2.3,"Med"
"Volvo","850","1995","Gasoline",15821,2.3,"Med"
"Volvo","850","1994","Gasoline",13315,2.3,"Med"
"Volvo","850","1993","Gasoline",11599,2.3,"Med"
"Volvo","940","1995","Gasoline",15844,3,"Med"
"Volvo","940","1994","Gasoline",13343,3,"Med"
"Volvo","940","1993","Gasoline",11674,3,"Med"
"Volvo","940","1992","Gasoline",10694,3,"Med"
"Volvo","940","1991","Gasoline",10078,3,"Med"
"Volvo","C30","2012","Gasoline",45028,2,"Med"
"Volvo","C30","2011","Gasoline",41481,2,"Med"
"Volvo","C30","2010","Gasoline",40210,2,"Med"
"Volvo","C30","2009","Gasoline",33025,2,"Med"
"Volvo","C30","2008","Gasoline",28890,2,"Med"
"Volvo","C30","2007","Gasoline",26863,2,"Med"
"Volvo","C30","2009","Gasoline",34901,2.4,"Med"
"Volvo","C30","2008","Gasoline",33838,2.4,"Med"
"Volvo","C30","2007","Gasoline",31080,2.4,"Med"
"Volvo","C30","2011","Gasoline",53682,2.5,"Aut"
"Volvo","C30","2010","Gasoline",51398,2.5,"Aut"
"Volvo","C30","2009","Gasoline",44570,2.5,"Aut"
"Volvo","C30","2008","Gasoline",40075,2.5,"Aut"
"Volvo","C30","2007","Gasoline",38287,2.5,"Aut"
"Volvo","C30","2009","Gasoline",44495,2.5,"Med"
"Volvo","C30","2008","Gasoline",40000,2.5,"Med"
"Volvo","C30","2012","Gasoline",59080,2.5,"Aut"
"Volvo","C30","2011","Gasoline",56965,2.5,"Aut"
"Volvo","S40","2000","Gasoline",17005,1.8,"Aut"
"Volvo","S40","1999","Gasoline",15299,1.8,"Aut"
"Volvo","S40","1998","Gasoline",14650,1.8,"Aut"
"Volvo","S40","1997","Gasoline",13804,1.8,"Aut"
"Volvo","S40","2000","Gasoline",16249,1.8,"Med"
"Volvo","S40","1999","Gasoline",15275,1.8,"Med"
"Volvo","S40","1998","Gasoline",14075,1.8,"Med"
"Volvo","S40","1997","Gasoline",13307,1.8,"Med"
"Volvo","S40","2003","Gasoline",22464,2,"Aut"
"Volvo","S40","2002","Gasoline",19038,2,"Aut"
"Volvo","S40","2001","Gasoline",17854,2,"Aut"
"Volvo","S40","2000","Gasoline",17268,2,"Aut"
"Volvo","S40","1999","Gasoline",16417,2,"Aut"
"Volvo","S40","1998","Gasoline",15542,2,"Aut"
"Volvo","S40","1997","Gasoline",14779,2,"Aut"
"Volvo","S40","2001","Gasoline",17154,2,"Med"
"Volvo","S40","2000","Gasoline",16521,2,"Med"
"Volvo","S40","1999","Gasoline",15668,2,"Med"
"Volvo","S40","1998","Gasoline",14491,2,"Med"
"Volvo","S40","1997","Gasoline",13617,2,"Med"
"Volvo","S40","1996","Gasoline",10752,2,"Med"
"Volvo","S40","2001","Gasoline",18278,2,"Med"
"Volvo","S40","2000","Gasoline",17683,2,"Med"
"Volvo","S40","1999","Gasoline",16812,2,"Med"
"Volvo","S40","1998","Gasoline",15747,2,"Med"
"Volvo","S40","2010","Gasoline",42796,2.4,"Aut"
"Volvo","S40","2009","Gasoline",41088,2.4,"Aut"
"Volvo","S40","2008","Gasoline",36576,2.4,"Aut"
"Volvo","S40","2007","Gasoline",33739,2.4,"Aut"
"Volvo","S40","2006","Gasoline",31360,2.4,"Aut"
"Volvo","S40","2009","Gasoline",50949,2.4,"Aut"
"Volvo","S40","2008","Gasoline",45782,2.4,"Aut"
"Volvo","S40","2007","Gasoline",39133,2.4,"Aut"
"Volvo","S40","2006","Gasoline",34980,2.4,"Aut"
"Volvo","S40","2005","Gasoline",31573,2.4,"Aut"
"Volvo","S40","2004","Gasoline",23433,2,"Aut"
"Volvo","S40","2003","Gasoline",21352,2,"Aut"
"Volvo","S40","2002","Gasoline",19415,2,"Aut"
"Volvo","S40","2001","Gasoline",18810,2,"Aut"
"Volvo","S40","2000","Gasoline",18079,2,"Aut"
"Volvo","S40","1999","Gasoline",17309,2,"Aut"
"Volvo","S40","1998","Gasoline",16003,2,"Aut"
"Volvo","S40","2010","Gasoline",56582,2.5,"Aut"
"Volvo","S40","2009","Gasoline",46032,2.5,"Aut"
"Volvo","S40","2008","Gasoline",44256,2.5,"Aut"
"Volvo","S40","2007","Gasoline",42172,2.5,"Aut"
"Volvo","S40","2006","Gasoline",39204,2.5,"Aut"
"Volvo","S40","2005","Gasoline",35420,2.5,"Aut"
"Volvo","S40","2004","Gasoline",27118,2.5,"Aut"
"Volvo","S60","2007","Gasoline",106304,2.5,"Aut"
"Volvo","S60","2006","Gasoline",86917,2.5,"Aut"
"Volvo","S60","2005","Gasoline",66436,2.5,"Aut"
"Volvo","S60","2004","Gasoline",63855,2.5,"Aut"
"Volvo","S60","2007","Gasoline",83780,2.5,"Med"
"Volvo","S60","2006","Gasoline",76222,2.5,"Med"
"Volvo","S60","2005","Gasoline",63181,2.5,"Med"
"Volvo","S60","2004","Gasoline",52820,2.5,"Med"
"Volvo","S60","2009","Gasoline",39473,2,"Med"
"Volvo","S60","2008","Gasoline",35643,2,"Med"
"Volvo","S60","2007","Gasoline",30959,2,"Med"
"Volvo","S60","2006","Gasoline",29845,2,"Med"
"Volvo","S60","2005","Gasoline",27452,2,"Med"
"Volvo","S60","2004","Gasoline",23370,2,"Med"
"Volvo","S60","2003","Gasoline",21744,2,"Med"
"Volvo","S60","2002","Gasoline",20777,2,"Med"
"Volvo","S60","2001","Gasoline",20055,2,"Med"
"Volvo","S60","2007","Gasoline",45816,2.4,"Med"
"Volvo","S60","2006","Gasoline",40678,2.4,"Med"
"Volvo","S60","2005","Gasoline",37849,2.4,"Med"
"Volvo","S60","2004","Gasoline",36559,2.4,"Med"
"Volvo","S60","2003","Gasoline",27091,2.4,"Med"
"Volvo","S60","2002","Gasoline",23767,2.4,"Med"
"Volvo","S60","2001","Gasoline",21449,2.4,"Med"
"Volvo","S60","2013","Gasoline",56121,1.6,"Med"
"Volvo","S60","2012","Gasoline",53461,1.6,"Med"
"Volvo","S60","2011","Gasoline",51635,1.6,"Med"
"Volvo","S60","Zero KM","Gasoline",142600,2,"Med"
"Volvo","S60","2018","Gasoline",130025,2,"Med"
"Volvo","S60","2017","Gasoline",124384,2,"Med"
"Volvo","S60","Zero KM","Gasoline",155900,2,"Med"
"Volvo","S60","2018","Gasoline",140411,2,"Med"
"Volvo","S60","2017","Gasoline",133823,2,"Med"
"Volvo","S60","2016","Gasoline",129555,2,"Med"
"Volvo","S60","2013","Gasoline",84621,2,"Med"
"Volvo","S60","2012","Gasoline",59910,2,"Med"
"Volvo","S60","2011","Gasoline",56547,2,"Med"
"Volvo","S60","2003","Gasoline",30878,2.3,"Med"
"Volvo","S60","2002","Gasoline",26853,2.3,"Med"
"Volvo","S60","2001","Gasoline",19873,2.3,"Med"
"Volvo","S60","2016","Gasoline",97455,2,"Med"
"Volvo","S60","2015","Gasoline",94440,2,"Med"
"Volvo","S60","2016","Gasoline",113237,2,"Med"
"Volvo","S60","2015","Gasoline",104154,2,"Med"
"Volvo","S60","2015","Gasoline",101221,2,"Med"
"Volvo","S60","2014","Gasoline",92586,2,"Med"
"Volvo","S60","2013","Gasoline",84677,2,"Med"
"Volvo","S60","2011","Gasoline",66743,3,"Med"
"Volvo","S60","Zero KM","Gasoline",232908,2,"Med"
"Volvo","S60","2018","Gasoline",197231,2,"Med"
"Volvo","S60","2017","Gasoline",185346,2,"Med"
"Volvo","S60","2016","Gasoline",146239,2,"Med"
"Volvo","S60","2015","Gasoline",137470,2,"Med"
"Volvo","S60","2015","Gasoline",134278,3,"Med"
"Volvo","S60","2014","Gasoline",114147,3,"Med"
"Volvo","S60","2013","Gasoline",105084,3,"Med"
"Volvo","S60","2012","Gasoline",86565,3,"Med"
"Volvo","S80","2010","Gasoline",106462,4.4,"Aut"
"Volvo","S80","2009","Gasoline",97729,4.4,"Aut"
"Volvo","S80","2008","Gasoline",86568,4.4,"Aut"
"Volvo","S80","2007","Gasoline",78697,4.4,"Aut"
"Volvo","S80","2006","Gasoline",49162,2.8,"Med"
"Volvo","S80","2005","Gasoline",39634,2.8,"Med"
"Volvo","S80","2004","Gasoline",38079,2.8,"Med"
"Volvo","S80","2003","Gasoline",36828,2.8,"Med"
"Volvo","S80","2002","Gasoline",31120,2.8,"Med"
"Volvo","S80","2001","Gasoline",29693,2.8,"Med"
"Volvo","S80","2000","Gasoline",23475,2.8,"Med"
"Volvo","S80","1999","Gasoline",20596,2.8,"Med"
"Volvo","S80","1998","Gasoline",18837,2.8,"Med"
"Volvo","S80","2001","Gasoline",35461,2.8,"Med"
"Volvo","S80","2000","Gasoline",33722,2.8,"Med"
"Volvo","S80","2001","Gasoline",34111,2.8,"Med"
"Volvo","S80","2001","Gasoline",44041,2.8,"Med"
"Volvo","V40","2001","Gasoline",16522,1.8,"Aut"
"Volvo","V40","2000","Gasoline",15361,1.8,"Aut"
"Volvo","V40","1999","Gasoline",14840,1.8,"Aut"
"Volvo","V40","1998","Gasoline",14289,1.8,"Aut"
"Volvo","V40","1997","Gasoline",12954,1.8,"Aut"
"Volvo","V40","2000","Gasoline",14919,1.8,"Med"
"Volvo","V40","1999","Gasoline",14336,1.8,"Med"
"Volvo","V40","1998","Gasoline",13903,1.8,"Med"
"Volvo","V40","1997","Gasoline",11137,1.8,"Med"
"Volvo","V40","2001","Gasoline",17345,2,"Med"
"Volvo","V40","2000","Gasoline",16438,2,"Med"
"Volvo","V40","1999","Gasoline",15702,2,"Med"
"Volvo","V40","1998","Gasoline",15219,2,"Med"
"Volvo","V40","1997","Gasoline",13706,2,"Med"
"Volvo","V40","2003","Gasoline",22148,2,"Aut"
"Volvo","V40","2002","Gasoline",19323,2,"Aut"
"Volvo","V40","2001","Gasoline",18002,2,"Aut"
"Volvo","V40","2000","Gasoline",16842,2,"Aut"
"Volvo","V40","1999","Gasoline",15806,2,"Aut"
"Volvo","V40","1998","Gasoline",15322,2,"Aut"
"Volvo","V40","1997","Gasoline",14273,2,"Aut"
"Volvo","V40","2004","Gasoline",24450,2,"Med"
"Volvo","V40","2003","Gasoline",22782,2,"Med"
"Volvo","V40","2002","Gasoline",20761,2,"Med"
"Volvo","V40","2001","Gasoline",18832,2,"Med"
"Volvo","V40","2000","Gasoline",17494,2,"Med"
"Volvo","V40","1999","Gasoline",16972,2,"Med"
"Volvo","V40","1998","Gasoline",16465,2,"Med"
"Volvo","V40","2016","Gasoline",84200,1.5,"Aut"
"Volvo","V40","2015","Gasoline",76893,2,"Aut"
"Volvo","V40","2014","Gasoline",73568,2,"Aut"
"Volvo","V40","2013","Gasoline",68310,2,"Aut"
"Volvo","V40","2003","Gasoline",22654,2,"Aut"
"Volvo","V40","2002","Gasoline",19598,2,"Aut"
"Volvo","V40","2001","Gasoline",18856,2,"Aut"
"Volvo","V40","2000","Gasoline",17737,2,"Aut"
"Volvo","V40","1999","Gasoline",17008,2,"Aut"
"Volvo","V40","1998","Gasoline",16344,2,"Aut"
"Volvo","V40","Zero KM","Gasoline",161116,2,"Aut"
"Volvo","V40","2018","Gasoline",143958,2,"Aut"
"Volvo","V40","2017","Gasoline",139155,2,"Aut"
"Volvo","V40","Zero KM","Gasoline",123283,2,"Aut"
"Volvo","V40","2018","Gasoline",111025,2,"Aut"
"Volvo","V40","2017","Gasoline",106602,2,"Aut"
"Volvo","V40","Zero KM","Gasoline",148018,2,"Aut"
"Volvo","V40","2018","Gasoline",135200,2,"Aut"
"Volvo","V40","2017","Gasoline",127509,2,"Aut"
"Volvo","V40","2016","Gasoline",109188,2,"Aut"
"Volvo","V40","2016","Gasoline",111281,2,"Aut"
"Volvo","V40","2015","Gasoline",106789,2,"Aut"
"Volvo","V40","2014","Gasoline",94786,2,"Aut"
"Volvo","V40","2013","Gasoline",91118,2,"Aut"
"Volvo","V40","Zero KM","Gasoline",174950,2,"Aut"
"Volvo","V40","2018","Gasoline",158200,2,"Aut"
"Volvo","V40","2017","Gasoline",151625,2,"Aut"
"Volvo","V40","2016","Gasoline",121844,2,"Aut"
"Volvo","V40","2015","Gasoline",108001,2,"Aut"
"Volvo","V40","2014","Gasoline",90877,2,"Aut"
"Volvo","V50","2009","Gasoline",48558,2.4,"Aut"
"Volvo","V50","2008","Gasoline",46143,2.4,"Aut"
"Volvo","V50","2009","Gasoline",49804,2.4,"Aut"
"Volvo","V50","2008","Gasoline",46706,2.4,"Aut"
"Volvo","V50","2007","Gasoline",33488,2.4,"Aut"
"Volvo","V50","2006","Gasoline",32329,2.4,"Aut"
"Volvo","V50","2005","Gasoline",30253,2.4,"Aut"
"Volvo","V50","2011","Gasoline",67131,2.5,"Aut"
"Volvo","V50","2010","Gasoline",57122,2.5,"Aut"
"Volvo","V50","2009","Gasoline",51933,2.5,"Aut"
"Volvo","V50","2008","Gasoline",47945,2.5,"Aut"
"Volvo","V50","2007","Gasoline",35594,2.5,"Aut"
"Volvo","V50","2006","Gasoline",34236,2.5,"Aut"
"Volvo","V50","2005","Gasoline",31001,2.5,"Aut"
"Volvo","V50","2004","Gasoline",28451,2.5,"Aut"
"Volvo","V60","Zero KM","Gasoline",152960,2,"Med"
"Volvo","V60","2018","Gasoline",134331,2,"Med"
"Volvo","V60","2017","Gasoline",128777,2,"Med"
"Volvo","V60","Zero KM","Gasoline",161100,2,"Med"
"Volvo","V60","2018","Gasoline",144950,2,"Med"
"Volvo","V60","2017","Gasoline",139700,2,"Med"
"Volvo","V60","2016","Gasoline",102964,2,"Med"
"Volvo","V60","2015","Gasoline",96387,2,"Med"
"Volvo","V60","2016","Gasoline",117845,2,"Med"
"Volvo","V60","2015","Gasoline",111718,2,"Med"
"Volvo","V60","2015","Gasoline",122194,2,"Med"
"Volvo","V60","2014","Gasoline",100642,2,"Med"
"Volvo","V60","2013","Gasoline",87221,2,"Med"
"Volvo","V60","2012","Gasoline",82183,2,"Med"
"Volvo","V60","Zero KM","Gasoline",243010,2,"Med"
"Volvo","V60","2018","Gasoline",205645,2,"Med"
"Volvo","V60","2017","Gasoline",190274,2,"Med"
"Volvo","V60","2016","Gasoline",165208,2,"Med"
"Volvo","V60","2015","Gasoline",148692,2,"Med"
"Volvo","V60","2015","Gasoline",138084,3,"Med"
"Volvo","V60","2014","Gasoline",131623,3,"Med"
"Volvo","V60","2013","Gasoline",116536,3,"Med"
"Volvo","V60","2012","Gasoline",112994,3,"Med"
"Volvo","V70","2000","Gasoline",22828,2.5,"Med"
"Volvo","V70","1999","Gasoline",17852,2.5,"Med"
"Volvo","V70","1998","Gasoline",16200,2.5,"Med"
"Volvo","V70","1997","Gasoline",14093,2.5,"Med"
"Volvo","V70","2002","Gasoline",21774,2.4,"Med"
"Volvo","V70","2001","Gasoline",21010,2.4,"Med"
"Volvo","V70","2007","Gasoline",79530,2.5,"Aut"
"Volvo","V70","2006","Gasoline",74690,2.5,"Aut"
"Volvo","V70","2005","Gasoline",60298,2.5,"Aut"
"Volvo","V70","2004","Gasoline",58326,2.5,"Aut"
"Volvo","V70","1999","Gasoline",18143,2.5,"Aut"
"Volvo","V70","1998","Gasoline",16544,2.5,"Aut"
"Volvo","V70","2007","Gasoline",69571,2.5,"Med"
"Volvo","V70","2006","Gasoline",67019,2.5,"Med"
"Volvo","V70","2005","Gasoline",58104,2.5,"Med"
"Volvo","V70","2004","Gasoline",56067,2.5,"Med"
"Volvo","V70","2007","Gasoline",43582,2,"Aut"
"Volvo","V70","2006","Gasoline",40038,2,"Aut"
"Volvo","V70","2005","Gasoline",31870,2,"Aut"
"Volvo","V70","2004","Gasoline",30592,2,"Aut"
"Volvo","V70","2003","Gasoline",26629,2,"Aut"
"Volvo","V70","2002","Gasoline",23256,2,"Aut"
"Volvo","V70","2001","Gasoline",27414,2.4,"Med"
"Volvo","V70","2000","Gasoline",21467,2.4,"Med"
"Volvo","V70","2007","Gasoline",47079,2.4,"Med"
"Volvo","V70","2006","Gasoline",41639,2.4,"Med"
"Volvo","V70","2005","Gasoline",36311,2.4,"Med"
"Volvo","V70","2004","Gasoline",35230,2.4,"Med"
"Volvo","V70","2003","Gasoline",32590,2.4,"Med"
"Volvo","V70","2002","Gasoline",30712,2.4,"Med"
"Volvo","V70","2001","Gasoline",28621,2.4,"Med"
"Volvo","V70","2003","Gasoline",32287,2.3,"Med"
"Volvo","V70","2002","Gasoline",28956,2.3,"Med"
"Volvo","V70","2001","Gasoline",23988,2.3,"Med"
"Volvo","V70","2000","Gasoline",21504,2.3,"Med"
"Volvo","V70","1999","Gasoline",18601,2.3,"Med"
"Volvo","V70","1998","Gasoline",14522,2.3,"Med"
"Volvo","V70","1997","Gasoline",11792,2.3,"Med"
"Volvo","XC","2015","Gasoline",106969,2,"Med"
"Volvo","XC","2014","Gasoline",95761,2,"Med"
"Volvo","XC","2013","Gasoline",77115,2,"Med"
"Volvo","XC","2012","Gasoline",66751,2,"Med"
"Volvo","XC","2011","Gasoline",63075,2,"Med"
"Volvo","XC","2015","Gasoline",155112,3,"Med"
"Volvo","XC","2014","Gasoline",129541,3,"Med"
"Volvo","XC","2013","Gasoline",112521,3,"Med"
"Volvo","XC","2012","Gasoline",85122,3,"Med"
"Volvo","XC","2011","Gasoline",70340,3,"Med"
"Volvo","XC","2010","Gasoline",61073,3,"Med"
"Volvo","XC","2009","Gasoline",54944,3,"Med"
"Volvo","XC","2017","Diesel",177001,2.4,"Med"
"Volvo","XC","2017","Diesel",187605,2.4,"Med"
"Volvo","XC","2015","Diesel",161555,2.4,"Med"
"Volvo","XC","2015","Gasoline",183558,3,"Med"
"Volvo","XC","2014","Gasoline",172917,3,"Med"
"Volvo","XC","2013","Gasoline",149156,3,"Med"
"Volvo","XC","2012","Gasoline",108882,3,"Med"
"Volvo","XC","2011","Gasoline",79943,3,"Med"
"Volvo","XC","2017","Gasoline",192425,2,"Med"
"Volvo","XC","Zero KM","Gasoline",259888,2,"Med"
"Volvo","XC","2018","Gasoline",224501,2,"Med"
"Volvo","XC","2017","Gasoline",141771,2,"Med"
"Volvo","XC","2016","Gasoline",136432,2,"Med"
"Volvo","XC","2017","Gasoline",169930,2,"Med"
"Volvo","XC","2016","Gasoline",150301,2,"Med"
"Volvo","XC","Zero KM","Gasoline",239880,2,"Med"
"Volvo","XC","2018","Gasoline",216010,2,"Med"
"Volvo","XC","Zero KM","Gasoline",275155,2,"Med"
"Volvo","XC","2018","Gasoline",233411,2,"Med"
"Volvo","XC","2017","Gasoline",186610,2,"Med"
"Volvo","XC","2016","Gasoline",156406,2,"Med"
"Volvo","XC","2015","Gasoline",128489,2,"Med"
"Volvo","XC","2014","Gasoline",115238,2,"Med"
"Volvo","XC","2013","Gasoline",94327,2,"Med"
"Volvo","XC","2012","Gasoline",77726,2,"Med"
"Volvo","XC","2016","Gasoline",191901,2,"Med"
"Volvo","XC","2015","Gasoline",154800,2,"Med"
"Volvo","XC","2007","Gasoline",42641,2.5,"Med"
"Volvo","XC","2006","Gasoline",39000,2.5,"Med"
"Volvo","XC","2005","Gasoline",37472,2.5,"Med"
"Volvo","XC","2013","Gasoline",91215,3.2,"Med"
"Volvo","XC","2012","Gasoline",79778,3.2,"Med"
"Volvo","XC","2011","Gasoline",67990,3.2,"Med"
"Volvo","XC","2010","Gasoline",59862,3.2,"Med"
"Volvo","XC","2009","Gasoline",53763,3.2,"Med"
"Volvo","XC","2008","Gasoline",42580,3.2,"Med"
"Volvo","XC","2011","Gasoline",118316,4.4,"Med"
"Volvo","XC","2010","Gasoline",85550,4.4,"Med"
"Volvo","XC","2009","Gasoline",73736,4.4,"Med"
"Volvo","XC","2008","Gasoline",57693,4.4,"Med"
"Volvo","XC","2007","Gasoline",55614,4.4,"Med"
"Volvo","XC","2006","Gasoline",47436,4.4,"Med"
"Volvo","XC","2005","Gasoline",43495,4.4,"Med"
"Volvo","XC","Zero KM","Diesel",418646,2,"Med"
"Volvo","XC","2018","Diesel",384155,2,"Med"
"Volvo","XC","2017","Diesel",363030,2,"Med"
"Volvo","XC","Zero KM","Diesel",369116,2,"Med"
"Volvo","XC","2018","Diesel",334511,2,"Med"
"Volvo","XC","2017","Diesel",324542,2,"Med"
"Volvo","XC","2016","Diesel",299188,2,"Med"
"Volvo","XC","2006","Gasoline",47244,2.9,"Med"
"Volvo","XC","2005","Gasoline",43207,2.9,"Med"
"Volvo","XC","2004","Gasoline",41397,2.9,"Med"
"Volvo","XC","2003","Gasoline",36418,2.9,"Med"
"Volvo","XC","2016","Gasoline",337020,2,"Med"
"Volvo","XC","Zero KM","Gasoline",372600,2,"Med"
"Volvo","XC","2018","Gasoline",343742,2,"Med"
"Volvo","XC","2017","Gasoline",333499,2,"Med"
"Volvo","XC","2016","Gasoline",309656,2,"Med"
"Volvo","XC","Zero KM","Gasoline",337278,2,"Med"
"Volvo","XC","2018","Gasoline",309079,2,"Med"
"Volvo","XC","2017","Gasoline",299603,2,"Med"
"Volvo","XC","2016","Gasoline",281336,2,"Med"
"Volvo","XC","Zero KM","Gasoline",516466,2,"Med"
"Volvo","XC","2018","Gasoline",472095,2,"Med"
"Volvo","XC","2017","Gasoline",457056,2,"Med"
"Volvo","XC","Zero KM","Gasoline",434667,2,"Med"
"Volvo","XC","2018","Gasoline",403060,2,"Med"
"Volvo","XC","2017","Gasoline",390495,2,"Med"
"Acura","Integra","1992","Gasoline",12288,1.8,"Med"
"Acura","Integra","1991","Gasoline",11244,1.8,"Med"
"Audi","Q7","Zero KM","Diesel",424329,3,"Med"
"Audi","Q7","2018","Diesel",386710,3,"Med"
"Audi","Q7","2017","Diesel",374015,3,"Med"
"Audi","Q7","2010","Gasoline",98048,3.6,"Med"
"Audi","Q7","2009","Gasoline",93404,3.6,"Med"
"Audi","Q7","2008","Gasoline",86182,3.6,"Med"
"Baby","Buggy","1997","Gasoline",5243,1.6,"Med"
"Baby","Buggy","1996","Gasoline",5083,1.6,"Med"
"Baby","Buggy","1995","Gasoline",4560,1.6,"Med"
"Baby","Buggy","1994","Gasoline",4387,1.6,"Med"
"Baby","Buggy","1993","Gasoline",4244,1.6,"Med"
"Baby","Buggy","1992","Gasoline",3960,1.6,"Med"
"Baby","Buggy","1991","Gasoline",3837,1.6,"Med"
"Baby","Buggy","1990","Gasoline",3725,1.6,"Med"
"Baby","Buggy","1989","Gasoline",3223,1.6,"Med"
"Baby","Buggy","1988","Gasoline",2790,1.6,"Med"
"Baby","Buggy","Zero KM","Gasoline",37255,1.6,"Med"
"Baby","Buggy","2018","Gasoline",29843,1.6,"Med"
"Baby","Buggy","2017","Gasoline",26849,1.6,"Med"
"Baby","Buggy","2016","Gasoline",24939,1.6,"Med"
"Baby","Buggy","2015","Gasoline",23955,1.6,"Med"
"Baby","Buggy","2012","Gasoline",18489,1.6,"Med"
"Baby","Buggy","2011","Gasoline",16498,1.6,"Med"
"Baby","Buggy","2010","Gasoline",15812,1.6,"Med"
"Baby","Buggy","2009","Gasoline",14802,1.6,"Med"
"Baby","Buggy","2008","Gasoline",13287,1.6,"Med"
"Baby","Buggy","2007","Gasoline",10331,1.6,"Med"
"Baby","Buggy","2006","Gasoline",9912,1.6,"Med"
"Baby","Buggy","2005","Gasoline",8563,1.6,"Med"
"Baby","Buggy","1999","Gasoline",7302,1.6,"Med"
"Baby","Buggy","1998","Gasoline",6069,1.6,"Med"
"Baby","Buggy","1997","Gasoline",5377,1.6,"Med"
"Baby","Buggy","1996","Gasoline",5210,1.6,"Med"
"Baby","Buggy","1995","Gasoline",4950,1.6,"Med"
"Baby","Buggy","1994","Gasoline",4655,1.6,"Med"
"Baby","Buggy","1993","Gasoline",4409,1.6,"Med"
"Baby","Buggy","1992","Gasoline",4211,1.6,"Med"
"Baby","Buggy","1991","Gasoline",4078,1.6,"Med"
"Baby","Buggy","1990","Gasoline",3951,1.6,"Med"
"Baby","Buggy","1989","Gasoline",3661,1.6,"Med"
"Baby","Buggy","1988","Gasoline",3515,1.6,"Med"
"Baby","Buggy","1987","Gasoline",3355,1.6,"Med"
"Baby","Buggy","1986","Gasoline",3205,1.6,"Med"
"Baby","Buggy","1985","Gasoline",3042,1.6,"Med"
"BMW","120iA","2009","Gasoline",47565,2,"Med"
"BMW","120iA","2008","Gasoline",44020,2,"Med"
"BMW","528iA","2014","Gasoline",139707,2,"Med"
"BMW","528iA","2013","Gasoline",124995,2,"Med"
"BMW","528iA","2012","Gasoline",120331,2,"Med"
"BMW","530i","Zero KM","Gasoline",319103,2,"Aut"
"BMW","530i","2018","Gasoline",297820,2,"Aut"
"BMW","530i","2017","Gasoline",288844,2,"Aut"
"BMW","540i","Zero KM","Gasoline",417827,3,"Aut"
"BMW","540i","2018","Gasoline",379140,3,"Aut"
"BMW","540i","2017","Gasoline",340565,3,"Aut"
"BMW","650iA","2012","Gasoline",270984,4.4,"Med"
"BMW","i8","Zero KM","Gasoline",794224,1.5,"Aut"
"BMW","i8","2016","Gasoline",698308,1.5,"Aut"
"BMW","i8","2015","Gasoline",609392,1.5,"Aut"
"BMW","X1","2014","Gasoline",100976,2,"Aut"
"BMW","X1","2013","Gasoline",90509,2,"Aut"
"BMW","X1","2012","Gasoline",83543,2,"Aut"
"BMW","X1","2012","Gasoline",85046,3,"Aut"
"BMW","X1","2011","Gasoline",77000,3,"Aut"
"BMW","X1","2010","Gasoline",71998,3,"Aut"
"BMW","X1","2015","Gasoline",141966,2,"Aut"
"BMW","X2","Zero KM","Gasoline",246760,2,"Aut"
"BMW","X2","2018","Gasoline",220100,2,"Aut"
"BMW","X3","2009","Gasoline",63485,2.5,"Med"
"BMW","X3","2008","Gasoline",60150,2.5,"Med"
"BMW","X3","2007","Gasoline",52436,2.5,"Med"
"BMW","X3","2006","Gasoline",49936,2.5,"Med"
"BMW","X3","2005","Gasoline",48217,2.5,"Med"
"BMW","X3","2004","Gasoline",41472,2.5,"Med"
"BMW","X3","2006","Gasoline",55598,3,"Med"
"BMW","X3","2005","Gasoline",51170,3,"Med"
"BMW","X3","2004","Gasoline",43371,3,"Med"
"BMW","X3","Zero KM","Gasoline",397120,3,"Aut"
"BMW","X3","2018","Gasoline",363300,3,"Aut"
"BMW","X3","2010","Gasoline",61150,2.5,"Med"
"BMW","X3","2009","Gasoline",58458,2.5,"Med"
"BMW","X3","2008","Gasoline",56412,2.5,"Med"
"BMW","X3","2007","Gasoline",52450,2.5,"Med"
"BMW","X3","2006","Gasoline",49337,2.5,"Med"
"BMW","X3","2010","Gasoline",74473,3,"Med"
"BMW","X3","2009","Gasoline",64975,3,"Med"
"BMW","X3","2008","Gasoline",60250,3,"Med"
"BMW","X3","2007","Gasoline",56549,3,"Med"
"BMW","X3","2006","Gasoline",54125,3,"Med"
"BMW","X3","2005","Gasoline",47794,3,"Med"
"BMW","X3","2004","Gasoline",39506,3,"Med"
"BMW","X3","2017","Gasoline",192279,2,"Aut"
"BMW","X3","2016","Gasoline",177371,2,"Aut"
"BMW","X3","2015","Gasoline",153539,2,"Aut"
"BMW","X3","2014","Gasoline",133662,2,"Aut"
"BMW","X3","2013","Gasoline",119630,2,"Aut"
"BMW","X3","2012","Gasoline",111521,2,"Aut"
"BMW","X3","2015","Gasoline",181325,2,"Aut"
"BMW","X3","2014","Gasoline",134900,2,"Aut"
"BMW","X3","2013","Gasoline",123525,2,"Aut"
"BMW","X3","2012","Gasoline",106291,3,"Med"
"BMW","X3","2011","Gasoline",101837,3,"Med"
"BMW","X3","Zero KM","Gasoline",308807,2,"Med"
"BMW","X3","2018","Gasoline",282765,2,"Med"
"BMW","X3","Zero KM","Gasoline",317878,3,"Med"
"BMW","X3","2017","Gasoline",294885,3,"Med"
"BMW","X3","2016","Gasoline",242574,3,"Med"
"BMW","X3","2015","Gasoline",207489,3,"Med"
"BMW","X3","2014","Gasoline",159840,3,"Med"
"BMW","X3","2013","Gasoline",141343,3,"Med"
"BMW","X3","2012","Gasoline",122586,3,"Med"
"BMW","X3","2011","Gasoline",106079,3,"Med"
"BMW","X5","2010","Gasoline",247759,4.8,"Aut"
"BMW","X5","2009","Gasoline",237761,4.8,"Aut"
"BRM","Buggy","Zero KM","Gasoline",43610,1.6,"Med"
"BRM","Buggy","2018","Gasoline",36544,1.6,"Med"
"BRM","Buggy","2017","Gasoline",34918,1.6,"Med"
"BRM","Buggy","2016","Gasoline",33467,1.6,"Med"
"BRM","Buggy","2014","Gasoline",32159,1.6,"Med"
"BRM","Buggy","2013","Gasoline",28881,1.6,"Med"
"BRM","Buggy","2012","Gasoline",27381,1.6,"Med"
"BRM","Buggy","2011","Gasoline",25170,1.6,"Med"
"BRM","Buggy","2010","Gasoline",24089,1.6,"Med"
"BRM","Buggy","2009","Gasoline",22773,1.6,"Med"
"BRM","Buggy","2008","Gasoline",18821,1.6,"Med"
"BRM","Buggy","2007","Gasoline",16652,1.6,"Med"
"BRM","Buggy","2006","Gasoline",15989,1.6,"Med"
"BRM","Buggy","2005","Gasoline",14349,1.6,"Med"
"BRM","Buggy/M-8/M-8","Zero KM","Gasoline",34685,1.6,"Med"
"BRM","Buggy/M-8/M-8","2018","Gasoline",28490,1.6,"Med"
"BRM","Buggy/M-8/M-8","2017","Gasoline",27464,1.6,"Med"
"BRM","Buggy/M-8/M-8","2016","Gasoline",25415,1.6,"Med"
"BRM","Buggy/M-8/M-8","2014","Gasoline",22612,1.6,"Med"
"BRM","Buggy/M-8/M-8","2013","Gasoline",21454,1.6,"Med"
"BRM","Buggy/M-8/M-8","2012","Gasoline",20465,1.6,"Med"
"BRM","Buggy/M-8/M-8","2011","Gasoline",19845,1.6,"Med"
"BRM","Buggy/M-8/M-8","2010","Gasoline",19121,1.6,"Med"
"BRM","Buggy/M-8/M-8","2009","Gasoline",18394,1.6,"Med"
"BRM","Buggy/M-8/M-8","2008","Gasoline",17742,1.6,"Med"
"BRM","Buggy/M-8/M-8","2007","Gasoline",16772,1.6,"Med"
"BRM","Buggy/M-8/M-8","2006","Gasoline",15065,1.6,"Med"
"BRM","Buggy/M-8/M-8","2005","Gasoline",14581,1.6,"Med"
"BRM","Buggy/M-8/M-8","2004","Gasoline",13909,1.6,"Med"
"BRM","Buggy/M-8/M-8","2003","Gasoline",12953,1.6,"Med"
"BRM","Buggy/M-8/M-8","2002","Gasoline",12172,1.6,"Med"
"BRM","Buggy/M-8/M-8","2001","Gasoline",10893,1.6,"Med"
"BRM","Buggy/M-8/M-8","2000","Gasoline",9717,1.6,"Med"
"BRM","Buggy/M-8/M-8","1999","Gasoline",9377,1.6,"Med"
"BRM","Buggy/M-8/M-8","1998","Gasoline",7599,1.6,"Med"
"BRM","Buggy/M-8/M-8","1997","Gasoline",7326,1.6,"Med"
"BRM","Buggy/M-8/M-8","1996","Gasoline",6719,1.6,"Med"
"BRM","Buggy/M-8/M-8","1995","Gasoline",6122,1.6,"Med"
"BRM","Buggy/M-8/M-8","1994","Gasoline",5892,1.6,"Med"
"BRM","Buggy/M-8/M-8","1993","Gasoline",5706,1.6,"Med"
"BRM","Buggy/M-8/M-8","1992","Gasoline",5178,1.6,"Med"
"BRM","Buggy/M-8/M-8","1991","Gasoline",4999,1.6,"Med"
"BRM","Buggy/M-8/M-8","1990","Gasoline",4805,1.6,"Med"
"BRM","Buggy/M-8/M-8","1989","Gasoline",4550,1.6,"Med"
"BRM","Buggy/M-8/M-8","1988","Gasoline",4239,1.6,"Med"
"BRM","Buggy/M-8/M-8","1987","Gasoline",4109,1.6,"Med"
"BRM","Buggy/M-8/M-8","1986","Gasoline",3734,1.6,"Med"
"BRM","Buggy/M-8/M-8","1985","Gasoline",3491,1.6,"Med"
"Cadillac","Deville/Eldorado","1995","Gasoline",73956,4.9,"Med"
"Cadillac","Deville/Eldorado","1994","Gasoline",55203,4.9,"Med"
"Cadillac","Deville/Eldorado","1993","Gasoline",50047,4.9,"Med"
"Cadillac","Deville/Eldorado","1992","Gasoline",35737,4.9,"Med"
"Cadillac","Deville/Eldorado","1991","Gasoline",33031,4.9,"Med"
"Cadillac","Seville","1996","Gasoline",66904,4.6,"Med"
"Cadillac","Seville","1995","Gasoline",63544,4.6,"Med"
"Cadillac","Seville","1994","Gasoline",48969,4.6,"Med"
"Cadillac","Seville","1993","Gasoline",38947,4.6,"Med"
"Cadillac","Seville","1992","Gasoline",34088,4.6,"Med"
"Cadillac","Seville","1991","Gasoline",27834,4.6,"Med"
"CBT Jipe","Javali","1995","Diesel",23221,3,"Med"
"CBT Jipe","Javali","1994","Diesel",19718,3,"Med"
"CBT Jipe","Javali","1993","Diesel",18902,3,"Med"
"CBT Jipe","Javali","1992","Diesel",18289,3,"Med"
"CBT Jipe","Javali","1991","Diesel",17653,3,"Med"
"CBT Jipe","Javali","1990","Diesel",16523,3,"Med"
"CBT Jipe","Javali","1989","Diesel",15251,3,"Med"
"CBT Jipe","Javali","1988","Diesel",10112,3,"Med"
"CHANGAN","MINI","2012","Gasoline",20052,1,"Med"
"CHANGAN","MINI","2012","Gasoline",20564,1,"Med"
"CHANGAN","MINI","2011","Gasoline",15718,1,"Med"
"CHANGAN","MINI","2012","Gasoline",18915,1,"Med"
"CHANGAN","MINI","2011","Gasoline",15370,1,"Med"
"CHANGAN","MINI","2012","Gasoline",23088,1,"Med"
"CHANGAN","MINI","2012","Gasoline",17295,1,"Med"
"CHANGAN","MINI","2012","Gasoline",22873,1,"Med"
"CHERY","QQ","Zero KM","Gasoline",26234,1,"Med"
"CHERY","QQ","2018","Gasoline",23918,1,"Med"
"CHERY","Tiggo","2015","Gasoline",37776,2,"Med"
"CHERY","Tiggo","2014","Gasoline",33924,2,"Med"
"CHERY","Tiggo","2013","Gasoline",31542,2,"Med"
"CHERY","Tiggo","2012","Gasoline",24529,2,"Med"
"CHERY","Tiggo","2011","Gasoline",22843,2,"Med"
"CHERY","Tiggo","2010","Gasoline",22088,2,"Med"
"CHERY","Tiggo","2009","Gasoline",21398,2,"Med"
"GM - Chevrolet","S10","2000","Diesel",25633,2.5,"Med"
"GM - Chevrolet","S10","1999","Diesel",23465,2.5,"Med"
"GM - Chevrolet","S10","1998","Diesel",21765,2.5,"Med"
"GM - Chevrolet","S10","1997","Diesel",19410,2.5,"Med"
"GM - Chevrolet","S10","1996","Diesel",17820,2.5,"Med"
"GM - Chevrolet","S10","2007","Gasoline",32312,2.4,"Med"
"GM - Chevrolet","S10","2006","Gasoline",29379,2.4,"Med"
"GM - Chevrolet","S10","2005","Gasoline",28031,2.4,"Med"
"GM - Chevrolet","S10","2005","Diesel",38791,2.8,"Med"
"GM - Chevrolet","S10","2004","Diesel",36327,2.8,"Med"
"GM - Chevrolet","S10","2003","Diesel",34698,2.8,"Med"
"GM - Chevrolet","S10","2002","Diesel",31924,2.8,"Med"
"GM - Chevrolet","S10","2001","Diesel",30744,2.8,"Med"
"GM - Chevrolet","S10","2000","Diesel",27642,2.8,"Med"
"GM - Chevrolet","S10","2016","Gasoline",71252,2.4,"Med"
"GM - Chevrolet","S10","2012","Gasoline",43394,2.4,"Med"
"GM - Chevrolet","S10","2011","Gasoline",39205,2.4,"Med"
"GM - Chevrolet","S10","2010","Gasoline",37752,2.4,"Med"
"GM - Chevrolet","S10","2009","Gasoline",35184,2.4,"Med"
"GM - Chevrolet","S10","2008","Gasoline",33946,2.4,"Med"
"GM - Chevrolet","S10","2007","Gasoline",32389,2.4,"Med"
"GM - Chevrolet","S10","2006","Gasoline",30115,2.4,"Med"
"GM - Chevrolet","S10","2012","Diesel",62967,2.8,"Med"
"GM - Chevrolet","S10","2011","Diesel",50347,2.8,"Med"
"GM - Chevrolet","S10","2010","Diesel",48485,2.8,"Med"
"GM - Chevrolet","S10","2009","Diesel",45074,2.8,"Med"
"GM - Chevrolet","S10","2008","Diesel",43598,2.8,"Med"
"GM - Chevrolet","S10","2007","Diesel",42156,2.8,"Med"
"GM - Chevrolet","S10","2006","Diesel",40895,2.8,"Med"
"GM - Chevrolet","S10","2005","Diesel",39685,2.8,"Med"
"GM - Chevrolet","S10","2000","Diesel",29212,2.5,"Med"
"GM - Chevrolet","S10","1999","Diesel",28082,2.5,"Med"
"GM - Chevrolet","S10","1998","Diesel",26743,2.5,"Med"
"GM - Chevrolet","S10","1997","Diesel",25716,2.5,"Med"
"GM - Chevrolet","S10","1996","Diesel",19832,2.5,"Med"
"GM - Chevrolet","S10","2000","Diesel",31147,2.5,"Med"
"GM - Chevrolet","S10","1999","Diesel",29807,2.5,"Med"
"GM - Chevrolet","S10","1998","Diesel",27629,2.5,"Med"
"GM - Chevrolet","S10","1997","Diesel",26326,2.5,"Med"
"GM - Chevrolet","S10","1996","Diesel",21751,2.5,"Med"
"GM - Chevrolet","S10","2006","Diesel",44431,2.8,"Med"
"GM - Chevrolet","S10","2005","Diesel",43101,2.8,"Med"
"GM - Chevrolet","S10","2004","Diesel",41707,2.8,"Med"
"GM - Chevrolet","S10","2003","Diesel",40338,2.8,"Med"
"GM - Chevrolet","S10","2002","Diesel",37645,2.8,"Med"
"GM - Chevrolet","S10","2001","Diesel",36458,2.8,"Med"
"GM - Chevrolet","S10","2000","Diesel",33852,2.8,"Med"
"GM - Chevrolet","S10","2011","Diesel",58349,2.8,"Med"
"GM - Chevrolet","S10","2010","Diesel",55232,2.8,"Med"
"GM - Chevrolet","S10","2009","Diesel",50990,2.8,"Med"
"GM - Chevrolet","S10","2008","Diesel",48880,2.8,"Med"
"GM - Chevrolet","S10","2007","Diesel",46442,2.8,"Med"
"GM - Chevrolet","S10","2006","Diesel",44251,2.8,"Med"
"GM - Chevrolet","S10","2005","Diesel",42913,2.8,"Med"
"Chrysler","300","2009","Gasoline",65900,3.5,"Med"
"Chrysler","300","2008","Gasoline",63884,3.5,"Med"
"Chrysler","300","2007","Gasoline",60495,3.5,"Med"
"Chrysler","300","2015","Gasoline",170493,3.6,"Aut"
"Chrysler","300","2014","Gasoline",132867,3.6,"Aut"
"Chrysler","300","2012","Gasoline",91432,3.6,"Aut"
"Chrysler","300","2009","Gasoline",89759,5.7,"Aut"
"Chrysler","300","2008","Gasoline",84236,5.7,"Aut"
"Chrysler","300","2007","Gasoline",70550,5.7,"Aut"
"Chrysler","300","2006","Gasoline",67754,5.7,"Aut"
"Chrysler","300","2005","Gasoline",61129,5.7,"Aut"
"Chrysler","300","2010","Gasoline",148480,6.1,"Med"
"Chrysler","300","2009","Gasoline",125678,6.1,"Med"
"Chrysler","300","2008","Gasoline",117250,6.1,"Med"
"Chrysler","300","2007","Gasoline",99828,6.1,"Med"
"Chrysler","300","2006","Gasoline",91093,6.1,"Med"
"Chrysler","300","2009","Gasoline",98948,5.7,"Aut"
"Chrysler","300","2008","Gasoline",92745,5.7,"Aut"
"Chrysler","300","2007","Gasoline",88845,5.7,"Aut"
"Chrysler","300","2006","Gasoline",79526,5.7,"Aut"
"Chrysler","300","2005","Gasoline",76689,5.7,"Aut"
"Chrysler","300","2001","Gasoline",29530,3.5,"Med"
"Chrysler","300","2000","Gasoline",28451,3.5,"Med"
"Chrysler","300","1999","Gasoline",27456,3.5,"Med"
"Chrysler","300","1998","Gasoline",22402,3.5,"Med"
"Chrysler","Caravan","2000","Gasoline",17025,3.3,"Med"
"Chrysler","Caravan","1999","Gasoline",16503,3.3,"Med"
"Chrysler","Caravan","1998","Gasoline",15762,3.3,"Med"
"Chrysler","Caravan","1997","Gasoline",14789,3.3,"Med"
"Chrysler","Caravan","1996","Gasoline",13000,3.3,"Med"
"Chrysler","Caravan","1995","Gasoline",10989,3.3,"Med"
"Chrysler","Caravan","1994","Gasoline",9549,3.3,"Med"
"Chrysler","Caravan","1993","Gasoline",8682,3.3,"Med"
"Chrysler","Caravan","2007","Gasoline",30220,3.3,"Med"
"Chrysler","Caravan","2006","Gasoline",29101,3.3,"Med"
"Chrysler","Caravan","2005","Gasoline",27907,3.3,"Med"
"Chrysler","Caravan","1999","Gasoline",18548,3.8,"Med"
"Chrysler","Caravan","1998","Gasoline",17784,3.8,"Med"
"Chrysler","Caravan","1997","Gasoline",16287,3.8,"Med"
"Chrysler","Caravan","2001","Gasoline",18722,2.4,"Med"
"Chrysler","Caravan","2000","Gasoline",17772,2.4,"Med"
"Chrysler","Caravan","1999","Gasoline",16984,2.4,"Med"
"Chrysler","Caravan","1998","Gasoline",15809,2.4,"Med"
"Chrysler","Caravan","1997","Gasoline",14842,2.4,"Med"
"Chrysler","Caravan","1996","Gasoline",13412,2.4,"Med"
"Chrysler","Caravan","1995","Gasoline",12705,2.4,"Med"
"Chrysler","Caravan","1994","Gasoline",11736,2.4,"Med"
"Chrysler","Caravan","1993","Gasoline",9198,2.4,"Med"
"Chrysler","Cirrus","1995","Gasoline",10233,2.5,"Med"
"Chrysler","Grand","2001","Gasoline",24974,3.3,"Med"
"Chrysler","Grand","2000","Gasoline",19031,3.3,"Med"
"Chrysler","Grand","1999","Gasoline",18403,3.3,"Med"
"Chrysler","Grand","1998","Gasoline",17185,3.3,"Med"
"Chrysler","Grand","1997","Gasoline",16140,3.3,"Med"
"Chrysler","Grand","1996","Gasoline",15334,3.3,"Med"
"Chrysler","Grand","1995","Gasoline",14839,3.3,"Med"
"Chrysler","Grand","1994","Gasoline",13955,3.3,"Med"
"Chrysler","Grand","1993","Gasoline",12475,3.3,"Med"
"Chrysler","Grand","2007","Gasoline",37972,3.3,"Med"
"Chrysler","Grand","2006","Gasoline",34221,3.3,"Med"
"Chrysler","Grand","2005","Gasoline",32000,3.3,"Med"
"Chrysler","Grand","2004","Gasoline",29440,3.3,"Med"
"Chrysler","Grand","2003","Gasoline",26299,3.3,"Med"
"Chrysler","Grand","2002","Gasoline",25223,3.3,"Med"
"Chrysler","Grand","2001","Gasoline",25492,3.8,"Med"
"Chrysler","Grand","2000","Gasoline",22520,3.8,"Med"
"Chrysler","Grand","1999","Gasoline",20560,3.8,"Med"
"Chrysler","Grand","1998","Gasoline",19168,3.8,"Med"
"Chrysler","Grand","2006","Gasoline",31153,3.3,"Med"
"Chrysler","Grand","2005","Gasoline",28633,3.3,"Med"
"Chrysler","Grand","2004","Gasoline",26608,3.3,"Med"
"Chrysler","Grand","2003","Gasoline",25460,3.3,"Med"
"Chrysler","Grand","2002","Gasoline",24691,3.3,"Med"
"Chrysler","Grand","1996","Gasoline",15528,3.3,"Med"
"Chrysler","Grand","1995","Gasoline",13899,3.3,"Med"
"Chrysler","Grand","1994","Gasoline",11338,3.3,"Med"
"Chrysler","Grand","1993","Gasoline",10801,3.3,"Med"
"Chrysler","LE","1993","Gasoline",14249,3,"Med"
"Chrysler","LE","1992","Gasoline",13751,3,"Med"
"Chrysler","LE","1995","Gasoline",18075,3,"Med"
"Chrysler","LE","1994","Gasoline",17458,3,"Med"
"Chrysler","LE","1993","Gasoline",15576,3,"Med"
"Chrysler","LE","1992","Gasoline",12810,3,"Med"
"Chrysler","Neon","1999","Gasoline",8847,1.8,"Med"
"Chrysler","Neon","1998","Gasoline",8549,1.8,"Med"
"Chrysler","Neon","1997","Gasoline",7557,1.8,"Med"
"Chrysler","Neon","2001","Gasoline",13760,2,"Med"
"Chrysler","Neon","2000","Gasoline",13353,2,"Med"
"Chrysler","Neon","1999","Gasoline",12138,2,"Med"
"Chrysler","Neon","1998","Gasoline",10927,2,"Med"
"Chrysler","Neon","1997","Gasoline",9892,2,"Med"
"Chrysler","Neon","1996","Gasoline",7005,2,"Med"
"Chrysler","Neon","1995","Gasoline",5884,2,"Med"
"Chrysler","Neon","1994","Gasoline",4980,2,"Med"
"Chrysler","Neon","1999","Gasoline",12405,1.8,"Med"
"Chrysler","Neon","1998","Gasoline",11441,1.8,"Med"
"Chrysler","Neon","1997","Gasoline",10091,1.8,"Med"
"Chrysler","Neon","1996","Gasoline",7883,1.8,"Med"
"Chrysler","Neon","1995","Gasoline",7526,1.8,"Med"
"Chrysler","Neon","1994","Gasoline",5763,1.8,"Med"
"Chrysler","PT","2007","Gasoline",51312,2.4,"Med"
"Chrysler","PT","2006","Gasoline",49691,2.4,"Med"
"Chrysler","PT","2009","Gasoline",27774,2.4,"Med"
"Chrysler","PT","2008","Gasoline",25490,2.4,"Med"
"Chrysler","PT","2007","Gasoline",24267,2.4,"Med"
"Chrysler","PT","2006","Gasoline",23531,2.4,"Med"
"Chrysler","PT","2004","Gasoline",24190,2,"Med"
"Chrysler","PT","2003","Gasoline",23168,2,"Med"
"Chrysler","PT","2002","Gasoline",21855,2,"Med"
"Chrysler","PT","2001","Gasoline",20758,2,"Med"
"Chrysler","PT","2009","Gasoline",30758,2.4,"Med"
"Chrysler","PT","2008","Gasoline",27314,2.4,"Med"
"Chrysler","PT","2007","Gasoline",25672,2.4,"Med"
"Chrysler","PT","2006","Gasoline",24829,2.4,"Med"
"Chrysler","PT","2005","Gasoline",23699,2.4,"Med"
"Chrysler","PT","2010","Gasoline",33895,2.4,"Med"
"Chrysler","Sebring","2003","Gasoline",25616,2.7,"Med"
"Chrysler","Sebring","2002","Gasoline",24042,2.7,"Med"
"Chrysler","Sebring","2001","Gasoline",21884,2.7,"Med"
"Chrysler","Stratus","2001","Gasoline",16721,2,"Med"
"Chrysler","Stratus","2000","Gasoline",15491,2,"Med"
"Chrysler","Stratus","1999","Gasoline",14378,2,"Med"
"Chrysler","Stratus","1998","Gasoline",12346,2,"Med"
"Chrysler","Stratus","1997","Gasoline",9422,2,"Med"
"Chrysler","Stratus","1996","Gasoline",9010,2,"Med"
"Chrysler","Stratus","1998","Gasoline",12679,2,"Med"
"Chrysler","Stratus","1997","Gasoline",10886,2,"Med"
"Chrysler","Stratus","1996","Gasoline",10291,2,"Med"
"Chrysler","Stratus","2000","Gasoline",16985,2.5,"Med"
"Chrysler","Stratus","1999","Gasoline",15021,2.5,"Med"
"Chrysler","Stratus","1998","Gasoline",14290,2.5,"Med"
"Chrysler","Stratus","1997","Gasoline",10901,2.5,"Med"
"Chrysler","Stratus","1996","Gasoline",10401,2.5,"Med"
"Chrysler","Stratus","1995","Gasoline",8742,2.5,"Med"
"Chrysler","Stratus","1999","Gasoline",34649,2.5,"Med"
"Chrysler","Stratus","1998","Gasoline",31277,2.5,"Med"
"Chrysler","Stratus","1997","Gasoline",28298,2.5,"Med"
"Chrysler","Stratus","1996","Gasoline",27316,2.5,"Med"
"Chrysler","TOWN","2015","Gasoline",187633,3.8,"Aut"
"Chrysler","TOWN","2014","Gasoline",163489,3.8,"Aut"
"Chrysler","TOWN","2013","Gasoline",138871,3.8,"Aut"
"Chrysler","TOWN","2012","Gasoline",90325,3.8,"Aut"
"Chrysler","TOWN","2011","Gasoline",87544,3.8,"Aut"
"Chrysler","TOWN","2010","Gasoline",71852,3.8,"Aut"
"Chrysler","TOWN","2009","Gasoline",64509,3.8,"Aut"
"Chrysler","TOWN","2008","Gasoline",56606,3.8,"Aut"
"Chrysler","TOWN","2014","Gasoline",154944,3.6,"Aut"
"Chrysler","TOWN","2013","Gasoline",133027,3.6,"Aut"
"Chrysler","TOWN","2012","Gasoline",87008,3.6,"Aut"
"Chrysler","Vision","1995","Gasoline",13051,3.5,"Med"
"Chrysler","Vision","1994","Gasoline",10485,3.5,"Med"
"Citroën","Berlingo","2007","Gasoline",18763,1.6,"Med"
"Citroën","Berlingo","2006","Gasoline",15415,1.6,"Med"
"Citroën","Berlingo","2005","Gasoline",14878,1.6,"Med"
"Citroën","Berlingo","2001","Gasoline",11373,1.8,"Med"
"Citroën","Berlingo","2000","Gasoline",10690,1.8,"Med"
"Citroën","Berlingo","1999","Gasoline",9646,1.8,"Med"
"Citroën","Berlingo","1998","Gasoline",9281,1.8,"Med"
"Citroën","Berlingo","2002","Gasoline",12357,1.8,"Med"
"Citroën","Berlingo","2001","Gasoline",11606,1.8,"Med"
"Citroën","Berlingo","2000","Gasoline",10775,1.8,"Med"
"Citroën","Berlingo","1999","Gasoline",10170,1.8,"Med"
"Citroën","BX","1993","Gasoline",3493,1.6,"Med"
"Citroën","BX","1992","Gasoline",2884,1.6,"Med"
"Citroën","BX","1993","Gasoline",4290,1.9,"Med"
"Citroën","BX","1992","Gasoline",4108,1.9,"Med"
"Citroën","C3","Zero KM","Gasoline",66596,1.6,"Aut"
"Citroën","C3","2019","Gasoline",60968,1.6,"Aut"
"Citroën","C3","2018","Gasoline",58529,1.6,"Aut"
"Citroën","C3","2017","Gasoline",54275,1.6,"Aut"
"Citroën","C3","2016","Gasoline",52249,1.6,"Aut"
"Citroën","C3","2015","Gasoline",46823,1.6,"Aut"
"Citroën","C3","2014","Gasoline",41128,1.6,"Aut"
"Citroën","C3","2013","Gasoline",37640,1.6,"Aut"
"Citroën","C3","2015","Gasoline",44460,1.6,"Med"
"Citroën","C3","2014","Gasoline",36621,1.6,"Med"
"Citroën","C3","2013","Gasoline",35545,1.6,"Med"
"Citroën","C3","2011","Gasoline",23747,1.6,"Med"
"Citroën","C3","2010","Gasoline",22958,1.6,"Med"
"Citroën","C3","2009","Gasoline",20794,1.6,"Med"
"Citroën","C3","2008","Gasoline",18844,1.6,"Med"
"Citroën","C3","2007","Gasoline",18123,1.6,"Med"
"Citroën","C3","2006","Gasoline",17125,1.6,"Med"
"Citroën","C3","2005","Gasoline",16381,1.6,"Med"
"Citroën","C3","2004","Gasoline",15360,1.6,"Med"
"Citroën","C3","2003","Gasoline",14487,1.6,"Med"
"Citroën","C3","2012","Gasoline",23635,1.4,"Med"
"Citroën","C3","2011","Gasoline",22837,1.4,"Med"
"Citroën","C3","2010","Gasoline",21488,1.4,"Med"
"Citroën","C3","2009","Gasoline",20015,1.4,"Med"
"Citroën","C3","2008","Gasoline",18611,1.4,"Med"
"Citroën","C3","2007","Gasoline",17903,1.4,"Med"
"Citroën","C3","2006","Gasoline",16741,1.4,"Med"
"Citroën","C3","2005","Gasoline",16155,1.4,"Med"
"Citroën","C3","2004","Gasoline",15290,1.4,"Med"
"Citroën","C3","2003","Gasoline",14248,1.4,"Med"
"Citroën","C3","2010","Gasoline",26050,1.6,"Med"
"Citroën","C3","2009","Gasoline",21620,1.6,"Med"
"Citroën","C3","2008","Gasoline",19930,1.6,"Med"
"Citroën","C3","2007","Gasoline",19224,1.6,"Med"
"Citroën","C3","2006","Gasoline",16625,1.6,"Med"
"Citroën","C3","2005","Gasoline",16037,1.6,"Med"
"Citroën","C3","2004","Gasoline",15185,1.6,"Med"
"Citroën","C3","2003","Gasoline",14700,1.6,"Med"
"Citroën","C3","2002","Gasoline",12737,1.6,"Med"
"Citroën","C3","2005","Gasoline",16285,1.6,"Med"
"Citroën","C3","2004","Gasoline",15519,1.6,"Med"
"Citroën","C3","2017","Gasoline",39845,1.5,"Med"
"Citroën","C3","2016","Gasoline",38508,1.5,"Med"
"Citroën","C3","2015","Gasoline",37161,1.5,"Med"
"Citroën","C3","2014","Gasoline",34046,1.5,"Med"
"Citroën","C3","2013","Gasoline",31942,1.5,"Med"
"Citroën","C3","2012","Gasoline",30390,1.5,"Med"
"Citroën","C3","2017","Gasoline",46032,1.5,"Med"
"Citroën","C3","2016","Gasoline",41226,1.5,"Med"
"Citroën","C3","2015","Gasoline",39038,1.5,"Med"
"Citroën","C3","2014","Gasoline",34725,1.5,"Med"
"Citroën","C3","2013","Gasoline",32908,1.5,"Med"
"Citroën","C3","2012","Gasoline",24916,1.4,"Med"
"Citroën","C3","2011","Gasoline",24053,1.4,"Med"
"Citroën","C3","2010","Gasoline",23041,1.4,"Med"
"Citroën","C3","2009","Gasoline",21475,1.4,"Med"
"Citroën","C3","2008","Gasoline",19942,1.4,"Med"
"Citroën","C3","2007","Gasoline",19044,1.4,"Med"
"Citroën","C4","2013","Gasoline",32125,2,"Med"
"Citroën","C4","2012","Gasoline",30046,2,"Med"
"Citroën","C4","2011","Gasoline",28375,2,"Med"
"Citroën","C4","2010","Gasoline",26025,2,"Med"
"Citroën","C4","2009","Gasoline",25197,2,"Med"
"Citroën","C4","2008","Gasoline",23134,2,"Med"
"Citroën","C5","2008","Gasoline",46736,3,"Aut"
"Citroën","C5","2007","Gasoline",37257,3,"Aut"
"Citroën","C5","2006","Gasoline",30506,3,"Aut"
"Citroën","C5","2005","Gasoline",26180,3,"Aut"
"Citroën","C5","2004","Gasoline",22589,3,"Aut"
"Citroën","C5","2003","Gasoline",18988,3,"Aut"
"Citroën","C5","2002","Gasoline",18326,3,"Aut"
"Citroën","C5","2001","Gasoline",17759,3,"Aut"
"Citroën","C5","2003","Gasoline",15895,2,"Med"
"Citroën","C5","2002","Gasoline",15418,2,"Med"
"Citroën","C5","2001","Gasoline",13586,2,"Med"
"Citroën","C5","2012","Gasoline",50891,2,"Aut"
"Citroën","C5","2011","Gasoline",45814,2,"Aut"
"Citroën","C5","2010","Gasoline",42584,2,"Aut"
"Citroën","C5","2009","Gasoline",40798,2,"Aut"
"Citroën","C5","2008","Gasoline",39502,2,"Aut"
"Citroën","C5","2007","Gasoline",24106,2,"Aut"
"Citroën","C5","2006","Gasoline",22587,2,"Aut"
"Citroën","C5","2005","Gasoline",18550,2,"Aut"
"Citroën","C5","2004","Gasoline",17888,2,"Aut"
"Citroën","C5","2003","Gasoline",16278,2,"Aut"
"Citroën","C5","2002","Gasoline",15781,2,"Aut"
"Citroën","C5","2001","Gasoline",15241,2,"Aut"
"Citroën","C5","2002","Gasoline",16762,2,"Med"
"Citroën","C5","2001","Gasoline",13873,2,"Med"
"Citroën","C5","2008","Gasoline",30487,2,"Aut"
"Citroën","C5","2007","Gasoline",28435,2,"Aut"
"Citroën","C5","2006","Gasoline",26742,2,"Aut"
"Citroën","C5","2005","Gasoline",21698,2,"Aut"
"Citroën","C5","2004","Gasoline",21020,2,"Aut"
"Citroën","C5","2003","Gasoline",17539,2,"Aut"
"Citroën","C5","2002","Gasoline",17010,2,"Aut"
"Citroën","C5","2001","Gasoline",16451,2,"Aut"
"Citroën","C8","2005","Gasoline",24974,2,"Aut"
"Citroën","C8","2004","Gasoline",22867,2,"Aut"
"Citroën","C8","2003","Gasoline",21264,2,"Aut"
"Citroën","Evasion","2001","Gasoline",16419,2,"Med"
"Citroën","Evasion","2000","Gasoline",14667,2,"Med"
"Citroën","Evasion","1999","Gasoline",14128,2,"Med"
"Citroën","Evasion","1998","Gasoline",11799,2,"Med"
"Citroën","Jumper","1998","Diesel",11701,2.5,"Med"
"Citroën","Jumper","1995","Diesel",10342,2.5,"Med"
"Daewoo","Lanos","1999","Gasoline",8578,1.6,"Med"
"Daewoo","Lanos","1999","Gasoline",7610,1.6,"Med"
"Daewoo","Lanos","1998","Gasoline",7381,1.6,"Med"
"Daewoo","Lanos","1997","Gasoline",5611,1.6,"Med"
"Daewoo","Lanos","2001","Gasoline",8859,1.6,"Aut"
"Daewoo","Lanos","1999","Gasoline",8600,1.6,"Aut"
"Daewoo","Lanos","1998","Gasoline",8113,1.6,"Aut"
"Daewoo","Lanos","1997","Gasoline",5765,1.6,"Aut"
"Daihatsu","Charade","1995","Gasoline",7791,1,"Med"
"Daihatsu","Charade","1994","Gasoline",6511,1,"Med"
"Daihatsu","Charade","1995","Gasoline",7593,1.3,"Med"
"Daihatsu","Charade","1994","Gasoline",6382,1.3,"Med"
"Daihatsu","Charade","1995","Gasoline",8782,1.5,"Med"
"Daihatsu","Charade","1994","Gasoline",7210,1.5,"Med"
"Daihatsu","Charade","1995","Gasoline",9540,1.3,"Med"
"Daihatsu","Charade","1994","Gasoline",7686,1.3,"Med"
"Daihatsu","Charade","1995","Gasoline",7905,1.3,"Med"
"Dodge","Intrepid","1993","Gasoline",8982,3.3,"Med"
"EFFA","K01","Zero KM","Gasoline",35870,1,"Med"
"EFFA","K01","2018","Gasoline",30500,1,"Med"
"EFFA","K01","2017","Gasoline",29476,1,"Med"
"EFFA","K01","2016","Gasoline",28534,1,"Med"
"EFFA","ULC","2012","Gasoline",16152,1,"Med"
"EFFA","ULC","2011","Gasoline",14324,1,"Med"
"EFFA","ULC","2010","Gasoline",13663,1,"Med"
"EFFA","ULC","2011","Gasoline",17493,1,"Med"
"Ferrari","F458","2015","Gasoline",1830377,4.5,"Med"
"Ferrari","F458","2014","Gasoline",1650209,4.5,"Med"
"Ferrari","F458","2013","Gasoline",1491816,4.5,"Med"
"Ferrari","F458","2012","Gasoline",1293292,4.5,"Med"
"Fiat","Ducato","Zero KM","Diesel",104569,2.3,"Med"
"Fiat","Ducato","2017","Diesel",84743,2.3,"Med"
"Fiat","Ducato","2016","Diesel",81230,2.3,"Med"
"Fiat","Ducato","2015","Diesel",72806,2.3,"Med"
"Fiat","Ducato","2014","Diesel",66045,2.3,"Med"
"Fiat","Ducato","2013","Diesel",58624,2.3,"Med"
"Fiat","Ducato","2012","Diesel",56610,2.3,"Med"
"Fiat","Ducato","2011","Diesel",51721,2.3,"Med"
"Fiat","Ducato","2010","Diesel",48065,2.3,"Med"
"Fiat","MOBI","Zero KM","Gasoline",45575,1,"Med"
"Fiat","MOBI","2018","Gasoline",41106,1,"Med"
"Fiat","Palio","2000","Gasoline",10601,1,"Med"
"Fiat","Palio","1999","Gasoline",9020,1,"Med"
"Fiat","Palio","2000","Gasoline",10694,1.5,"Med"
"Fiat","Palio","1999","Gasoline",9862,1.5,"Med"
"Fiat","Palio","2000","Gasoline",9963,1,"Med"
"Fiat","Palio","1999","Gasoline",9313,1,"Med"
"Fiat","Palio","1999","Gasoline",8459,1,"Med"
"Fiat","Palio","1998","Gasoline",8103,1,"Med"
"Fiat","Palio","1997","Gasoline",7774,1,"Med"
"Fiat","Palio","1996","Gasoline",7303,1,"Med"
"Fiat","Palio","1999","Gasoline",8515,1,"Med"
"Fiat","Palio","1999","Gasoline",8515,1,"Med"
"Fiat","Palio","1998","Gasoline",8147,1,"Med"
"Fiat","Palio","1998","Gasoline",8147,1,"Med"
"Fiat","Palio","1997","Gasoline",7844,1,"Med"
"Fiat","Palio","1997","Gasoline",7844,1,"Med"
"Fiat","Palio","1996","Gasoline",7329,1,"Med"
"Fiat","Palio","1999","Gasoline",9945,1,"Med"
"Fiat","Palio","1999","Gasoline",9945,1,"Med"
"Fiat","Palio","1998","Gasoline",9636,1,"Med"
"Fiat","Palio","1998","Gasoline",9636,1,"Med"
"Fiat","Palio","1997","Gasoline",8730,1,"Med"
"Fiat","Palio","1996","Gasoline",7878,1,"Med"
"Fiat","Palio","2000","Gasoline",10612,1.5,"Med"
"Fiat","Palio","1999","Gasoline",9775,1.5,"Med"
"Fiat","Palio","1999","Gasoline",9775,1.5,"Med"
"Fiat","Palio","1998","Gasoline",9254,1.5,"Med"
"Fiat","Palio","1998","Gasoline",9254,1.5,"Med"
"Fiat","Palio","1997","Gasoline",8925,1.5,"Med"
"Fiat","Palio","1997","Gasoline",8925,1.5,"Med"
"Fiat","Palio","1996","Gasoline",8230,1.5,"Med"
"Fiat","Palio","1996","Gasoline",8230,1.5,"Med"
"Fiat","Palio","2000","Gasoline",10919,1.6,"Med"
"Fiat","Palio","1999","Gasoline",10538,1.6,"Med"
"Fiat","Palio","1999","Gasoline",10538,1.6,"Med"
"Fiat","Palio","1998","Gasoline",9807,1.6,"Med"
"Fiat","Palio","1998","Gasoline",9807,1.6,"Med"
"Fiat","Palio","2011","Gasoline",22209,1,"Med"
"Fiat","Palio","2010","Gasoline",21404,1,"Med"
"Fiat","Palio","2009","Gasoline",20366,1,"Med"
"Fiat","Palio","2008","Gasoline",18867,1,"Med"
"Fiat","Palio","2007","Gasoline",17766,1,"Med"
"Fiat","Palio","2006","Gasoline",15725,1,"Med"
"Fiat","Palio","2005","Gasoline",15126,1,"Med"
"Fiat","Palio","2004","Gasoline",14399,1,"Med"
"Fiat","Palio","2003","Gasoline",11679,1,"Med"
"Fiat","Palio","2002","Gasoline",11315,1,"Med"
"Fiat","Palio","2001","Gasoline",10637,1,"Med"
"Fiat","Palio","2011","Gasoline",20049,1,"Med"
"Fiat","Palio","2010","Gasoline",19375,1,"Med"
"Fiat","Palio","2009","Gasoline",18123,1,"Med"
"Fiat","Palio","2008","Gasoline",17458,1,"Med"
"Fiat","Palio","2000","Gasoline",9941,1,"Med"
"Fiat","Palio","2000","Gasoline",9941,1,"Med"
"Fiat","Palio","1999","Gasoline",9568,1,"Med"
"Fiat","Palio","1999","Gasoline",9568,1,"Med"
"Fiat","Palio","2015","Gasoline",29223,1,"Med"
"Fiat","Siena","2016","Gasoline",37222,1.4,"Med"
"Fiat","Siena","2015","Gasoline",34618,1.4,"Med"
"Fiat","Siena","2014","Gasoline",32589,1.4,"Med"
"Fiat","Siena","2013","Gasoline",29878,1.4,"Med"
"Fiat","Siena","2012","Gasoline",27110,1.4,"Med"
"Fiat","Siena","2011","Gasoline",25503,1.4,"Med"
"Fiat","Siena","2016","Gasoline",37235,1.4,"Med"
"Fiat","Siena","2015","Gasoline",34668,1.4,"Med"
"Fiat","Siena","2014","Gasoline",32596,1.4,"Med"
"Fiat","Siena","2013","Gasoline",29914,1.4,"Med"
"Fiat","Siena","2012","Gasoline",27114,1.4,"Med"
"Fiat","Siena","2011","Gasoline",25545,1.4,"Med"
"Fiat","Siena","2011","Gasoline",23873,1.6,"Med"
"Fiat","Siena","2011","Gasoline",27037,1.6,"Med"
"Fiat","Strada","2017","Gasoline",64457,1.8,"Med"
"Fiat","Strada","2016","Gasoline",58261,1.8,"Med"
"Fiat","Strada","2015","Gasoline",54075,1.8,"Med"
"Fiat","Strada","2014","Gasoline",49676,1.8,"Med"
"Fiat","Strada","2013","Gasoline",41397,1.8,"Med"
"Fiat","Strada","2012","Gasoline",36853,1.8,"Med"
"Fiat","Strada","2016","Gasoline",51373,1.8,"Med"
"Fiat","Strada","2015","Gasoline",49599,1.8,"Med"
"Fiat","Strada","2014","Gasoline",46214,1.8,"Med"
"Fiat","Strada","2017","Gasoline",64753,1.8,"Med"
"Fiat","Strada","2016","Gasoline",60167,1.8,"Med"
"Fiat","Strada","2015","Gasoline",54080,1.8,"Med"
"Fiat","Strada","2014","Gasoline",50609,1.8,"Med"
"Fiat","Strada","2013","Gasoline",42454,1.8,"Med"
"Fiat","Strada","2012","Gasoline",39370,1.8,"Med"
"Fiat","Strada","2017","Gasoline",67358,1.8,"Med"
"Fiat","Strada","2016","Gasoline",62483,1.8,"Med"
"Fiat","Strada","2017","Gasoline",62574,1.8,"Med"
"Fiat","Strada","2016","Gasoline",57425,1.8,"Med"
"Fiat","Strada","2008","Gasoline",24635,1.8,"Med"
"Fiat","Strada","2007","Gasoline",23849,1.8,"Med"
"Fiat","Strada","2006","Gasoline",22284,1.8,"Med"
"Fiat","Strada","2005","Gasoline",18984,1.8,"Med"
"Fiat","Strada","2002","Gasoline",15860,1.6,"Med"
"Fiat","Strada","2004","Gasoline",18205,1.8,"Med"
"Fiat","Strada","2003","Gasoline",16499,1.8,"Med"
"Fiat","Strada","Zero KM","Gasoline",70973,1.8,"Med"
"Fiat","Strada","2018","Gasoline",62301,1.8,"Med"
"Fiat","Strada","2017","Gasoline",59784,1.8,"Med"
"Fiat","Strada","2016","Gasoline",52282,1.8,"Med"
"Fiat","Strada","2015","Gasoline",48167,1.8,"Med"
"Fiat","Strada","2014","Gasoline",45530,1.8,"Med"
"Fiat","Strada","2013","Gasoline",37360,1.8,"Med"
"Fiat","Strada","2012","Gasoline",34881,1.8,"Med"
"Fiat","Strada","2011","Gasoline",32715,1.8,"Med"
"Fiat","Strada","2010","Gasoline",30611,1.8,"Med"
"Fiat","Strada","2009","Gasoline",28961,1.8,"Med"
"Fiat","Strada","2017","Gasoline",68422,1.8,"Med"
"Fiat","Strada","2016","Gasoline",57638,1.8,"Med"
"Fiat","Strada","Zero KM","Gasoline",74242,1.8,"Med"
"Fiat","Strada","2018","Gasoline",65656,1.8,"Med"
"Fiat","Strada","2017","Gasoline",63522,1.8,"Med"
"Fiat","Strada","2016","Gasoline",60064,1.8,"Med"
"Fiat","Strada","2015","Gasoline",53219,1.8,"Med"
"Fiat","Strada","2014","Gasoline",50452,1.8,"Med"
"Fiat","Strada","2013","Gasoline",42400,1.8,"Med"
"Fiat","Strada","2012","Gasoline",39145,1.8,"Med"
"Fiat","Strada","2011","Gasoline",36184,1.8,"Med"
"Fiat","Strada","2010","Gasoline",34424,1.8,"Med"
"Fiat","Toro","2017","Gasoline",82285,1.8,"Aut"
"Fiat","UNO","2013","Gasoline",24014,1.4,"Med"
"Fiat","UNO","2012","Gasoline",22235,1.4,"Med"
"Fiat","UNO","2014","Gasoline",27601,1.4,"Med"
"Fiat","UNO","2013","Gasoline",26668,1.4,"Med"
"Fiat","UNO","2012","Gasoline",24668,1.4,"Med"
"Fiat","UNO","2016","Gasoline",39000,1.4,"Med"
"Fiat","UNO","2015","Gasoline",37614,1.4,"Med"
"FOTON","AUMARK","2015","Diesel",68834,3.5,"Med"
"FOTON","AUMARK","2014","Diesel",64602,3.5,"Med"
"FOTON","AUMARK","2015","Diesel",68863,3.5,"Med"
"FOTON","AUMARK","2014","Diesel",62826,3.5,"Med"
"FOTON","AUMARK","2015","Diesel",70163,3.5,"Med"
"FOTON","AUMARK","2014","Diesel",65527,3.5,"Med"
"FOTON","MINITRUCK","Zero KM","Diesel",115575,3.5,"Med"
"FOTON","MINITRUCK","2018","Diesel",93224,3.5,"Med"
"FOTON","MINITRUCK","Zero KM","Diesel",98850,3.5,"Med"
"FOTON","MINITRUCK","2018","Diesel",80166,3.5,"Med"
"FOTON","MINITRUCK","Zero KM","Diesel",95863,3.5,"Med"
"FOTON","MINITRUCK","2018","Diesel",77442,3.5,"Med"
"FOTON","MINITRUCK","Zero KM","Diesel",110000,3.5,"Med"
"FOTON","MINITRUCK","2018","Diesel",92785,3.5,"Med"
"GEELY","GC2","2015","Gasoline",22873,1,"Med"
"Honda","CITY","Zero KM","Gasoline",65611,1.5,"Aut"
"Honda","CITY","2017","Gasoline",60911,1.5,"Aut"
"Honda","CITY","2016","Gasoline",57998,1.5,"Aut"
"Honda","CITY","2012","Gasoline",39455,1.5,"Aut"
"Honda","CITY","2011","Gasoline",36153,1.5,"Aut"
"Hyundai","HB20","Zero KM","Gasoline",49943,1,"Med"
"Hyundai","HB20","2019","Gasoline",44960,1,"Med"
"Hyundai","HB20","2015","Gasoline",37345,1,"Med"
"Hyundai","HB20","2014","Gasoline",35987,1,"Med"
"Hyundai","HB20","Zero KM","Gasoline",61942,1.6,"Aut"
"Hyundai","HB20","2019","Gasoline",55275,1.6,"Aut"
"Hyundai","HB20","2015","Gasoline",44472,1.6,"Aut"
"Hyundai","HB20","2014","Gasoline",42936,1.6,"Aut"
"Hyundai","HB20","2015","Gasoline",41200,1.6,"Med"
"Hyundai","HB20","2014","Gasoline",39638,1.6,"Med"
"Hyundai","HB20S","Zero KM","Gasoline",53954,1,"Med"
"Hyundai","HB20S","2019","Gasoline",48771,1,"Med"
"Hyundai","HB20S","2015","Gasoline",38731,1,"Med"
"Hyundai","HB20S","2014","Gasoline",37020,1,"Med"
"Hyundai","HB20S","Zero KM","Gasoline",65956,1.6,"Aut"
"Hyundai","HB20S","2019","Gasoline",59670,1.6,"Aut"
"Hyundai","HB20S","2015","Gasoline",45478,1.6,"Aut"
"Hyundai","HB20S","2014","Gasoline",44010,1.6,"Aut"
"Hyundai","HB20S","2015","Gasoline",42700,1.6,"Med"
"Hyundai","HB20S","2014","Gasoline",41066,1.6,"Med"
"JAC","J3","2015","Gasoline",31511,1.5,"Med"
"JAC","J3","2014","Gasoline",29167,1.5,"Med"
"Jaguar","Daimler","2000","Gasoline",86468,4,"Med"
"Jaguar","S-Type","2008","Gasoline",85494,3,"Med"
"Jaguar","S-Type","2007","Gasoline",75886,3,"Med"
"Jaguar","S-Type","2006","Gasoline",67006,3,"Med"
"Jaguar","S-Type","2005","Gasoline",64425,3,"Med"
"Jaguar","S-Type","2004","Gasoline",61855,3,"Med"
"Jaguar","S-Type","2003","Gasoline",57695,3,"Med"
"Jaguar","S-Type","2002","Gasoline",54921,3,"Med"
"Jaguar","S-Type","2001","Gasoline",53125,3,"Med"
"Jaguar","S-Type","2000","Gasoline",43117,3,"Med"
"Jaguar","S-Type","1999","Gasoline",40924,3,"Med"
"Jaguar","S-Type","2008","Gasoline",128043,4.2,"Med"
"Jaguar","S-Type","2007","Gasoline",113676,4.2,"Med"
"Jaguar","S-Type","2006","Gasoline",100761,4.2,"Med"
"Jaguar","S-Type","2005","Gasoline",95006,4.2,"Med"
"Jaguar","S-Type","2004","Gasoline",90517,4.2,"Med"
"Jaguar","S-Type","2003","Gasoline",69082,4.2,"Med"
"Jaguar","S-Type","2002","Gasoline",66990,4.2,"Med"
"Jaguar","S-Type","2001","Gasoline",61976,4.2,"Med"
"Jaguar","S-Type","2000","Gasoline",59237,4.2,"Med"
"Jaguar","S-Type","2008","Gasoline",154945,4.2,"Med"
"Jaguar","S-Type","2007","Gasoline",150225,4.2,"Med"
"Jaguar","S-Type","2006","Gasoline",112165,4.2,"Med"
"Jaguar","S-Type","2005","Gasoline",101414,4.2,"Med"
"Jaguar","XJ","2009","Gasoline",202595,4.2,"Med"
"Jaguar","XJ","2008","Gasoline",170069,4.2,"Med"
"Jaguar","XJ","2004","Gasoline",151028,4.2,"Med"
"Jaguar","XJ-8","2000","Gasoline",67841,4,"Med"
"Jaguar","XJ-8","1999","Gasoline",65688,4,"Med"
"Jaguar","XJ-8","1998","Gasoline",63120,4,"Med"
"Jaguar","XJ-8","2009","Gasoline",156943,4.2,"Med"
"Jaguar","XJ-8","2008","Gasoline",141715,4.2,"Med"
"Jaguar","XJ-8","2004","Gasoline",101587,4.2,"Med"
"Jaguar","XJ-8","1999","Gasoline",70347,4,"Med"
"Jaguar","XJ-8","1998","Gasoline",65681,4,"Med"
"Jeep","Cherokee","1994","Gasoline",13825,4,"Med"
"Jeep","Cherokee","1993","Gasoline",12064,4,"Med"
"Jeep","Cherokee","1992","Gasoline",8594,4,"Med"
"Jeep","Cherokee","2015","Gasoline",147079,3.2,"Aut"
"Jeep","Cherokee","2014","Gasoline",125086,3.2,"Aut"
"Jeep","Cherokee","2012","Gasoline",68823,3.7,"Aut"
"Jeep","Cherokee","2011","Gasoline",66692,3.7,"Aut"
"Jeep","Cherokee","2010","Gasoline",60273,3.7,"Aut"
"Jeep","Cherokee","2009","Gasoline",56473,3.7,"Aut"
"Jeep","Cherokee","2015","Gasoline",133670,3.2,"Aut"
"Jeep","Cherokee","1998","Gasoline",24798,4,"Med"
"Jeep","Cherokee","2001","Gasoline",26472,4,"Med"
"Jeep","Cherokee","2000","Gasoline",25510,4,"Med"
"Jeep","Cherokee","1999","Gasoline",24703,4,"Med"
"Jeep","Cherokee","1998","Gasoline",23938,4,"Med"
"Jeep","Cherokee","1997","Gasoline",22336,4,"Med"
"Jeep","Cherokee","1996","Gasoline",15457,4,"Med"
"Jeep","Cherokee","1995","Gasoline",13664,4,"Med"
"Jeep","Cherokee","2001","Diesel",34911,2.5,"Med"
"Jeep","Cherokee","2000","Diesel",29135,2.5,"Med"
"Jeep","Cherokee","1999","Diesel",27411,2.5,"Med"
"Jeep","Cherokee","2012","Gasoline",60716,3.7,"Aut"
"Jeep","Cherokee","2010","Gasoline",53775,3.7,"Aut"
"Jeep","Cherokee","2009","Gasoline",49910,3.7,"Aut"
"Jeep","Cherokee","2008","Gasoline",47676,3.7,"Aut"
"Jeep","Cherokee","2007","Gasoline",40860,3.7,"Aut"
"Jeep","Cherokee","2006","Gasoline",37698,3.7,"Aut"
"Jeep","Cherokee","2005","Gasoline",36265,3.7,"Aut"
"Jeep","Cherokee","2004","Gasoline",35101,3.7,"Aut"
"Jeep","Cherokee","2003","Gasoline",34020,3.7,"Aut"
"Jeep","Cherokee","2002","Gasoline",32898,3.7,"Aut"
"Jeep","Cherokee","2015","Gasoline",164997,3.2,"Aut"
"Jeep","Cherokee","2014","Gasoline",160032,3.2,"Aut"
"Kia Motors","Cerato","Zero KM","Gasoline",77389,1.6,"Aut"
"Kia Motors","Cerato","2019","Gasoline",70833,1.6,"Aut"
"Kia Motors","Cerato","2018","Gasoline",68010,1.6,"Aut"
"Kia Motors","Cerato","2017","Gasoline",65997,1.6,"Aut"
"Kia Motors","Cerato","2016","Gasoline",63684,1.6,"Aut"
"Kia Motors","Cerato","2015","Gasoline",58532,1.6,"Aut"
"Kia Motors","Cerato","2014","Gasoline",55104,1.6,"Aut"
"Kia Motors","Cerato","2013","Gasoline",46162,1.6,"Aut"
"Land Rover","Disc.","Zero KM","Diesel",290170,2,"Aut"
"Land Rover","Disc.","2018","Diesel",265244,2,"Aut"
"Land Rover","Discovery","2000","Gasoline",24995,3.9,"Med"
"Land Rover","Discovery","1999","Gasoline",21792,3.9,"Med"
"Land Rover","Discovery","1998","Gasoline",20930,3.9,"Med"
"Land Rover","Discovery","1997","Gasoline",19997,3.9,"Med"
"Land Rover","Discovery","1996","Gasoline",19159,3.9,"Med"
"Land Rover","Discovery","2004","Gasoline",35047,4,"Aut"
"Land Rover","Discovery","2003","Gasoline",31988,4,"Aut"
"Land Rover","Discovery","2002","Gasoline",30988,4,"Aut"
"Land Rover","Discovery","2001","Gasoline",27797,4,"Aut"
"Land Rover","Discovery","2000","Gasoline",26969,4,"Aut"
"Land Rover","Discovery","1999","Gasoline",22575,4,"Aut"
"Land Rover","Discovery","1998","Gasoline",21855,4,"Aut"
"Land Rover","Discovery","1997","Gasoline",20923,4,"Aut"
"Land Rover","Discovery","1996","Gasoline",20256,4,"Aut"
"Land Rover","Discovery","2004","Diesel",47249,2.5,"Aut"
"Land Rover","Discovery","2003","Diesel",43010,2.5,"Aut"
"Land Rover","Discovery","2002","Diesel",41568,2.5,"Aut"
"Land Rover","Discovery","2001","Diesel",37137,2.5,"Aut"
"Land Rover","Discovery","2000","Diesel",35929,2.5,"Aut"
"Land Rover","Discovery","1999","Diesel",34639,2.5,"Aut"
"Land Rover","Discovery","2003","Diesel",42343,2.5,"Med"
"Land Rover","Discovery","2002","Diesel",41087,2.5,"Med"
"Land Rover","Discovery","2001","Diesel",34480,2.5,"Med"
"Land Rover","Discovery","2000","Diesel",33350,2.5,"Med"
"Land Rover","Discovery","1999","Diesel",31154,2.5,"Med"
"Land Rover","Discovery","Zero KM","Diesel",462473,3,"Med"
"Land Rover","Discovery","2017","Diesel",409125,3,"Med"
"Land Rover","Freelander2","2012","Gasoline",85179,3.2,"Aut"
"Land Rover","Freelander2","2011","Gasoline",65284,3.2,"Aut"
"Land Rover","Freelander2","2010","Gasoline",59175,3.2,"Aut"
"Land Rover","Freelander2","2009","Gasoline",52923,3.2,"Aut"
"Land Rover","Freelander2","2008","Gasoline",48957,3.2,"Aut"
"Land Rover","Freelander2","2007","Gasoline",44379,3.2,"Aut"
"Land Rover","Freelander2","2012","Gasoline",62451,3.2,"Aut"
"Land Rover","Freelander2","2011","Gasoline",57512,3.2,"Aut"
"Land Rover","Freelander2","2010","Gasoline",51072,3.2,"Aut"
"Land Rover","Freelander2","2009","Gasoline",47856,3.2,"Aut"
"Land Rover","Freelander2","2008","Gasoline",40770,3.2,"Aut"
"Land Rover","Freelander2","2007","Gasoline",39308,3.2,"Aut"
"Land Rover","Freelander2","2012","Gasoline",70283,3.2,"Aut"
"Land Rover","Freelander2","2011","Gasoline",61023,3.2,"Aut"
"Land Rover","Freelander2","2010","Gasoline",53827,3.2,"Aut"
"Land Rover","Freelander2","2009","Gasoline",47573,3.2,"Aut"
"Land Rover","Freelander2","2008","Gasoline",44630,3.2,"Aut"
"Land Rover","Freelander2","2007","Gasoline",41391,3.2,"Aut"
"Lexus","IS-250","2016","Gasoline",152990,2.5,"Aut"
"Lexus","IS-250","2015","Gasoline",139417,2.5,"Aut"
"Lexus","IS-250","2014","Gasoline",120808,2.5,"Aut"
"Lexus","IS-250","2015","Gasoline",131575,2.5,"Aut"
"Lexus","IS-250","2014","Gasoline",120684,2.5,"Aut"
"Lexus","IS-300","2013","Gasoline",100406,3,"Aut"
"Lexus","IS-300","2012","Gasoline",83204,3,"Aut"
"Lexus","LS","2013","Gasoline",363085,4.6,"Med"
"Lexus","LS","2012","Gasoline",334738,4.6,"Med"
"Lexus","LS","2011","Gasoline",319210,4.6,"Med"
"Lexus","LS","2010","Gasoline",290921,4.6,"Med"
"Lexus","LS","2009","Gasoline",217875,4.6,"Med"
"Lexus","LS","2008","Gasoline",202348,4.6,"Med"
"Lexus","LS","2007","Gasoline",189900,4.6,"Med"
"LOBINI","H1","2008","Gasoline",89978,1.8,"Med"
"LOBINI","H1","2007","Gasoline",87205,1.8,"Med"
"LOBINI","H1","2006","Gasoline",84298,1.8,"Med"
"LOBINI","H1","2005","Gasoline",81784,1.8,"Med"
"Mercedes-Benz","C-63","Zero KM","Gasoline",509733,4,"Aut"
"Mercedes-Benz","C-63","2018","Gasoline",457810,4,"Aut"
"Mercedes-Benz","C-63","2017","Gasoline",443265,4,"Aut"
"Mercedes-Benz","C-63","2016","Gasoline",421956,4,"Aut"
"Mercedes-Benz","CLA-200","2017","Gasoline",152831,1.6,"Aut"
"Mercedes-Benz","CLA-200","2016","Gasoline",146503,1.6,"Aut"
"Mercedes-Benz","CLA-200","2015","Gasoline",129837,1.6,"Aut"
"Mercedes-Benz","CLA-200","2014","Gasoline",120152,1.6,"Aut"
"Mercedes-Benz","Classe","2002","Gasoline",20321,1.9,"Med"
"Mercedes-Benz","Classe","2001","Gasoline",16858,1.9,"Med"
"Mercedes-Benz","Classe","2005","Gasoline",17263,1.9,"Med"
"Mercedes-Benz","Classe","2004","Gasoline",15817,1.9,"Med"
"Mercedes-Benz","Classe","2003","Gasoline",15136,1.9,"Med"
"Mercedes-Benz","Classe","2002","Gasoline",14393,1.9,"Med"
"Mercedes-Benz","Classe","2001","Gasoline",13341,1.9,"Med"
"Mercedes-Benz","Classe","2002","Gasoline",15048,1.9,"Med"
"Mercedes-Benz","Classe","2001","Gasoline",13019,1.9,"Med"
"Mercedes-Benz","Classe","2005","Gasoline",17978,1.9,"Med"
"Mercedes-Benz","Classe","2004","Gasoline",16085,1.9,"Med"
"Mercedes-Benz","Classe","2003","Gasoline",15455,1.9,"Med"
"Mercedes-Benz","Classe","2002","Gasoline",12686,1.9,"Med"
"Mercedes-Benz","Classe","2001","Gasoline",11988,1.9,"Med"
"Mercedes-Benz","Classe","2005","Gasoline",18783,1.9,"Aut"
"Mercedes-Benz","Classe","2004","Gasoline",17515,1.9,"Aut"
"Mercedes-Benz","Classe","2003","Gasoline",16734,1.9,"Aut"
"Mercedes-Benz","Classe","2002","Gasoline",14247,1.9,"Aut"
"Mercedes-Benz","Classe","2001","Gasoline",13684,1.9,"Aut"
"Mercedes-Benz","Classe","2002","Gasoline",14059,1.9,"Med"
"Mercedes-Benz","Classe","2001","Gasoline",12621,1.9,"Med"
"Mercedes-Benz","Classe","2002","Gasoline",14155,1.9,"Med"
"Mercedes-Benz","Classe","2001","Gasoline",12722,1.9,"Med"
"Mercedes-Benz","Classe","2000","Gasoline",12090,1.9,"Med"
"Mercedes-Benz","Classe","2015","Gasoline",93318,1.6,"Aut"
"Mercedes-Benz","Classe","2014","Gasoline",83130,1.6,"Aut"
"Mercedes-Benz","Classe","2013","Gasoline",78346,1.6,"Aut"
"Mercedes-Benz","Classe","2015","Gasoline",86952,1.6,"Aut"
"Mercedes-Benz","Classe","2014","Gasoline",82880,1.6,"Aut"
"Mercedes-Benz","Classe","2013","Gasoline",79297,1.6,"Aut"
"Mercedes-Benz","Classic","1995","Gasoline",64436,6,"Med"
"Mercedes-Benz","Classic","1994","Gasoline",52958,6,"Med"
"Mercedes-Benz","Classic","1993","Gasoline",40577,6,"Med"
"Mercedes-Benz","GL-500","2016","Gasoline",480575,4.7,"Aut"
"Mercedes-Benz","GL-500","2015","Gasoline",407403,4.7,"Aut"
"Mercedes-Benz","GL-500","2014","Gasoline",331294,4.7,"Aut"
"Mercedes-Benz","GL-500","2013","Gasoline",299140,4.7,"Aut"
"Mercedes-Benz","GLA","Zero KM","Gasoline",172668,1.6,"Aut"
"Mercedes-Benz","GLA","2018","Gasoline",156995,1.6,"Aut"
"Mercedes-Benz","GLA","2017","Gasoline",151265,1.6,"Aut"
"Mercedes-Benz","GLA","2016","Gasoline",128372,1.6,"Aut"
"Mercedes-Benz","GLA","2015","Gasoline",114509,1.6,"Aut"
"Mercedes-Benz","GLA","2015","Gasoline",126012,1.6,"Aut"
"Mercedes-Benz","GLE-350","Zero KM","Diesel",445300,3,"Med"
"Mercedes-Benz","GLE-350","2018","Diesel",397410,3,"Med"
"Mercedes-Benz","GLE-350","2017","Diesel",385450,3,"Med"
"Mercedes-Benz","GLE-350","2016","Diesel",350125,3,"Med"
"Mercedes-Benz","GLE-400","2016","Gasoline",354950,3,"Aut"
"Mercedes-Benz","GLE-400","Zero KM","Gasoline",458812,3,"Aut"
"Mercedes-Benz","GLE-400","2018","Gasoline",415436,3,"Aut"
"Mercedes-Benz","GLE-400","2017","Gasoline",399138,3,"Aut"
"Mercedes-Benz","GLE-400","2017","Gasoline",413008,3,"Aut"
"Mercedes-Benz","GLE-400","2016","Gasoline",349085,3,"Aut"
"Mercedes-Benz","GLE-43","Zero KM","Gasoline",496656,3,"Aut"
"Mercedes-Benz","GLE-43","2017","Gasoline",447217,3,"Aut"
"Mercedes-Benz","GLE-43","Zero KM","Gasoline",524000,3,"Med"
"Mercedes-Benz","GLE-43","2018","Gasoline",475458,3,"Med"
"Mercedes-Benz","GLE-43","2017","Gasoline",459120,3,"Med"
"Mercedes-Benz","GLE-450","2016","Gasoline",386896,3,"Aut"
"Mercedes-Benz","GLE-63","Zero KM","Gasoline",695498,5.5,"Aut"
"Mercedes-Benz","GLE-63","2018","Gasoline",614895,5.5,"Aut"
"Mercedes-Benz","GLE-63","2017","Gasoline",593215,5.5,"Aut"
"Mercedes-Benz","GLE-63","2016","Gasoline",574150,5.5,"Aut"
"Mercedes-Benz","GLE-63","Zero KM","Gasoline",663900,5.5,"Aut"
"Mercedes-Benz","GLE-63","2018","Gasoline",597760,5.5,"Aut"
"Mercedes-Benz","GLE-63","2017","Gasoline",548370,5.5,"Aut"
"Mercedes-Benz","GLE-63","2016","Gasoline",509444,5.5,"Aut"
"Mercedes-Benz","GLK","2015","Diesel",147862,2.2,"Aut"
"Mercedes-Benz","GLK","2014","Diesel",134569,2.2,"Aut"
"Mercedes-Benz","GLK","2013","Diesel",125322,2.2,"Aut"
"Mercedes-Benz","GLK","2015","Diesel",158801,2.2,"Aut"
"Mercedes-Benz","GLK","2014","Diesel",141442,2.2,"Aut"
"Mercedes-Benz","GLK","2013","Diesel",132951,2.2,"Aut"
"Mercedes-Benz","GLK","2009","Gasoline",67657,3,"Aut"
"Mercedes-Benz","GLK","2013","Gasoline",132182,3,"Aut"
"Mercedes-Benz","GLK","2012","Gasoline",89958,3,"Aut"
"Mercedes-Benz","GLK","2011","Gasoline",87047,3,"Aut"
"Mercedes-Benz","GLK","2010","Gasoline",81731,3,"Aut"
"Mercedes-Benz","GLK","2013","Gasoline",120904,3.5,"Aut"
"Mercedes-Benz","GLS-500","Zero KM","Gasoline",698541,4.7,"Med"
"Mercedes-Benz","GLS-500","2018","Gasoline",618051,4.7,"Med"
"Mercedes-Benz","GLS-500","2017","Gasoline",595650,4.7,"Med"
"Mercedes-Benz","GLS-63","Zero KM","Gasoline",887445,5.5,"Aut"
"Mercedes-Benz","GLS-63","2018","Gasoline",772015,5.5,"Aut"
"Mercedes-Benz","GLS-63","2017","Gasoline",747234,5.5,"Aut"
"Mercedes-Benz","GLS-63","2016","Gasoline",667167,5.5,"Aut"
"Mercedes-Benz","S-65","Zero KM","Gasoline",1167340,6,"Aut"
"Mercedes-Benz","S-65","2018","Gasoline",979458,6,"Aut"
"Mercedes-Benz","S-65","2017","Gasoline",825202,6,"Aut"
"Mercedes-Benz","S-65","2016","Gasoline",776262,6,"Aut"
"Mercedes-Benz","SLC-300","Zero KM","Gasoline",298520,2,"Aut"
"Mercedes-Benz","SLC-300","2018","Gasoline",282139,2,"Aut"
"Mercedes-Benz","SLC-300","2017","Gasoline",272872,2,"Aut"
"Mercedes-Benz","SLC-43","Zero KM","Gasoline",380264,3,"Aut"
"Mercedes-Benz","SLC-43","2018","Gasoline",353165,3,"Aut"
"Mercedes-Benz","SLC-43","2017","Gasoline",341493,3,"Aut"
"Mercedes-Benz","SLK-250","2015","Gasoline",173654,1.8,"Aut"
"Mercedes-Benz","SLK-250","2014","Gasoline",162867,1.8,"Aut"
"Mercedes-Benz","SLK-250","2013","Gasoline",145387,1.8,"Aut"
"Mercedes-Benz","SLK-250","2012","Gasoline",131828,1.8,"Aut"
"Mercedes-Benz","SLK-300","2016","Gasoline",195922,2,"Aut"
"Mercedes-Benz","SLK-320","2004","Gasoline",95476,3.2,"Med"
"Mercedes-Benz","SLK-320","2003","Gasoline",84840,3.2,"Med"
"Mercedes-Benz","SLK-320","2002","Gasoline",77089,3.2,"Med"
"Mercedes-Benz","SLK-320","2001","Gasoline",72338,3.2,"Med"
"Mercedes-Benz","SLK-350","2012","Gasoline",168636,3.5,"Med"
"Mercedes-Benz","SLK-350","2011","Gasoline",163100,3.5,"Med"
"Mercedes-Benz","SLK-350","2010","Gasoline",157878,3.5,"Med"
"Mercedes-Benz","SLK-350","2009","Gasoline",135635,3.5,"Med"
"Mercedes-Benz","SLK-350","2008","Gasoline",131020,3.5,"Med"
"Mercedes-Benz","SLK-350","2007","Gasoline",126080,3.5,"Med"
"Mercedes-Benz","SLK-350","2006","Gasoline",103704,3.5,"Med"
"Mercedes-Benz","SLK-350","2005","Gasoline",93439,3.5,"Med"
"Mitsubishi","ASX","2016","Gasoline",80358,2,"Aut"
"Mitsubishi","Diamant","1993","Gasoline",12705,3,"Med"
"Mitsubishi","Diamant","1992","Gasoline",11342,3,"Med"
"Mitsubishi","Diamant","1991","Gasoline",9042,3,"Med"
"Mitsubishi","L200","2017","Gasoline",81515,2.4,"Med"
"Mitsubishi","L200","2016","Gasoline",72468,2.4,"Med"
"Mitsubishi","Lancer","2016","Gasoline",108160,2,"Aut"
"Mitsubishi","Lancer","2016","Gasoline",85979,2,"Aut"
"Mitsubishi","Lancer","2016","Gasoline",103658,2,"Aut"
"Mitsubishi","Lancer","Zero KM","Gasoline",79896,2,"Aut"
"Mitsubishi","Lancer","2019","Gasoline",73501,2,"Aut"
"Mitsubishi","Lancer","2018","Gasoline",70562,2,"Aut"
"Mitsubishi","Lancer","2016","Gasoline",62666,2,"Aut"
"Mitsubishi","Lancer","1995","Gasoline",7629,1.8,"Med"
"Mitsubishi","Lancer","1994","Gasoline",6992,1.8,"Med"
"Mitsubishi","Lancer","1993","Gasoline",6536,1.8,"Med"
"Mitsubishi","Lancer","2013","Gasoline",81926,2,"Med"
"Mitsubishi","Lancer","2012","Gasoline",74658,2,"Med"
"Mitsubishi","Lancer","2011","Gasoline",72211,2,"Med"
"Mitsubishi","Lancer","2010","Gasoline",69898,2,"Med"
"Mitsubishi","Pajero","Zero KM","Diesel",161787,3.2,"Aut"
"Mitsubishi","Pajero","2018","Diesel",152409,3.2,"Aut"
"Mitsubishi","Pajero","2017","Diesel",147517,3.2,"Aut"
"Nissan","GT-R","Zero KM","Gasoline",910000,3.8,"Aut"
"Nissan","GT-R","2017","Gasoline",741874,3.8,"Aut"
"Nissan","Infinit","1992","Gasoline",8844,3,"Med"
"Nissan","Infinit","1991","Gasoline",8415,3,"Med"
"Nissan","MARCH","2017","Gasoline",33740,1,"Med"
"Nissan","MARCH","Zero KM","Gasoline",61133,1.6,"Aut"
"Nissan","MARCH","2018","Gasoline",54827,1.6,"Aut"
"Nissan","MARCH","2017","Gasoline",50658,1.6,"Aut"
"Nissan","MARCH","Zero KM","Gasoline",53229,1.6,"Med"
"Nissan","MARCH","2017","Gasoline",46253,1.6,"Med"
"Nissan","MARCH","Zero KM","Gasoline",56333,1.6,"Aut"
"Nissan","MARCH","2018","Gasoline",51490,1.6,"Aut"
"Nissan","MARCH","2017","Gasoline",48458,1.6,"Aut"
"Nissan","MARCH","Zero KM","Gasoline",50916,1.6,"Med"
"Nissan","MARCH","2018","Gasoline",46155,1.6,"Med"
"Nissan","MARCH","2017","Gasoline",44173,1.6,"Med"
"Nissan","Micra","1995","Gasoline",4169,1,"Med"
"Nissan","Pathfinder","2001","Gasoline",26186,3.3,"Med"
"Nissan","Pathfinder","2000","Gasoline",25171,3.3,"Med"
"Nissan","Pathfinder","1999","Gasoline",20075,3.3,"Med"
"Nissan","Pathfinder","1998","Gasoline",19237,3.3,"Med"
"Nissan","Pathfinder","1997","Gasoline",18413,3.3,"Med"
"Nissan","Pathfinder","1996","Gasoline",16871,3.3,"Med"
"Nissan","Pathfinder","2005","Gasoline",36353,3.5,"Med"
"Nissan","Pathfinder","2004","Gasoline",30396,3.5,"Med"
"Nissan","Pathfinder","2003","Gasoline",28653,3.5,"Med"
"Nissan","Pathfinder","2002","Gasoline",27354,3.5,"Med"
"Nissan","Pathfinder","2001","Gasoline",26545,3.5,"Med"
"Nissan","Pathfinder","2000","Gasoline",28208,3.3,"Med"
"Nissan","Pathfinder","1999","Gasoline",21943,3.3,"Med"
"Nissan","Pathfinder","1998","Gasoline",21135,3.3,"Med"
"Nissan","Pathfinder","1997","Gasoline",20163,3.3,"Med"
"Nissan","Pathfinder","1996","Gasoline",17573,3.3,"Med"
"Nissan","Pathfinder","1996","Diesel",19084,2.7,"Med"
"Nissan","Pathfinder","1995","Diesel",18378,2.7,"Med"
"Nissan","Pathfinder","1994","Diesel",17771,2.7,"Med"
"Nissan","Pathfinder","1993","Diesel",14946,2.7,"Med"
"Nissan","Pick-Up","1995","Diesel",14340,2.7,"Med"
"Nissan","Pick-Up","1994","Diesel",12125,2.7,"Med"
"Nissan","Pick-Up","1993","Diesel",11709,2.7,"Med"
"Nissan","Pick-Up","1992","Diesel",10794,2.7,"Med"
"Nissan","Primera","2000","Gasoline",13902,2,"Med"
"Nissan","Primera","1999","Gasoline",12542,2,"Med"
"Nissan","Primera","1998","Gasoline",11052,2,"Med"
"Nissan","Primera","1997","Gasoline",10632,2,"Med"
"Nissan","Quest","1995","Gasoline",12475,3,"Med"
"Nissan","Sentra","2016","Gasoline",61685,2,"Aut"
"Nissan","Sentra","2015","Gasoline",56474,2,"Aut"
"Nissan","Sentra","2014","Gasoline",51848,2,"Aut"
"Nissan","Sentra","2013","Gasoline",38509,2,"Aut"
"Nissan","Sentra","2012","Gasoline",35445,2,"Aut"
"Nissan","Sentra","2011","Gasoline",34251,2,"Aut"
"Nissan","Sentra","2010","Gasoline",33056,2,"Aut"
"Nissan","Sentra","2009","Gasoline",28500,2,"Aut"
"Nissan","Sentra","2008","Gasoline",27313,2,"Aut"
"Nissan","Sentra","2007","Gasoline",24576,2,"Aut"
"Nissan","VERSA","Zero KM","Gasoline",53075,1.6,"Med"
"Nissan","VERSA","2018","Gasoline",47571,1.6,"Med"
"Nissan","VERSA","2017","Gasoline",44793,1.6,"Med"
"Nissan","VERSA","Zero KM","Gasoline",67370,1.6,"Aut"
"Nissan","VERSA","2018","Gasoline",61059,1.6,"Aut"
"Nissan","VERSA","2017","Gasoline",59094,1.6,"Aut"
"Nissan","VERSA","Zero KM","Gasoline",62998,1.6,"Med"
"Nissan","VERSA","2018","Gasoline",56621,1.6,"Med"
"Nissan","VERSA","2017","Gasoline",53797,1.6,"Med"
"Nissan","VERSA","2016","Gasoline",47116,1.6,"Med"
"Nissan","VERSA","Zero KM","Gasoline",59492,1.6,"Aut"
"Nissan","VERSA","2018","Gasoline",54712,1.6,"Aut"
"Nissan","VERSA","2017","Gasoline",53030,1.6,"Aut"
"Nissan","VERSA","Zero KM","Gasoline",56731,1.6,"Med"
"Nissan","VERSA","2018","Gasoline",49450,1.6,"Med"
"Nissan","VERSA","2017","Gasoline",47679,1.6,"Med"
"Nissan","VERSA","2016","Gasoline",41966,1.6,"Med"
"Nissan","VERSA","Zero KM","Gasoline",68398,1.6,"Aut"
"Nissan","VERSA","2018","Gasoline",62710,1.6,"Aut"
"Nissan","VERSA","2017","Gasoline",60153,1.6,"Aut"
"Peugeot","206","2008","Gasoline",15618,1.4,"Med"
"Peugeot","206","2007","Gasoline",15010,1.4,"Med"
"Peugeot","207","2013","Gasoline",27394,1.6,"Med"
"Peugeot","207","2012","Gasoline",26399,1.6,"Med"
"Peugeot","207","2011","Gasoline",24866,1.6,"Med"
"Peugeot","207","2010","Gasoline",23286,1.6,"Med"
"Peugeot","207","2009","Gasoline",20814,1.6,"Med"
"Peugeot","207","2013","Gasoline",26148,1.6,"Med"
"Peugeot","207","2012","Gasoline",24989,1.6,"Med"
"Peugeot","207","2011","Gasoline",22824,1.6,"Med"
"Peugeot","207","2010","Gasoline",20671,1.6,"Med"
"Peugeot","207","2009","Gasoline",19844,1.6,"Med"
"Peugeot","207","2013","Gasoline",23200,1.4,"Med"
"Peugeot","207","2012","Gasoline",22352,1.4,"Med"
"Peugeot","207","2011","Gasoline",21590,1.4,"Med"
"Peugeot","207","2010","Gasoline",20308,1.4,"Med"
"Peugeot","207","2009","Gasoline",19149,1.4,"Med"
"Peugeot","207","2013","Gasoline",24946,1.4,"Med"
"Peugeot","207","2012","Gasoline",23064,1.4,"Med"
"Peugeot","207","2011","Gasoline",22074,1.4,"Med"
"Peugeot","207","2010","Gasoline",20394,1.4,"Med"
"Peugeot","207","2009","Gasoline",19408,1.4,"Med"
"Peugeot","207","2013","Gasoline",29486,1.6,"Aut"
"Peugeot","207","2012","Gasoline",25066,1.6,"Aut"
"Peugeot","207","2011","Gasoline",23085,1.6,"Aut"
"Peugeot","207","2010","Gasoline",22257,1.6,"Aut"
"Peugeot","207","2009","Gasoline",20626,1.6,"Aut"
"Peugeot","207","2012","Gasoline",19936,1.4,"Med"
"Peugeot","207","2011","Gasoline",18057,1.4,"Med"
"Peugeot","207","2010","Gasoline",16678,1.4,"Med"
"Peugeot","207","2009","Gasoline",14980,1.4,"Med"
"Peugeot","207","2012","Gasoline",22691,1.4,"Med"
"Peugeot","207","2011","Gasoline",19324,1.4,"Med"
"Peugeot","207","2010","Gasoline",18347,1.4,"Med"
"Peugeot","207","2009","Gasoline",16769,1.4,"Med"
"Peugeot","208","2014","Gasoline",40870,1.6,"Med"
"Peugeot","RCZ","2015","Gasoline",104900,1.6,"Aut"
"Peugeot","RCZ","2014","Gasoline",101121,1.6,"Aut"
"Peugeot","RCZ","2013","Gasoline",84023,1.6,"Aut"
"Peugeot","RCZ","2012","Gasoline",79334,1.6,"Aut"
"Renault","21","1994","Gasoline",4680,2,"Med"
"Renault","21","1993","Gasoline",3734,2,"Med"
"Renault","21","1992","Gasoline",2954,2,"Med"
"Renault","21","1994","Gasoline",4702,2.2,"Med"
"Renault","21","1993","Gasoline",3843,2.2,"Med"
"Renault","21","1992","Gasoline",3478,2.2,"Med"
"Renault","21","1994","Gasoline",5156,2.2,"Med"
"Renault","21","1993","Gasoline",4859,2.2,"Med"
"Renault","21","1992","Gasoline",3916,2.2,"Med"
"Renault","21","1994","Gasoline",5566,2.2,"Med"
"Renault","21","1993","Gasoline",5021,2.2,"Med"
"Renault","21","1992","Gasoline",4836,2.2,"Med"
"Renault","Clio","2008","Gasoline",16300,1.6,"Med"
"Renault","Clio","2007","Gasoline",15745,1.6,"Med"
"Renault","Clio","2006","Gasoline",14479,1.6,"Med"
"Renault","Clio","2005","Gasoline",13999,1.6,"Med"
"Renault","Clio","2008","Gasoline",13463,1,"Med"
"Renault","Clio","2007","Gasoline",12858,1,"Med"
"Renault","Clio","2006","Gasoline",12001,1,"Med"
"Renault","Clio","2005","Gasoline",10980,1,"Med"
"Renault","Clio","2004","Gasoline",10451,1,"Med"
"Renault","Clio","2003","Gasoline",9848,1,"Med"
"Renault","Clio","2016","Gasoline",21683,1,"Med"
"Renault","Clio","2015","Gasoline",19257,1,"Med"
"Renault","Clio","2014","Gasoline",17850,1,"Med"
"Renault","Clio","2013","Gasoline",16983,1,"Med"
"Renault","Clio","2006","Gasoline",14169,1,"Med"
"Renault","Clio","2005","Gasoline",12393,1,"Med"
"Renault","Clio","2004","Gasoline",11955,1,"Med"
"Renault","Clio","2003","Gasoline",11198,1,"Med"
"Renault","Clio","2008","Gasoline",13758,1,"Med"
"Renault","Clio","2007","Gasoline",13158,1,"Med"
"Renault","Clio","2006","Gasoline",12040,1,"Med"
"Renault","Clio","2008","Gasoline",14982,1,"Med"
"Renault","Clio","2007","Gasoline",13774,1,"Med"
"Renault","Clio","2006","Gasoline",13201,1,"Med"
"Renault","Clio","2005","Gasoline",12795,1,"Med"
"Renault","Clio","2008","Gasoline",15912,1.6,"Med"
"Renault","Clio","2007","Gasoline",14921,1.6,"Med"
"Renault","Clio","2006","Gasoline",14323,1.6,"Med"
"Renault","Clio","2005","Gasoline",13900,1.6,"Med"
"Renault","Clio","2006","Gasoline",15210,1,"Med"
"Renault","Clio","2005","Gasoline",13831,1,"Med"
"Renault","Clio","2004","Gasoline",12693,1,"Med"
"Renault","Clio","2005","Gasoline",15528,1.6,"Med"
"Renault","Clio","2004","Gasoline",13915,1.6,"Med"
"Renault","Clio","2006","Gasoline",15987,1.6,"Med"
"Renault","Clio","2005","Gasoline",15129,1.6,"Med"
"Renault","Clio","2006","Gasoline",14129,1,"Med"
"Renault","Clio","2005","Gasoline",12319,1,"Med"
"Renault","Clio","2004","Gasoline",11545,1,"Med"
"Renault","Clio","2006","Gasoline",14175,1,"Med"
"Renault","Clio","2005","Gasoline",12881,1,"Med"
"Renault","Clio","2004","Gasoline",12417,1,"Med"
"Renault","Clio","2008","Gasoline",15266,1,"Med"
"Renault","Clio","2007","Gasoline",13893,1,"Med"
"Renault","Clio","2006","Gasoline",13253,1,"Med"
"Renault","Clio","2008","Gasoline",15580,1,"Med"
"Renault","Clio","2007","Gasoline",15077,1,"Med"
"Renault","Clio","2006","Gasoline",14481,1,"Med"
"Renault","Clio","2007","Gasoline",16236,1,"Med"
"Renault","Clio","2006","Gasoline",15575,1,"Med"
"Renault","Clio","2009","Gasoline",17106,1,"Med"
"Renault","Clio","2008","Gasoline",14766,1,"Med"
"Renault","Clio","2007","Gasoline",13684,1,"Med"
"Renault","Clio","2006","Gasoline",12763,1,"Med"
"Renault","Clio","2009","Gasoline",17900,1,"Med"
"Renault","Clio","2008","Gasoline",16964,1,"Med"
"Renault","Clio","2007","Gasoline",16060,1,"Med"
"Renault","Clio","2006","Gasoline",14442,1,"Med"
"Renault","Clio","2009","Gasoline",19654,1,"Med"
"Renault","Clio","2008","Gasoline",17695,1,"Med"
"Renault","Clio","2007","Gasoline",16587,1,"Med"
"Renault","Clio","2006","Gasoline",15297,1,"Med"
"Renault","Megane","2010","Gasoline",24900,2,"Med"
"Renault","Megane","2009","Gasoline",22259,2,"Med"
"Renault","Megane","2008","Gasoline",21468,2,"Med"
"Suzuki","Grand","2015","Gasoline",73551,2,"Aut"
"Suzuki","Grand","2014","Gasoline",65766,2,"Aut"
"Suzuki","Grand","2013","Gasoline",59130,2,"Aut"
"Suzuki","SX4","2015","Gasoline",59091,2,"Aut"
"Suzuki","SX4","2014","Gasoline",45739,2,"Aut"
"Suzuki","SX4","2013","Gasoline",43565,2,"Aut"
"Suzuki","SX4","2012","Gasoline",35791,2,"Aut"
"Suzuki","SX4","2011","Gasoline",34724,2,"Aut"
"Suzuki","SX4","2010","Gasoline",33027,2,"Aut"
"Suzuki","SX4","2009","Gasoline",32005,2,"Aut"
"Suzuki","SX4","2008","Gasoline",30917,2,"Aut"
"Suzuki","SX4","2015","Gasoline",59042,2,"Med"
"Suzuki","SX4","2014","Gasoline",41979,2,"Med"
"Suzuki","SX4","2013","Gasoline",36451,2,"Med"
"Suzuki","SX4","2012","Gasoline",32904,2,"Med"
"Suzuki","SX4","2011","Gasoline",31714,2,"Med"
"Suzuki","SX4","2010","Gasoline",30774,2,"Med"
"Suzuki","SX4","2009","Gasoline",29844,2,"Med"
"Suzuki","SX4","2008","Gasoline",28344,2,"Med"
"Volvo","S70","1999","Gasoline",15559,2.5,"Med"
"Volvo","S70","1998","Gasoline",13680,2.5,"Med"
"Volvo","S70","1997","Gasoline",12273,2.5,"Med"
"Volvo","S70","2000","Gasoline",18118,2.5,"Aut"
"Volvo","S70","1999","Gasoline",17129,2.5,"Aut"
"Volvo","S70","1998","Gasoline",16627,2.5,"Aut"
"Volvo","S70","1997","Gasoline",13755,2.5,"Aut"
"Volvo","S70","1999","Gasoline",17541,2.3,"Med"
"Volvo","S70","1998","Gasoline",15948,2.3,"Med"
"Volvo","S70","1997","Gasoline",15170,2.3,"Med"
"Volvo","S80","2004","Gasoline",41559,2.9,"Med"
"Volvo","S80","2002","Gasoline",29226,2.9,"Med"
"Volvo","S80","2001","Gasoline",23178,2.9,"Med"
"Volvo","S80","2000","Gasoline",22259,2.9,"Med"
"Volvo","S80","1999","Gasoline",21579,2.9,"Med"
"Volvo","S80","1998","Gasoline",19754,2.9,"Med"
"Volvo","S80","2001","Gasoline",29220,2.9,"Med"
"Volvo","S80","2000","Gasoline",25529,2.9,"Med"
"Volvo","S80","2009","Gasoline",59076,3.2,"Aut"
"Volvo","S80","2008","Gasoline",54913,3.2,"Aut"
"Volvo","S80","2007","Gasoline",46608,3.2,"Aut"
"Volvo","XC","2016","Gasoline",199195,2,"Med"
"Volvo","XC","2015","Gasoline",152652,2,"Med"
"Volvo","XC40","Zero KM","Gasoline",199900,2,"Med"
"Volvo","XC40","2018","Gasoline",177880,2,"Med"
"Volvo","XC40","Zero KM","Gasoline",190200,2,"Med"
"Volvo","XC40","2018","Gasoline",168756,2,"Med"
"Volvo","XC40","Zero KM","Gasoline",210030,2,"Med"
"Volvo","XC40","2018","Gasoline",186200,2,"Med"
"Volvo","XC40","Zero KM","Gasoline",219478,2,"Med"
"Volvo","XC40","2018","Gasoline",195252,2,"Med"
